13 0.15185416666666668 0.6118055555555556 0.09253645833333331 0.3636018518518519
4 0.47265625 0.45787962962962964 0.10739062500000003 0.15575000000000003
4 0.7192916666666667 0.6794074074074073 0.3089999999999999 0.46549074074074076
13 0.3360052083333333 0.42824074074074076 0.032572916666666646 0.12611111111111115
13 0.3935 0.4091574074074074 0.034249999999999996 0.11387962962962964
4 0.7323229166666666 0.3915648148148148 0.07464062499999997 0.08979629629629632
4 0.6570208333333334 0.37156481481481485 0.053041666666666744 0.09423148148148146
4 0.41433333333333333 0.3585925925925926 0.07591666666666666 0.046074074074074066
13 0.8109635416666666 0.4069351851851852 0.03265104166666669 0.09462037037037042
13 0.8636666666666667 0.43027777777777776 0.03524999999999991 0.10425000000000002
4 0.6084791666666667 0.35766666666666663 0.02928645833333334 0.04792592592592592
11 0.73690625 0.12003703703703703 0.025479166666666705 0.043046296296296305
11 0.839921875 0.13486111111111113 0.020578125000000114 0.043046296296296305
11 0.9392864583333334 0.31858333333333333 0.023989583333333304 0.04013888888888891
12 0.7590885416666667 0.8093981481481481 0.10109374999999995 0.06621296296296296