13 0.05321875 0.5312222222222223 0.06690104166666666 0.2135555555555555
4 0.26685416666666667 0.6431018518518518 0.2542135416666666 0.37805555555555553
4 0.45255729166666664 0.4336111111111111 0.08904687500000001 0.1331481481481482
13 0.21476562500000002 0.45212962962962966 0.03338541666666668 0.12575000000000006
13 0.28892708333333333 0.41860185185185184 0.035067708333333295 0.09202777777777776
13 0.338296875 0.4161944444444445 0.032156250000000004 0.09091666666666672
23 0.6767083333333334 0.3663796296296296 0.10741666666666679 0.17276851851851854
3 0.7626354166666667 0.3484166666666667 0.08764062499999999 0.11089814814814813
3 0.91053125 0.3511944444444445 0.1664791666666666 0.1794259259259259
13 0.7626354166666667 0.39934259259259264 0.037348958333333356 0.11276851851851849
13 0.8014843749999999 0.41324074074074074 0.037968750000000044 0.11462037037037033
13 0.8558541666666667 0.41583333333333333 0.04254166666666658 0.11239814814814814
13 0.902828125 0.45398148148148154 0.06357291666666663 0.10722222222222223
13 0.9582395833333333 0.48621296296296296 0.07439583333333341 0.13464814814814816
12 0.23527604166666669 0.7447592592592593 0.08889062500000001 0.0591574074074075
12 0.45328124999999997 0.46675925925925926 0.039484374999999974 0.04018518518518522