13 0.04854166666666667 0.7455555555555556 0.09708333333333334 0.5088888888888888
19 0.9870833333333333 0.2793240740740741 0.025833333333333285 0.06531481481481478
13 0.387359375 0.5977314814814815 0.10695312499999995 0.409537037037037
4 0.30715625 0.4100833333333333 0.07152604166666662 0.09721296296296297
13 0.2667395833333333 0.42212962962962963 0.03568749999999999 0.11758333333333335
13 0.8870052083333333 0.5601203703703703 0.10974479166666669 0.256537037037037
13 0.7636770833333333 0.47417592592592595 0.06472395833333332 0.18835185185185185
13 0.6874322916666666 0.4776944444444444 0.05888020833333343 0.19909259259259257
4 0.7770104166666666 0.4150925925925926 0.10472395833333342 0.11091666666666664
4 0.693890625 0.3984166666666667 0.07513020833333334 0.08498148148148145
13 0.6201458333333334 0.38693518518518516 0.02261979166666658 0.06942592592592595
13 0.5446145833333333 0.36733333333333335 0.01341666666666678 0.05419444444444442
13 0.4863072916666667 0.36550925925925926 0.01690104166666669 0.050537037037037075
13 0.448875 0.36303703703703705 0.01771874999999999 0.05839814814814819
4 0.35227083333333337 0.38169444444444445 0.04330729166666671 0.06645370370370368
4 0.3814427083333333 0.36033333333333334 0.028098958333333358 0.04949074074074078
13 0.9413697916666667 0.4239722222222222 0.06350520833333324 0.08425