3 0.1714609375 0.6574027777777778 0.3429140625 0.6851805555555556
4 0.4554296875 0.4571805555555556 0.09482031249999992 0.1365694444444445
13 0.4040078125 0.5474583333333334 0.05447656250000001 0.19212500000000005
13 0.5758671875 0.6631944444444444 0.07837499999999994 0.2152777777777778
13 0.5901796874999999 0.5208333333333334 0.04453125 0.14351388888888894
13 0.579109375 0.4872638888888889 0.060921875000000014 0.11805555555555555
13 0.45284375 0.7997638888888889 0.12649218750000002 0.2893472222222222
20 0.5426562500000001 0.6261527777777778 0.021882812499999994 0.12731944444444437
20 0.21003124999999997 0.9212916666666667 0.07017187500000002 0.15740277777777767
20 0.5888671875 0.9004583333333334 0.08044531250000002 0.19906944444444435
20 0.6533125 0.8923611111111112 0.04787499999999998 0.2152777777777778
20 0.6793515625000001 0.7881944444444444 0.045265625000000045 0.1597222222222222
20 0.7060390625 0.6608749999999999 0.046554687499999935 0.18749999999999992
20 0.6682890625 0.5462916666666666 0.02053124999999998 0.15740277777777784
20 0.76721875 0.9039305555555556 0.06996874999999995 0.1921249999999999
13 0.4860078125 0.35233333333333333 0.020023437500000085 0.08079166666666665
13 0.5438203125000001 0.316875 0.01417968750000007 0.055416666666666635
13 0.52278125 0.2984861111111111 0.016007812500000006 0.060930555555555564
4 0.5557109375 0.3006111111111111 0.02789843750000003 0.048902777777777746
4 0.6133437500000001 0.33834722222222224 0.05810156250000009 0.05931944444444445
20 0.38071875 0.3581944444444444 0.020187500000000025 0.07950000000000002
13 0.44914062499999996 0.3241944444444444 0.014195312500000057 0.06680555555555555