4 0.3930703125 0.5699583333333333 0.18610937500000002 0.22168055555555558
4 0.5740000000000001 0.5699583333333333 0.1356406249999999 0.2
4 0.5038984375 0.7906527777777778 0.21489062499999995 0.3477916666666667
4 0.1716875 0.8216805555555555 0.2888125 0.35663888888888884
4 0.371125 0.36108333333333337 0.09021874999999997 0.09951388888888886
4 0.2899453125 0.35862499999999997 0.08081250000000004 0.0847361111111111
4 0.1990625 0.4039444444444444 0.10300000000000002 0.10640277777777779
4 0.04246875 0.48868055555555556 0.0849375 0.1497499999999999
4 0.575328125 0.325625 0.04559374999999992 0.0620694444444444
4 0.62575 0.3275972222222222 0.030093749999999985 0.036458333333333336
4 0.53821875 0.3070138888888889 0.03677343749999995 0.037430555555555536
4 0.51815625 0.2817222222222222 0.022828125000000022 0.04248611111111108
4 0.53821875 0.2754027777777778 0.020273437500000036 0.025791666666666657
4 0.5678046875 0.272875 0.023695312499999944 0.03388888888888886
4 0.6192890625 0.28325 0.01498437500000005 0.01922222222222219
4 0.5983828124999999 0.3148611111111111 0.019999999999999928 0.03591666666666669
4 0.39144531250000003 0.3049305555555556 0.038148437500000035 0.025652777777777816
13 0.3708125 0.73525 0.08903125000000003 0.2707361111111112
13 0.729234375 0.5474166666666667 0.05623437500000002 0.15004166666666663
13 0.551375 0.46293055555555557 0.05296874999999997 0.10708333333333336
13 0.4211875 0.39176388888888886 0.025398437499999992 0.10186111111111115
13 0.497390625 0.34670833333333334 0.02357812500000005 0.08356944444444443
13 0.5331953125 0.34638888888888886 0.018078125000000077 0.07377777777777775
13 0.5735859375000001 0.3620555555555556 0.014960937500000071 0.06724999999999998
13 0.609765625 0.3855555555555556 0.04857812500000005 0.04766666666666674
13 0.6859609375 0.3819722222222222 0.04455468749999998 0.08487500000000002
13 0.793765625 0.84 0.11889062499999996 0.3075277777777778
13 0.135 0.4265833333333333 0.04788281250000002 0.10037499999999998
13 0.2734375 0.3824722222222222 0.030882812499999978 0.09893055555555558
13 0.325359375 0.35530555555555554 0.015585937500000036 0.07663888888888885
13 0.43840625 0.3117638888888889 0.019875000000000042 0.04527777777777781
13 0.49660937499999996 0.27344444444444443 0.016539062500000055 0.021597222222222236
13 0.5435234375 0.32769444444444445 0.012804687500000078 0.046861111111111124
13 0.6066015625000001 0.43630555555555556 0.04775781250000009 0.09076388888888892
13 0.511828125 0.4396527777777778 0.022554687499999913 0.1138194444444445
20 0.6791953125 0.5471944444444444 0.036195312499999945 0.17140277777777774
20 0.6828984375 0.8935833333333333 0.09552343749999999 0.21283333333333335
20 0.7049531250000001 0.46462499999999995 0.02446874999999995 0.11545833333333333