4 0.5732734374999999 0.5725 0.1304765625 0.20890277777777774
4 0.3944375 0.5719305555555556 0.18096875000000004 0.2465833333333333
4 0.5071484374999999 0.7876805555555555 0.21264062500000006 0.37443055555555543
4 0.577171875 0.325625 0.041078124999999945 0.06612500000000002
4 0.390921875 0.3168611111111111 0.03667968750000004 0.04258333333333337
4 0.35175 0.3368888888888889 0.05010937499999999 0.06262500000000004
4 0.13772656249999998 0.4567361111111111 0.16062499999999996 0.18084722222222227
4 0.218609375 0.3967638888888889 0.06907031249999998 0.07013888888888889
4 0.037531249999999995 0.4951944444444445 0.0750546875 0.13476388888888885
4 0.6264765625 0.32937500000000003 0.030921874999999942 0.034569444444444423
13 0.5211953125 0.43701388888888887 0.03853906249999994 0.1201944444444444
13 0.5499375 0.46766666666666673 0.052976562499999956 0.10955555555555554
13 0.6512578125 0.4384722222222222 0.050226562499999974 0.09484722222222217
13 0.370828125 0.7272638888888889 0.08098437499999997 0.2690000000000001
13 0.439515625 0.3105833333333333 0.017179687500000006 0.04370833333333337
13 0.2778203125 0.38276388888888885 0.02957031250000002 0.08986111111111114
13 0.5758203125 0.3640972222222222 0.01911718750000002 0.08298611111111111
13 0.60965625 0.38865277777777774 0.04923437499999998 0.055486111111111173
13 0.6833437499999999 0.38205555555555554 0.04592187499999998 0.07727777777777776
4 0.1709921875 0.8201944444444444 0.28984375 0.3596111111111112
13 0.334578125 0.35130555555555554 0.031078124999999977 0.07961111111111115
20 0.6956249999999999 0.6595833333333333 0.03643750000000008 0.23376388888888883
20 0.6856796875 0.5012916666666667 0.023507812499999937 0.1002638888888888
13 0.3093828125 0.5303611111111112 0.05170312500000005 0.15368055555555551
13 0.5236015625 0.3325694444444444 0.01638281250000002 0.05438888888888885
4 0.45503125000000005 0.340875 0.05628124999999997 0.060805555555555516
4 0.5612109375000001 0.28487500000000004 0.026843749999999923 0.02318055555555555
4 0.5393828125 0.27958333333333335 0.022296874999999973 0.024833333333333325
13 0.72975 0.5439166666666667 0.06190625000000001 0.14863888888888888
4 0.4898203125 0.311375 0.0384765625 0.04606944444444447
13 0.4117578125 0.43262500000000004 0.03254687500000002 0.0700694444444445
13 0.4855390625 0.3743888888888889 0.02134374999999995 0.07683333333333336
13 0.5477265625000001 0.3273888888888889 0.011734374999999986 0.04780555555555558
4 0.5893515625 0.25587499999999996 0.012679687500000014 0.017041666666666642
4 0.3576796875 0.38966666666666666 0.07906250000000004 0.09340277777777778
13 0.418625 0.37148611111111113 0.017976562499999994 0.06559722222222225
13 0.20672656250000002 0.5649583333333333 0.06917968749999999 0.18916666666666673