4 0.2920390625 0.3584583333333333 0.08403906250000004 0.10045833333333334
4 0.520703125 0.5066111111111111 0.15875000000000003 0.17373611111111115
4 0.3944375 0.5719305555555556 0.18096875000000004 0.2465833333333333
4 0.5071484374999999 0.7876805555555555 0.21264062500000006 0.37443055555555543
4 0.577171875 0.325625 0.041078124999999945 0.06612500000000002
4 0.390921875 0.3168611111111111 0.03667968750000004 0.04258333333333337
4 0.06059375 0.4996805555555555 0.1211875 0.20116666666666672
4 0.20335156250000003 0.4058055555555556 0.09958593750000003 0.0882222222222222
4 0.6264765625 0.32937500000000003 0.030921874999999942 0.034569444444444423
13 0.62453125 0.4677777777777778 0.054421875000000064 0.10663888888888885
13 0.370828125 0.7272638888888889 0.08098437499999997 0.2690000000000001
13 0.439515625 0.3105833333333333 0.017179687500000006 0.04370833333333337
13 0.2796015625 0.3765555555555556 0.021890624999999986 0.0648055555555555
13 0.6285078125 0.40551388888888895 0.055578125000000075 0.07843055555555559
13 0.2178671875 0.444875 0.0366171875 0.10419444444444442
4 0.1709921875 0.8201944444444444 0.28984375 0.3596111111111112
20 0.653015625 0.8908333333333333 0.054726562499999964 0.2183333333333334
13 0.556453125 0.3749583333333334 0.018046874999999928 0.06861111111111108
12 0.464359375 0.9273888888888889 0.034375 0.044166666666666604
12 0.3510859375 0.6053194444444444 0.02260156249999996 0.0380694444444444
12 0.5662109375 0.5310555555555556 0.018492187500000055 0.023527777777777852
12 0.34102343749999997 0.8150833333333334 0.01807812499999999 0.028166666666666628
12 0.07466406249999999 0.9620277777777777 0.024007812499999993 0.049486111111111265
13 0.33709375 0.3551111111111111 0.024507812500000004 0.0680833333333333
13 0.5047734375 0.35281944444444446 0.02058593749999993 0.06487499999999997
20 0.68125 0.6177083333333333 0.032218750000000004 0.19530555555555548
4 0.477140625 0.35384722222222226 0.04807812499999997 0.05670833333333331
13 0.5184296875000001 0.33231944444444445 0.016539062500000055 0.04548611111111111
13 0.44976562500000006 0.3972222222222222 0.025789062499999994 0.09294444444444443
13 0.46917187499999996 0.31327777777777777 0.01283593750000005 0.04788888888888891
13 0.387796875 0.38768055555555553 0.023406250000000028 0.08190277777777781
4 0.3566796875 0.33686111111111117 0.04959375000000001 0.05870833333333335
20 0.7252890625 0.4291388888888889 0.017687500000000078 0.10904166666666665
13 0.540109375 0.3216527777777778 0.012546874999999957 0.05672222222222219
13 0.5306640625 0.30822222222222223 0.010453125000000086 0.04329166666666669
13 0.49078906250000004 0.3123194444444444 0.015499999999999936 0.045527777777777736
13 0.5763125 0.3666111111111111 0.01789062500000007 0.07723611111111113
13 0.5514453125000001 0.30672222222222223 0.008445312499999958 0.04477777777777779