13 0.46903124999999996 0.4616203703703704 0.03628645833333337 0.10356481481481483
13 0.5561927083333333 0.4252592592592592 0.021390625000000087 0.07050925925925924
13 0.5568124999999999 0.5104629629629629 0.036677083333333374 0.11604629629629629
4 0.6838385416666667 0.4035925925925926 0.040364583333333336 0.05508333333333334
12 0.5493802083333333 0.5284537037037037 0.010239583333333257 0.013953703703703645
4 0.2701822916666667 0.5004722222222222 0.13089062499999998 0.12983333333333336
4 0.37538020833333335 0.45601851851851855 0.10798958333333329 0.11500000000000005
4 0.5474479166666666 0.3939722222222222 0.06385937500000001 0.07609259259259266
4 0.7530520833333333 0.38063888888888886 0.03181249999999996 0.06423148148148149
23 0.479328125 0.40898148148148145 0.08759375000000004 0.11721296296296299
12 0.22269791666666666 0.5216018518518519 0.01810937499999999 0.015620370370370269
12 0.528859375 0.40499999999999997 0.007484374999999943 0.013277777777777807