4 0.07863020833333333 0.4933888888888889 0.15726041666666665 0.20899074074074078
4 0.2848333333333333 0.41534259259259254 0.14366666666666664 0.15343518518518517
4 0.4049791666666666 0.38558333333333333 0.10129166666666668 0.10450000000000001
4 0.5109895833333334 0.36772222222222223 0.06932291666666668 0.07672222222222223
4 0.5608333333333333 0.35912962962962963 0.04553125000000004 0.054231481481481526
4 0.5998958333333333 0.3492037037037037 0.04479687500000011 0.05026851851851848
4 0.8129583333333333 0.4293425925925926 0.042583333333333445 0.06399074074074075
4 0.8142708333333334 0.3823796296296297 0.032005208333333236 0.02580555555555556
4 0.7900677083333334 0.36587037037037035 0.06283854166666672 0.042805555555555576
12 0.225859375 0.45446296296296296 0.011666666666666655 0.016833333333333287
12 0.36721354166666664 0.40894444444444444 0.010411458333333339 0.01453703703703708
12 0.49243750000000003 0.38599074074074075 0.012161458333333286 0.01147222222222221
13 0.718609375 0.3870925925925926 0.021671875000000066 0.07479629629629628
4 0.5652239583333334 0.47975 0.147765625 0.17887037037037043
4 0.68196875 0.3565648148148148 0.05003124999999997 0.06292592592592595
13 0.7705885416666667 0.3400462962962963 0.01303124999999999 0.03831481481481481
13 0.37025 0.6913148148148148 0.1397552083333333 0.2586388888888888