4 0.5102395833333333 0.47685185185185186 0.11071354166666664 0.13095370370370377
13 0.5890989583333333 0.5046296296296297 0.03927604166666659 0.12301851851851858
13 0.6393177083333333 0.47883333333333333 0.025124999999999887 0.10052777777777772
13 0.69153125 0.3782314814814815 0.011203125000000114 0.03771296296296298
13 0.7026770833333333 0.3680833333333333 0.008119791666666742 0.03223148148148143
22 0.7163645833333334 0.39161111111111113 0.02134895833333322 0.04899074074074071
13 0.7113802083333333 0.36260185185185184 0.006666666666666762 0.029009259259259297
12 0.479 0.5094259259259258 0.016250000000000025 0.012120370370370295
12 0.582515625 0.5270555555555556 0.00847916666666677 0.010472222222222171
12 0.633734375 0.49303703703703705 0.008020833333333382 0.010194444444444437
4 0.2701822916666667 0.5023240740740741 0.13089062499999998 0.12612962962962965
4 0.376734375 0.45546296296296296 0.10736458333333339 0.11018518518518519
23 0.479328125 0.40841666666666665 0.08759375000000004 0.11239814814814814
4 0.5475520833333333 0.39119444444444446 0.06572916666666663 0.0668333333333334
12 0.22179166666666666 0.5233888888888889 0.017411458333333307 0.014518518518518578
12 0.5285729166666667 0.4050648148148148 0.01004687500000004 0.015009259259259293