4 0.43832812500000007 0.587037037037037 0.2407552083333334 0.25555555555555554
4 0.07890625 0.49249074074074073 0.1578125 0.19701851851851848
20 0.1430625 0.5218888888888888 0.034703124999999994 0.14933333333333332
4 0.269484375 0.421962962962963 0.16215624999999995 0.15694444444444444
4 0.40422395833333336 0.3902407407407407 0.09942187500000005 0.09025000000000002
4 0.4225260416666667 0.4557962962962963 0.19456249999999997 0.1595648148148148
4 0.5100625000000001 0.36892592592592593 0.07254687500000004 0.08340740740740744
4 0.5623854166666666 0.35721296296296295 0.048406250000000026 0.07300000000000002
4 0.5989739583333333 0.34810185185185183 0.04109375000000005 0.05477777777777775
4 0.6246770833333334 0.3324907407407407 0.05738020833333337 0.04956481481481479
13 0.7175260416666667 0.4019444444444445 0.02355208333333323 0.07463888888888891
13 0.7605572916666666 0.3914074074074074 0.018015625000000077 0.061620370370370325
4 0.703453125 0.739287037037037 0.16915104166666667 0.2827962962962964
4 0.7661979166666666 0.5681018518518518 0.09417187499999997 0.1580370370370371
4 0.8020364583333334 0.44943518518518516 0.04774999999999992 0.08303703703703709
4 0.807671875 0.40694444444444444 0.0481354166666667 0.04640740740740741
4 0.8223385416666668 0.37395370370370373 0.02463541666666676 0.03223148148148143
4 0.7998020833333332 0.3623796296296296 0.015781250000000094 0.04708333333333335