13 0.40725 0.6175833333333334 0.09265625000000005 0.215462962962963
23 0.426546875 0.4633333333333333 0.1451666666666667 0.20937962962962958
13 0.7019895833333333 0.34431481481481485 0.015598958333333239 0.05266666666666666
13 0.8546614583333334 0.4884814814814814 0.06214062499999997 0.11417592592592588
13 0.90096875 0.4616851851851852 0.04314583333333341 0.09383333333333331
23 0.7719270833333333 0.5215648148148148 0.10201041666666673 0.2710092592592593
4 0.7012916666666666 0.772 0.20383854166666662 0.34389814814814823
4 0.5365156249999999 0.3618796296296296 0.05879166666666672 0.07504629629629625
4 0.10296875 0.4911296296296296 0.17826562499999998 0.19714814814814816
4 0.47446875 0.371462962962963 0.07678125000000004 0.08839814814814817
23 0.6598489583333333 0.3097962962962963 0.06606770833333328 0.06557407407407412
4 0.7444322916666667 0.3474722222222222 0.03329687499999991 0.05060185185185183
12 0.683953125 0.8659907407407407 0.03365624999999994 0.05141666666666664
12 0.7673645833333332 0.6080740740740741 0.022119791666666562 0.027518518518518543
12 0.38023437499999996 0.5309166666666667 0.018416666666666616 0.020074074074074133
4 0.261453125 0.48589814814814813 0.18195833333333336 0.20183333333333334
4 0.5957083333333333 0.3458888888888889 0.05423437500000006 0.05545370370370369
13 0.58865625 0.5077037037037038 0.05024479166666656 0.13992592592592598
13 0.5353802083333333 0.4194537037037037 0.03934895833333337 0.10217592592592595
13 0.5655364583333333 0.43783333333333335 0.035901041666666585 0.11519444444444447
13 0.5914895833333333 0.39796296296296296 0.02711979166666675 0.09206481481481477
13 0.6454583333333334 0.3848611111111111 0.027411458333333392 0.07679629629629635