4 0.5863323572474377 0.4126432291666667 0.08685212298682292 0.10027343749999999
4 0.14656661786237188 0.46727864583333334 0.16993411420204976 0.1838281250000001
13 0.36734260614934117 0.66203125 0.11431918008784771 0.25453124999999993
13 0.7726793557833089 0.8002213541666667 0.09338213762811123 0.29695312499999993
4 0.02745241581259151 0.4361979166666667 0.05490483162518302 0.15625
4 0.3075475841874085 0.421875 0.13413616398243047 0.11687499999999999
4 0.41826500732064426 0.38936197916666665 0.08744509516837486 0.09307291666666669
4 0.5045534407027819 0.3662239583333333 0.07521961932650073 0.08929687500000001
4 0.5543557833089312 0.35139322916666665 0.054385065885797924 0.07610677083333335
4 0.5962225475841875 0.3423307291666667 0.038989751098096624 0.0579817708333333
13 0.6797803806734993 0.36005208333333333 0.01896778916544662 0.052213541666666696
20 0.845710102489019 0.8069140625000001 0.06502928257686671 0.2661197916666668
20 0.8829062957540263 0.5776953125000001 0.03338213762811121 0.13420572916666673
20 0.8948023426061493 0.438671875 0.014685212298682243 0.07328124999999996
20 0.8828696925329429 0.43250000000000005 0.011932650073206576 0.06247395833333336
20 0.7880893118594436 0.4181119791666667 0.013228404099560881 0.06566406249999994
4 0.6874084919472914 0.3471223958333333 0.036639824304538764 0.04393229166666668
4 0.7178038067349927 0.33375 0.02171303074670577 0.029335937499999964
4 0.7479721815519765 0.3568098958333333 0.028184480234260616 0.032669270833333375
4 0.7991508052708639 0.359375 0.021515373352854958 0.03209635416666664
4 0.8131039531478771 0.392890625 0.03530746705710104 0.03826822916666665
4 0.8196266471449487 0.37967447916666663 0.02904831625183004 0.028945312500000025
4 0.7689238653001463 0.3389713541666666 0.02049048316251814 0.031223958333333357
4 0.7509370424597365 0.32964843749999995 0.021039531478770055 0.027799479166666658
4 0.7821010248901903 0.34311197916666664 0.013916544655929881 0.02903645833333331
4 0.8133967789165446 0.34391927083333335 0.014992679355783323 0.0297005208333333
13 0.7377379209370425 0.38671875 0.014948755490483216 0.062044270833333304
13 0.7515300146412883 0.37497395833333336 0.01046120058565151 0.05281249999999993
13 0.7626500732064422 0.3822005208333333 0.01434114202049791 0.05585937499999997
23 0.6653879941434846 0.31384114583333333 0.042386530014641356 0.06175781250000001