13 0.6549479166666666 0.4685185185185185 0.04918229166666658 0.10740740740740741
4 0.30293749999999997 0.6925925925925925 0.3261197916666666 0.35555555555555557
4 0.5081041666666667 0.44166666666666665 0.14912500000000004 0.1574074074074074
4 0.07630208333333334 0.49457407407407405 0.15260416666666668 0.19655555555555554
4 0.270921875 0.4204814814814815 0.1591927083333333 0.14097222222222222
4 0.402421875 0.3901481481481482 0.09932291666666669 0.09419444444444446
4 0.5957604166666666 0.3463981481481482 0.04857812499999999 0.06686111111111115
4 0.7043541666666666 0.7430000000000001 0.1699427083333333 0.299888888888889
4 0.7691874999999999 0.5790740740740741 0.09756250000000008 0.17574999999999996
4 0.8048593749999999 0.44687037037037036 0.05226041666666674 0.09189814814814815
4 0.5158125 0.3604444444444444 0.057328124999999966 0.06536111111111113
4 0.5614791666666666 0.3569814814814815 0.0452395833333334 0.0584351851851852
4 0.8199322916666667 0.38108333333333333 0.031661458333333316 0.04978703703703702
4 0.8002604166666667 0.36142592592592593 0.022343750000000048 0.03767592592592587