13 0.395546875 0.5879629629629629 0.07140624999999995 0.20833333333333334
13 0.5146666666666667 0.7256944444444444 0.059645833333333384 0.22916666666666666
13 0.6637239583333333 0.8368055555555556 0.06870312499999992 0.2847222222222222
13 0.6884635416666666 0.5057870370370371 0.03484375000000005 0.1550925925925926
4 0.5348437500000001 0.38425925925925924 0.058333333333333334 0.10185185185185185
4 0.6162135416666668 0.2604166666666667 0.03096875000000002 0.05324074074074074
4 0.7574635416666666 0.2604166666666667 0.027010416666666735 0.05787037037037037
23 0.6715416666666666 0.27314814814814814 0.02964583333333337 0.0787037037037037
13 0.043203125 0.8842592592592593 0.08640625 0.23148148148148148
12 0.4925364583333333 0.7754629629629629 0.01799479166666664 0.032407407407407406
12 0.6507135416666666 0.9085648148148148 0.024442708333333247 0.034722222222222224
12 0.6832604166666666 0.5324074074074074 0.011416666666666705 0.013888888888888888
13 0.07538541666666668 0.6120833333333333 0.05023437499999999 0.11138888888888884
13 0.103390625 0.590925925925926 0.054109374999999994 0.10234259259259257
13 0.13132812500000002 0.5666851851851852 0.05918229166666668 0.09187962962962964
13 0.154125 0.5551481481481481 0.05530208333333332 0.09021296296296302
13 0.18633854166666666 0.535537037037037 0.0582395833333333 0.08188888888888894
13 0.3106666666666667 0.44937037037037036 0.051401041666666696 0.06402777777777775
23 0.6533125 0.24971296296296297 0.03188541666666656 0.054500000000000014
4 0.6929479166666667 0.22344444444444445 0.018125000000000096 0.03286111111111112
13 0.522375 0.30260185185185184 0.03306770833333328 0.03431481481481487
13 0.47725520833333335 0.3396851851851852 0.035786458333333354 0.0514444444444444
13 0.6900729166666667 0.24863888888888885 0.00916666666666662 0.03572222222222223
13 0.7099947916666667 0.2309351851851852 0.009437499999999942 0.031203703703703692