20 0.1615625 0.7166666666666667 0.08048437499999998 0.2777777777777778
20 0.3334296875 0.2847222222222222 0.039749999999999994 0.13333333333333333
0 0.34553124999999996 0.7555555555555555 0.17643749999999997 0.2361111111111111
13 0.4435546875 0.39861111111111114 0.08349218749999991 0.19722222222222222
13 0.63125 0.32569444444444445 0.07060156249999991 0.1763888888888889
13 0.6576328124999999 0.6354166666666666 0.10367187500000004 0.31805555555555554
4 0.4334296875 0.30625 0.16026562499999994 0.16527777777777777
4 0.5912265624999999 0.2423611111111111 0.14311718750000005 0.14305555555555555
4 0.71190625 0.2076388888888889 0.10017968750000002 0.10972222222222222
4 0.7857265625000001 0.17291666666666666 0.06817187500000008 0.0875
13 0.9845234375 0.20625 0.013812499999999872 0.07083333333333333
13 0.8978125 0.4965277777777778 0.06069531250000004 0.2791666666666667
20 0.287734375 0.7784722222222222 0.12332812500000001 0.2652777777777778
4 0.17289062500000002 0.49920833333333337 0.238078125 0.2724999999999999
4 0.9467421874999999 0.5429722222222222 0.10650781249999994 0.35538888888888887