6 0.715625 0.93203125 0.066015625 0.128125
3 0.73046875 0.715625 0.041015625 0.0703125
3 0.3765625 0.65625 0.0328125 0.058203125
0 0.56875 0.6234375 0.037109375 0.05
0 0.37109375 0.6015625 0.03125 0.045703125
3 0.53046875 0.56640625 0.0203125 0.034375
3 0.5296875 0.596875 0.0171875 0.032421875
6 0.54921875 0.5390625 0.019921875 0.0296875
6 0.5328125 0.5171875 0.015234375 0.02265625
6 0.5328125 0.53515625 0.01015625 0.0203125
3 0.49609375 0.50390625 0.014453125 0.02109375
3 0.49609375 0.521875 0.01015625 0.019140625
3 0.43046875 0.5296875 0.015625 0.025390625