1 0.61875 0.3640625 0.01796875 0.071875
1 0.82421875 0.2484375 0.0078125 0.0359375
1 0.85546875 0.26875 0.0109375 0.0453125
1 0.71328125 0.31328125 0.0140625 0.0578125
1 0.76171875 0.24140625 0.0078125 0.0328125
1 0.64921875 0.234375 0.00546875 0.025
1 0.71015625 0.23515625 0.00625 0.02734375
7 0.87890625 0.22578125 0.0078125 0.03046875
1 0.49140625 0.4734375 0.02890625 0.11171875
7 0.86875 0.2015625 0.0046875 0.01875
7 0.778125 0.21953125 0.00625 0.02578125
7 0.684375 0.221875 0.0046875 0.021875
1 0.4859375 0.24296875 0.0046875 0.0203125
7 0.53828125 0.22265625 0.003125 0.01171875
7 0.9046875 0.20234375 0.00546875 0.01953125
7 0.44296875 0.23828125 0.003125 0.0171875
1 0.8796875 0.19140625 0.00390625 0.0171875
7 0.790625 0.20078125 0.00390625 0.01640625
7 0.49375 0.2265625 0.00234375 0.01171875
7 0.07578125 0.26796875 0.00234375 0.01171875
7 0.63046875 0.21015625 0.003125 0.01171875
7 0.51484375 0.23125 0.00390625 0.01875
1 0.7609375 0.1984375 0.003125 0.0140625
7 0.59296875 0.225 0.00390625 0.01953125
7 0.425 0.23203125 0.003125 0.0140625
7 0.41171875 0.2328125 0.00234375 0.01640625
7 0.45546875 0.2296875 0.00234375 0.01328125
1 0.4046875 0.2515625 0.00390625 0.01875
7 0.73671875 0.2046875 0.003125 0.01328125
7 0.065625 0.26484375 0.00234375 0.01015625
1 0.80703125 0.1953125 0.003125 0.01328125
1 0.5703125 0.23671875 0.0046875 0.02265625
1 0.728125 0.20078125 0.003125 0.0109375
1 0.37734375 0.234375 0.003125 0.01171875
1 0.3296875 0.24765625 0.00234375 0.0140625
1 0.91640625 0.19296875 0.00390625 0.01875
1 0.34609375 0.23984375 0.00234375 0.0140625
1 0.69609375 0.2015625 0.003125 0.01171875
1 0.34765625 0.2546875 0.00390625 0.01875
1 0.50390625 0.22265625 0.00234375 0.01171875
1 0.07109375 0.26640625 0.00234375 0.00859375
7 0.8296875 0.20078125 0.00390625 0.01484375
7 0.12109375 0.25703125 0.00234375 0.01015625
1 0.54921875 0.21640625 0.00234375 0.0109375
7 0.5859375 0.21640625 0.00234375 0.0109375
7 0.68046875 0.20703125 0.003125 0.0140625
7 0.08515625 0.26328125 0.00234375 0.01015625
7 0.4140625 0.2375 0.003125 0.01640625
1 0.6 0.2078125 0.003125 0.01171875
1 0.32734375 0.25234375 0.003125 0.0140625
7 0.05078125 0.2703125 0.00234375 0.00859375
7 0.11171875 0.2578125 0.00234375 0.01015625
1 0.64453125 0.20625 0.003125 0.01171875
1 0.08203125 0.26328125 0.00234375 0.0109375
7 0.12421875 0.25703125 0.00234375 0.01171875
1 0.45703125 0.22734375 0.00234375 0.01328125