1 0.1515625 0.453125 0.021484375 0.065234375
1 0.1296875 0.56015625 0.03828125 0.11875
1 0.86875 0.4359375 0.0171875 0.05
7 0.88046875 0.69453125 0.0796875 0.183984375
1 0.9046875 0.4578125 0.0203125 0.059765625
7 0.4359375 0.39765625 0.01015625 0.036328125
7 0.4234375 0.421875 0.0109375 0.047265625
1 0.39765625 0.375 0.0078125 0.028125
1 0.72890625 0.38125 0.009375 0.024609375
1 0.22421875 0.7640625 0.04921875 0.166015625
1 0.6296875 0.37265625 0.007421875 0.023046875
7 0.796875 0.39453125 0.006640625 0.030078125
1 0.309375 0.38515625 0.009765625 0.033203125
1 0.909375 0.42578125 0.009375 0.046875
7 0.7546875 0.40234375 0.012109375 0.033203125
7 0.490625 0.38671875 0.008203125 0.0328125
7 0.65390625 0.44609375 0.013671875 0.055078125
7 0.696875 0.40859375 0.01015625 0.0390625
1 0.47734375 0.3703125 0.00625 0.025
7 0.55078125 0.3828125 0.007421875 0.02890625
7 0.69140625 0.3859375 0.009375 0.028125
1 0.54453125 0.36875 0.005859375 0.021875
1 0.94296875 0.4046875 0.0078125 0.025
7 0.60078125 0.3796875 0.009375 0.025390625
7 0.8375 0.4046875 0.011328125 0.033984375
7 0.41171875 0.46015625 0.019140625 0.066796875
1 0.8421875 0.39375 0.0078125 0.025390625
7 0.90859375 0.40625 0.008203125 0.030859375
7 0.57421875 0.5359375 0.034375 0.10078125
7 0.74296875 0.48671875 0.021484375 0.073828125
7 0.94609375 0.57421875 0.01015625 0.051171875
1 0.22109375 0.4078125 0.014453125 0.04609375
7 0.65390625 0.425 0.0140625 0.04453125