7 0.821875 0.30078125 0.015625 0.06015625
1 0.55859375 0.33828125 0.015625 0.06328125
1 0.5734375 0.37265625 0.01796875 0.08046875
7 0.91953125 0.33359375 0.0234375 0.08046875
1 0.4875 0.28828125 0.00859375 0.03828125
1 0.73828125 0.2296875 0.00703125 0.02734375
1 0.5578125 0.434375 0.02578125 0.1078125
1 0.6671875 0.240625 0.00625 0.02734375
1 0.80078125 0.21640625 0.00625 0.02421875
1 0.77265625 0.2234375 0.00625 0.02734375
1 0.52734375 0.2640625 0.00703125 0.03046875
1 0.43203125 0.58203125 0.0453125 0.16875
7 0.9078125 0.196875 0.00625 0.021875
7 0.9390625 0.18359375 0.00390625 0.0171875
7 0.8296875 0.23359375 0.00859375 0.0328125
7 0.675 0.26328125 0.009375 0.0390625
1 0.5140625 0.3171875 0.0125 0.053125
1 0.59296875 0.25078125 0.00625 0.028125
7 0.89765625 0.19375 0.0046875 0.01953125
1 0.92734375 0.18046875 0.00390625 0.0171875
7 0.88203125 0.22109375 0.00859375 0.0296875
1 0.8328125 0.1953125 0.00390625 0.01875
7 0.9265625 0.20859375 0.0078125 0.028125
7 0.93125 0.2015625 0.00625 0.025
7 0.71328125 0.2828125 0.0140625 0.04765625
1 0.8703125 0.1875 0.0046875 0.01640625
7 0.70703125 0.25234375 0.00703125 0.0359375
1 0.80703125 0.20703125 0.00390625 0.0203125
7 0.9109375 0.1890625 0.00390625 0.01953125
1 0.81171875 0.21015625 0.00625 0.02265625
1 0.20625 0.775 0.0296875 0.1453125
1 0.8 0.2015625 0.00390625 0.01875