1 0.1078125 0.32421875 0.01328125 0.036328125
1 0.70390625 0.29140625 0.015234375 0.0546875
1 0.6234375 0.27265625 0.01484375 0.04375
7 0.5953125 0.24609375 0.008984375 0.03125
1 0.32578125 0.28203125 0.009765625 0.033203125
1 0.4359375 0.2703125 0.01171875 0.033984375
7 0.84921875 0.265625 0.016796875 0.049609375
1 0.20859375 0.3015625 0.010546875 0.033984375
7 0.196875 0.290625 0.0078125 0.03046875
1 0.55078125 0.61796875 0.056640625 0.203125
7 0.72265625 0.25 0.0125 0.03828125
4 0.8765625 0.221875 0.008203125 0.03203125
4 0.859375 0.24765625 0.010546875 0.0421875
7 0.06953125 0.31640625 0.008984375 0.0328125
7 0.3390625 0.26640625 0.00703125 0.028125
4 0.8921875 0.19453125 0.005078125 0.021875
2 0.765625 0.37578125 0.03984375 0.174609375
4 0.921875 0.19296875 0.007421875 0.0203125
1 0.53125 0.2671875 0.00859375 0.037109375
1 0.75390625 0.4328125 0.03515625 0.121875
4 0.8859375 0.20625 0.0078125 0.025
7 0.4734375 0.2515625 0.009375 0.02890625
2 0.72734375 0.4296875 0.0625 0.217578125
5 0.91328125 0.18828125 0.003125 0.014453125