1 0.22578125 0.5 0.029296875 0.0828125
7 0.71953125 0.43359375 0.01484375 0.041796875
7 0.87890625 0.47109375 0.025 0.062109375
7 0.6171875 0.425 0.01015625 0.03828125
1 0.78984375 0.4171875 0.009765625 0.033984375
1 0.928125 0.42734375 0.011328125 0.038671875
7 0.1296875 0.45234375 0.01484375 0.0578125
1 0.659375 0.4109375 0.008203125 0.030859375
7 0.11015625 0.425 0.012890625 0.041015625
1 0.346875 0.59296875 0.046875 0.1328125
7 0.38046875 0.4203125 0.01171875 0.03515625
7 0.5046875 0.4203125 0.011328125 0.034765625
7 0.3046875 0.45078125 0.018359375 0.053125
1 0.39609375 0.40625 0.0078125 0.03046875
1 0.26796875 0.40859375 0.009375 0.030078125
1 0.5265625 0.40703125 0.00859375 0.03125
1 0.125 0.4109375 0.009375 0.03359375
7 0.25390625 0.42265625 0.01015625 0.039453125
7 0.83359375 0.4421875 0.015625 0.046875
7 0.45234375 0.46015625 0.01640625 0.055078125
7 0.60390625 0.4953125 0.025390625 0.078515625
7 0.78359375 0.6171875 0.05625 0.1421875