7 0.746875 0.47421875 0.019140625 0.04765625
7 0.83515625 0.5203125 0.0203125 0.065234375
1 0.58515625 0.5078125 0.02109375 0.059375
1 0.5453125 0.43203125 0.0109375 0.033203125
1 0.4765625 0.6296875 0.0421875 0.141796875
7 0.75 0.4234375 0.006640625 0.01875
1 0.615625 0.4046875 0.004296875 0.02109375
7 0.909375 0.484375 0.0125 0.04296875
1 0.521875 0.41484375 0.006640625 0.026953125
7 0.66640625 0.42734375 0.006640625 0.025
7 0.784375 0.44375 0.00625 0.028125
1 0.93046875 0.465625 0.011328125 0.03046875
7 0.7734375 0.434375 0.007421875 0.022265625
7 0.653125 0.434375 0.008984375 0.03046875
7 0.89296875 0.4390625 0.00546875 0.021875
1 0.55625 0.41015625 0.00625 0.023046875
7 0.69375 0.4234375 0.00625 0.022265625
7 0.8171875 0.42734375 0.007421875 0.01875
7 0.878125 0.4296875 0.00546875 0.01875
7 0.83203125 0.43515625 0.005859375 0.023046875
1 0.58359375 0.46015625 0.01171875 0.046875
1 0.6625 0.4046875 0.004296875 0.01875
7 0.7 0.453125 0.012109375 0.037109375
7 0.82734375 0.46015625 0.01015625 0.0328125