1 0.05859375 0.3015625 0.024609375 0.066796875
1 0.84609375 0.36796875 0.005078125 0.023046875
7 0.34140625 0.35625 0.018359375 0.06328125
7 0.44140625 0.51875 0.039453125 0.128515625
7 0.865625 0.3828125 0.008984375 0.025390625
7 0.2625 0.28984375 0.012890625 0.044921875
7 0.14921875 0.24375 0.01171875 0.034765625
7 0.58671875 0.31796875 0.00625 0.023046875
1 0.77109375 0.35078125 0.005078125 0.021875
2 0.515625 0.2921875 0.0078125 0.034765625
7 0.7625 0.36015625 0.0078125 0.026171875
1 0.440625 0.27265625 0.004296875 0.0171875
7 0.50234375 0.29375 0.00546875 0.021875
7 0.3953125 0.26328125 0.003515625 0.0203125
1 0.48203125 0.28359375 0.004296875 0.0171875
7 0.2140625 0.21328125 0.003125 0.016796875
7 0.34453125 0.25078125 0.00625 0.0203125
7 0.26015625 0.2265625 0.00625 0.01875
1 0.68203125 0.33203125 0.00546875 0.0203125
7 0.30078125 0.23828125 0.00625 0.019921875
7 0.45 0.27890625 0.00625 0.0203125
1 0.60703125 0.3140625 0.00546875 0.019140625
1 0.2890625 0.22890625 0.004296875 0.016796875
2 0.5453125 0.29375 0.009375 0.03125
2 0.4890625 0.28359375 0.005859375 0.036328125
7 0.67734375 0.34140625 0.007421875 0.023828125
1 0.53046875 0.29609375 0.003125 0.01875
1 0.23125 0.21171875 0.005078125 0.0140625
2 0.52109375 0.2875 0.00546875 0.03125
1 0.346875 0.24609375 0.002734375 0.01875
1 0.39765625 0.2625 0.001953125 0.01875