1 0.13515625 0.35859375 0.013671875 0.0453125
1 0.4390625 0.36484375 0.01875 0.06875
1 0.35234375 0.34375 0.017578125 0.055859375
1 0.25234375 0.3453125 0.016015625 0.047265625
1 0.49765625 0.42734375 0.02578125 0.098828125
1 0.47578125 0.58828125 0.052734375 0.1734375
7 0.334375 0.309375 0.012890625 0.037890625
7 0.78125 0.3671875 0.02421875 0.087109375
7 0.46796875 0.3046875 0.015234375 0.04375
7 0.19375 0.328125 0.0125 0.034765625
7 0.609375 0.31484375 0.01875 0.058203125
5 0.08515625 0.31875 0.00625 0.01953125
5 0.08359375 0.309375 0.00390625 0.01875