7 0.33515625 0.48359375 0.03125 0.08359375
7 0.26015625 0.4296875 0.01953125 0.05859375
7 0.90859375 0.7046875 0.07109375 0.187890625
7 0.33671875 0.3890625 0.01328125 0.037109375
7 0.51328125 0.4328125 0.015234375 0.055859375
1 0.05390625 0.41015625 0.0140625 0.048828125
1 0.6171875 0.41484375 0.01328125 0.041796875
7 0.09296875 0.3796875 0.010546875 0.025390625
1 0.8125 0.43828125 0.01640625 0.055078125
1 0.4171875 0.3671875 0.007421875 0.024609375
7 0.9109375 0.5046875 0.024609375 0.083984375
7 0.39765625 0.4078125 0.0125 0.04375
7 0.17890625 0.37421875 0.009375 0.025
7 0.2453125 0.37421875 0.0078125 0.023828125
1 0.3 0.3671875 0.00546875 0.022265625
1 0.37421875 0.36484375 0.00703125 0.023046875
1 0.44375 0.37578125 0.011328125 0.028125
7 0.22578125 0.4015625 0.015625 0.044140625
7 0.16484375 0.3890625 0.0125 0.037109375
1 0.5078125 0.39375 0.01015625 0.03671875
7 0.3078125 0.37265625 0.00625 0.026171875
7 0.06640625 0.390625 0.008984375 0.033984375
1 0.10703125 0.37421875 0.005859375 0.023046875
7 0.65234375 0.4609375 0.0234375 0.0671875
7 0.53203125 0.5546875 0.0453125 0.1125
7 0.3125 0.37734375 0.00703125 0.028125