7 0.7890625 0.478125 0.02578125 0.081640625
1 0.2875 0.4109375 0.0125 0.047265625
1 0.0984375 0.503125 0.037109375 0.09609375
7 0.50859375 0.55234375 0.0328125 0.11875
1 0.2125 0.39921875 0.012890625 0.039453125
1 0.0578125 0.4109375 0.020703125 0.048046875
7 0.465625 0.45078125 0.02578125 0.06953125
1 0.7140625 0.3859375 0.009765625 0.037109375
7 0.58203125 0.39765625 0.01171875 0.039453125
7 0.64296875 0.42734375 0.014453125 0.055078125
1 0.23125 0.43828125 0.02421875 0.06484375
1 0.6875 0.3734375 0.00859375 0.027734375
7 0.50234375 0.37578125 0.00859375 0.026953125
7 0.43984375 0.375 0.005078125 0.024609375
7 0.5640625 0.38046875 0.009765625 0.036328125
1 0.79296875 0.4125 0.017578125 0.04765625
7 0.2375 0.3890625 0.006640625 0.030859375
7 0.08359375 0.3890625 0.0078125 0.025390625
1 0.640625 0.36875 0.00703125 0.022265625
1 0.07578125 0.38515625 0.009765625 0.023046875
7 0.3296875 0.38828125 0.01015625 0.0328125
7 0.365625 0.3765625 0.0078125 0.022265625
7 0.27890625 0.3796875 0.00625 0.024609375
4 0.2125 0.36171875 0.00625 0.016796875
7 0.40703125 0.3921875 0.009375 0.033984375
7 0.1265625 0.39375 0.01328125 0.034765625
7 0.45234375 0.41015625 0.01640625 0.046875
1 0.478125 0.36953125 0.006640625 0.021875
4 0.2546875 0.36171875 0.003125 0.013671875
4 0.14609375 0.3640625 0.005859375 0.015234375
4 0.1828125 0.36328125 0.004296875 0.013671875
1 0.28671875 0.37578125 0.005859375 0.0171875
7 0.78984375 0.76328125 0.034765625 0.1671875
1 0.56171875 0.36875 0.005859375 0.021875
1 0.38359375 0.371875 0.005078125 0.019140625
7 0.1875 0.3828125 0.006640625 0.025
4 0.4265625 0.35625 0.004296875 0.015234375