4 0.81953125 0.3015625 0.024609375 0.06953125
7 0.1078125 0.3421875 0.022265625 0.05390625
7 0.26171875 0.35 0.024609375 0.066015625
4 0.8953125 0.21328125 0.0109375 0.0359375
4 0.840625 0.24453125 0.01328125 0.0453125
4 0.9421875 0.21171875 0.013671875 0.036328125
7 0.41796875 0.4140625 0.028515625 0.1
4 0.8515625 0.21484375 0.0125 0.035546875
4 0.74921875 0.46875 0.041015625 0.141796875
7 0.64375 0.7140625 0.07265625 0.215234375
4 0.79765625 0.15859375 0.0046875 0.008203125
5 0.88046875 0.20078125 0.006640625 0.026953125