1 0.6296875 0.496875 0.01796875 0.05
7 0.875 0.51015625 0.022265625 0.064453125
1 0.63125 0.45234375 0.0109375 0.044921875
7 0.7921875 0.4671875 0.014453125 0.044140625
7 0.70390625 0.42890625 0.00625 0.0296875
1 0.5203125 0.58828125 0.043359375 0.121875
7 0.80546875 0.41875 0.00546875 0.019140625
7 0.828125 0.428125 0.00625 0.025390625
7 0.7484375 0.44765625 0.009765625 0.035546875
7 0.8375 0.43828125 0.0078125 0.028125
7 0.71796875 0.42265625 0.00625 0.023828125
7 0.88046875 0.453125 0.010546875 0.03203125
1 0.575 0.41171875 0.0078125 0.025
1 0.596875 0.42734375 0.008984375 0.035546875
1 0.609375 0.4078125 0.00703125 0.022265625
1 0.66796875 0.40234375 0.006640625 0.021875