1 0.76796875 0.371875 0.011328125 0.034765625
1 0.35625 0.34296875 0.017578125 0.0578125
7 0.4875 0.48828125 0.037890625 0.114453125
1 0.48984375 0.33671875 0.009375 0.04375
7 0.53203125 0.40625 0.021484375 0.069921875
7 0.61328125 0.384375 0.019921875 0.05390625
7 0.7125 0.38671875 0.011328125 0.0453125
4 0.3203125 0.2796875 0.01015625 0.03359375
7 0.14296875 0.31796875 0.023046875 0.06484375
7 0.83046875 0.4046875 0.0140625 0.04375
4 0.2125 0.24375 0.00625 0.027734375
4 0.165625 0.29296875 0.01484375 0.051171875
4 0.196875 0.26171875 0.01328125 0.035546875
4 0.33984375 0.31484375 0.015625 0.048046875
4 0.30859375 0.25859375 0.00703125 0.026171875
1 0.9328125 0.409375 0.01171875 0.03671875
4 0.2234375 0.2328125 0.00546875 0.022265625
4 0.30078125 0.24609375 0.00546875 0.0203125
1 0.6234375 0.34765625 0.01015625 0.036328125
4 0.27734375 0.24140625 0.00625 0.021875
4 0.25 0.2375 0.00703125 0.022265625
2 0.5453125 0.63671875 0.08984375 0.3171875
2 0.69765625 0.7359375 0.066796875 0.22265625
7 0.590625 0.7578125 0.058984375 0.182421875
5 0.2453125 0.23046875 0.002734375 0.014453125
5 0.30859375 0.2421875 0.003125 0.016015625
5 0.30625 0.234375 0.003515625 0.01328125
5 0.3484375 0.2453125 0.004296875 0.01484375
5 0.3859375 0.24453125 0.003515625 0.013671875
5 0.40859375 0.25234375 0.00234375 0.013671875
5 0.4765625 0.2609375 0.00234375 0.01015625
5 0.48046875 0.2640625 0.001953125 0.012890625
5 0.5546875 0.2796875 0.00234375 0.012890625
5 0.56875 0.27890625 0.002734375 0.0140625
5 0.625 0.29765625 0.004296875 0.0140625
5 0.6609375 0.30234375 0.003515625 0.013671875
5 0.68359375 0.31484375 0.003515625 0.016015625
5 0.7296875 0.321875 0.004296875 0.015234375
5 0.7515625 0.3359375 0.0046875 0.019140625
5 0.79609375 0.34140625 0.003515625 0.01640625