1 0.35390625 0.56640625 0.03671875 0.115234375
7 0.78671875 0.603125 0.05078125 0.126953125
7 0.690625 0.44609375 0.013671875 0.046875
7 0.72109375 0.42421875 0.0125 0.0390625
1 0.7625 0.3953125 0.00703125 0.025
1 0.50546875 0.42109375 0.012890625 0.0421875
1 0.44296875 0.46015625 0.01328125 0.060546875
1 0.67734375 0.39609375 0.00859375 0.0296875
7 0.85078125 0.41328125 0.007421875 0.030078125
7 0.78203125 0.4140625 0.008203125 0.034765625
7 0.91484375 0.4140625 0.009375 0.030859375
1 0.5875 0.40390625 0.008203125 0.03125
7 0.69765625 0.4921875 0.016796875 0.06875
1 0.84140625 0.3953125 0.006640625 0.025390625
1 0.95 0.4078125 0.004296875 0.027734375