1 0.096875 0.4171875 0.009375 0.02265625
1 0.09375 0.39609375 0.005859375 0.0140625
1 0.12578125 0.39453125 0.00703125 0.014453125
1 0.15703125 0.4046875 0.008984375 0.01875
1 0.1484375 0.39375 0.006640625 0.015625
1 0.18125 0.39921875 0.008203125 0.01875
1 0.17109375 0.3953125 0.0078125 0.016015625
1 0.4203125 0.3765625 0.0046875 0.012890625
1 0.4734375 0.3796875 0.003515625 0.01015625
1 0.5453125 0.38203125 0.006640625 0.009375
1 0.60625 0.38359375 0.0078125 0.010546875
1 0.68125 0.3875 0.009375 0.009765625
1 0.80234375 0.39296875 0.01171875 0.014453125
1 0.85703125 0.37109375 0.00546875 0.013671875
1 0.79296875 0.36953125 0.0046875 0.011328125
1 0.728125 0.36953125 0.003515625 0.0109375
1 0.68125 0.36875 0.003515625 0.012890625
1 0.6359375 0.3671875 0.004296875 0.009765625
1 0.5953125 0.365625 0.003515625 0.01171875
7 0.8359375 0.63359375 0.07734375 0.13671875
7 0.38046875 0.52265625 0.033203125 0.0734375
7 0.0921875 0.51328125 0.03125 0.066796875
7 0.08359375 0.3921875 0.0078125 0.015625
7 0.165625 0.42578125 0.017578125 0.033203125
7 0.165625 0.38671875 0.007421875 0.017578125
7 0.21953125 0.384375 0.005078125 0.015625
7 0.240625 0.3859375 0.007421875 0.018359375
7 0.246875 0.4078125 0.0140625 0.02578125
7 0.26171875 0.3875 0.00625 0.018359375
7 0.28828125 0.3984375 0.008203125 0.021484375
7 0.2859375 0.39140625 0.011328125 0.020703125
7 0.4359375 0.37578125 0.0046875 0.010546875
7 0.45390625 0.3734375 0.005078125 0.009765625
7 0.46953125 0.371875 0.005078125 0.01171875
7 0.48515625 0.37890625 0.004296875 0.0109375
7 0.4890625 0.36796875 0.00390625 0.009375
7 0.4796875 0.36953125 0.00390625 0.008203125
7 0.49765625 0.3765625 0.004296875 0.01015625
7 0.50703125 0.37578125 0.004296875 0.009375
7 0.51796875 0.37421875 0.005078125 0.009375
7 0.5265625 0.37265625 0.003515625 0.008203125
7 0.5328125 0.36953125 0.00390625 0.008203125
7 0.5375 0.36796875 0.003125 0.00625
7 0.54140625 0.365625 0.003125 0.006640625
7 0.49375 0.3671875 0.003125 0.008984375
7 0.5015625 0.36328125 0.003125 0.008203125
4 0.3734375 0.38984375 0.0171875 0.017578125