1 0.39453125 0.56015625 0.036328125 0.11171875
1 0.2953125 0.4046875 0.013671875 0.037890625
1 0.73984375 0.44765625 0.01953125 0.05390625
1 0.58359375 0.48515625 0.02265625 0.071875
1 0.159375 0.41484375 0.01328125 0.04375
7 0.14609375 0.38828125 0.011328125 0.036328125
1 0.4609375 0.38515625 0.008984375 0.028125
7 0.1 0.3578125 0.00703125 0.028125
7 0.37265625 0.36328125 0.00703125 0.023046875
1 0.39921875 0.3953125 0.008984375 0.033984375
1 0.19453125 0.34375 0.00546875 0.016015625
7 0.36328125 0.37578125 0.01015625 0.028125
1 0.41875 0.3578125 0.003515625 0.019140625
1 0.865625 0.44296875 0.01796875 0.04765625
1 0.50078125 0.375 0.0046875 0.024609375
7 0.25625 0.3828125 0.00859375 0.03125
1 0.109375 0.3453125 0.007421875 0.021875
4 0.64921875 0.3546875 0.00390625 0.012109375
1 0.2640625 0.34453125 0.005078125 0.0171875
7 0.253125 0.35078125 0.005859375 0.0203125
4 0.67109375 0.3578125 0.003125 0.01484375
7 0.39140625 0.3703125 0.006640625 0.024609375
7 0.31796875 0.3546875 0.005859375 0.02109375
7 0.834375 0.66328125 0.05859375 0.154296875
7 0.921875 0.55078125 0.041015625 0.096875
4 0.69296875 0.36015625 0.003125 0.0140625
1 0.471875 0.365625 0.00703125 0.01953125
1 0.321875 0.34765625 0.003515625 0.01875
7 0.184375 0.35390625 0.008203125 0.023046875