2 0.26328125 0.36796875 0.021875 0.13359375
7 0.1890625 0.28984375 0.01171875 0.046875
1 0.06796875 0.2015625 0.00546875 0.01875
7 0.21171875 0.31875 0.0140625 0.0578125
7 0.9015625 0.38046875 0.00859375 0.0328125
7 0.94296875 0.3578125 0.00625 0.0203125
7 0.86875 0.36484375 0.00625 0.028125
7 0.8890625 0.3359375 0.00390625 0.01328125
2 0.2859375 0.38671875 0.034375 0.14765625
7 0.72578125 0.303125 0.00390625 0.01484375
7 0.85625 0.35625 0.00703125 0.02421875
1 0.27421875 0.21875 0.003125 0.01171875
7 0.84921875 0.32734375 0.003125 0.01484375
1 0.1296875 0.2078125 0.00390625 0.01484375
1 0.2140625 0.21015625 0.003125 0.01328125
7 0.41796875 0.58671875 0.0421875 0.1609375
7 0.13515625 0.2671875 0.01015625 0.03984375
1 0.30546875 0.22265625 0.003125 0.0109375
7 0.89140625 0.35078125 0.00546875 0.01875
7 0.246875 0.2171875 0.00390625 0.01328125
7 0.571875 0.26875 0.00234375 0.01171875
1 0.10703125 0.20625 0.00390625 0.0171875
7 0.92265625 0.3453125 0.0046875 0.01640625
7 0.5578125 0.26328125 0.00234375 0.0109375
1 0.615625 0.27578125 0.00234375 0.0109375
7 0.196875 0.21875 0.0046875 0.01640625
7 0.3140625 0.22578125 0.003125 0.01328125
7 0.8125 0.31953125 0.003125 0.01328125
7 0.6421875 0.28671875 0.003125 0.0140625
7 0.5453125 0.259375 0.00234375 0.01171875
7 0.57890625 0.271875 0.00234375 0.0109375
7 0.68203125 0.29453125 0.003125 0.01484375
1 0.35859375 0.2296875 0.00234375 0.0109375
7 0.8625 0.34765625 0.00625 0.02265625
7 0.39609375 0.23671875 0.00234375 0.01328125
7 0.52265625 0.25546875 0.00234375 0.00859375
1 0.8078125 0.31484375 0.003125 0.01328125
7 0.0515625 0.24375 0.00546875 0.0390625
1 0.24375 0.21328125 0.003125 0.01171875
7 0.26484375 0.21875 0.003125 0.0140625
1 0.53984375 0.25703125 0.00234375 0.01015625
1 0.18671875 0.2078125 0.003125 0.01328125
1 0.75625 0.3046875 0.003125 0.0140625
1 0.36640625 0.23125 0.00234375 0.01015625
7 0.60859375 0.2796875 0.003125 0.0140625
1 0.66015625 0.28828125 0.00234375 0.01328125
7 0.22109375 0.2203125 0.0046875 0.0171875
1 0.32421875 0.22578125 0.00234375 0.01171875
7 0.43359375 0.23984375 0.003125 0.0109375
1 0.86328125 0.32734375 0.003125 0.0140625
7 0.5671875 0.26484375 0.00234375 0.01171875
7 0.23671875 0.2171875 0.003125 0.0140625
7 0.778125 0.31171875 0.003125 0.01328125
1 0.625 0.2796875 0.00234375 0.0109375
1 0.91796875 0.340625 0.003125 0.01171875
1 0.70859375 0.296875 0.00234375 0.01328125
7 0.23359375 0.2203125 0.003125 0.0140625
1 0.34453125 0.2296875 0.00234375 0.0109375
1 0.61875 0.27734375 0.00234375 0.01015625
7 0.10234375 0.21171875 0.00703125 0.0203125
1 0.684375 0.2921875 0.003125 0.0140625
1 0.1578125 0.2109375 0.00390625 0.0171875
1 0.171875 0.21015625 0.00390625 0.01640625
7 0.40625 0.2375 0.0015625 0.01015625
1 0.59375 0.26875 0.00234375 0.0109375
7 0.415625 0.2375 0.00234375 0.01171875
1 0.609375 0.2734375 0.00234375 0.01015625
7 0.3421875 0.2296875 0.003125 0.01171875
1 0.38125 0.23125 0.003125 0.0109375
7 0.3765625 0.23515625 0.003125 0.01328125
7 0.9484375 0.35234375 0.0046875 0.0171875
7 0.240625 0.21953125 0.00390625 0.01484375
1 0.471875 0.2453125 0.00234375 0.00859375
7 0.45390625 0.24375 0.00234375 0.0109375
1 0.409375 0.234375 0.0015625 0.01015625
7 0.5 0.25 0.00234375 0.0109375
7 0.47734375 0.246875 0.00234375 0.0109375
1 0.4390625 0.2390625 0.00234375 0.00859375
7 0.26953125 0.40234375 0.01484375 0.08671875
7 0.15625 0.21484375 0.0046875 0.01953125
1 0.50625 0.25078125 0.0015625 0.00859375
7 0.5703125 0.2671875 0.00234375 0.01171875
1 0.1796875 0.209375 0.003125 0.01640625
1 0.64140625 0.28125 0.00234375 0.01328125
7 0.85625 0.34921875 0.00625 0.025