1 0.81640625 0.2921875 0.01796875 0.05625
1 0.7375 0.4 0.03359375 0.10078125
1 0.84765625 0.24921875 0.01328125 0.038671875
1 0.86484375 0.225 0.009765625 0.030859375
1 0.875 0.2109375 0.009375 0.024609375
1 0.88203125 0.20078125 0.00625 0.019921875
2 0.89140625 0.1828125 0.007421875 0.027734375
1 0.88671875 0.19375 0.003125 0.016015625
1 0.31953125 0.81015625 0.023046875 0.073046875
4 0.94921875 0.1765625 0.0046875 0.01484375
4 0.89453125 0.1828125 0.00390625 0.01484375
7 0.8140625 0.1890625 0.00390625 0.015234375