1 0.4921875 0.33828125 0.01328125 0.044921875
1 0.7765625 0.371875 0.01328125 0.034765625
1 0.93203125 0.40625 0.009375 0.03671875
7 0.521875 0.40546875 0.018359375 0.071875
1 0.6359375 0.34921875 0.010546875 0.0359375
7 0.61328125 0.38515625 0.012109375 0.0546875
7 0.465625 0.48359375 0.030078125 0.108984375
7 0.83671875 0.40390625 0.010546875 0.0421875
1 0.1390625 0.40859375 0.039453125 0.103515625
7 0.71953125 0.3875 0.011328125 0.046875
1 0.33515625 0.34765625 0.019921875 0.061328125
7 0.5390625 0.75234375 0.052734375 0.190234375