1 0.68984375 0.30078125 0.01328125 0.05859375
1 0.7359375 0.39140625 0.0234375 0.09765625
1 0.5875 0.27265625 0.01015625 0.0421875
1 0.3625 0.2640625 0.00625 0.028125
1 0.7265625 0.33515625 0.0171875 0.075
7 0.91640625 0.27109375 0.01640625 0.05546875
1 0.65078125 0.49375 0.040625 0.14453125
1 0.4203125 0.26875 0.00703125 0.0328125
7 0.70859375 0.24375 0.009375 0.0359375
7 0.821875 0.20234375 0.00625 0.02265625
1 0.834375 0.19453125 0.00390625 0.021875
1 0.87265625 0.19140625 0.0046875 0.021875
1 0.92890625 0.18828125 0.0046875 0.021875
1 0.53515625 0.26875 0.009375 0.0390625
7 0.509375 0.2453125 0.00625 0.02734375
7 0.4859375 0.2328125 0.00546875 0.021875
1 0.6421875 0.2828125 0.0125 0.04921875
7 0.6203125 0.23984375 0.0078125 0.0328125
1 0.40546875 0.23984375 0.00390625 0.01953125
7 0.88828125 0.19921875 0.00625 0.02578125
1 0.60703125 0.21015625 0.0046875 0.01953125
7 0.56015625 0.221875 0.00625 0.01953125
7 0.6203125 0.2140625 0.00625 0.021875
1 0.7546875 0.1984375 0.00546875 0.0203125
7 0.73203125 0.20625 0.00546875 0.02265625
7 0.51328125 0.22734375 0.0046875 0.01953125
1 0.53671875 0.21875 0.00390625 0.01875
7 0.4765625 0.24375 0.00625 0.02734375
1 0.36640625 0.25234375 0.00390625 0.02265625
7 0.79921875 0.25234375 0.0109375 0.0421875
1 0.4671875 0.22890625 0.00546875 0.0203125
7 0.46796875 0.23984375 0.00546875 0.02578125
1 0.68046875 0.20390625 0.00390625 0.01875
7 0.67890625 0.209375 0.0046875 0.0203125