4 0.1171875 0.26171875 0.00859375 0.03125
4 0.17265625 0.33515625 0.01640625 0.0609375
2 0.2859375 0.43671875 0.04140625 0.18515625
4 0.134375 0.28828125 0.0109375 0.0421875
4 0.10390625 0.24765625 0.00703125 0.025
2 0.25859375 0.41015625 0.034375 0.16328125
4 0.09453125 0.2359375 0.0046875 0.021875
4 0.08125 0.2171875 0.00390625 0.01484375
4 0.0859375 0.22265625 0.0046875 0.0171875
4 0.08984375 0.22890625 0.00546875 0.01875
4 0.0984375 0.23984375 0.00625 0.02265625
4 0.10625 0.24140625 0.00390625 0.02421875