1 0.51015625 0.5265625 0.05390625 0.14375
1 0.58828125 0.30859375 0.0125 0.0453125
1 0.77265625 0.24140625 0.00859375 0.026171875
7 0.896875 0.334375 0.02109375 0.072265625
1 0.70546875 0.25546875 0.00703125 0.028125
1 0.6296875 0.2765625 0.009375 0.033984375
7 0.790625 0.28671875 0.01328125 0.048046875
1 0.85546875 0.22734375 0.0078125 0.026953125
1 0.1234375 0.32890625 0.00625 0.023046875
7 0.91484375 0.240625 0.01015625 0.03671875
7 0.82890625 0.2609375 0.016015625 0.03984375
1 0.59375 0.36171875 0.02578125 0.070703125
1 0.2 0.3078125 0.00703125 0.021875
7 0.20234375 0.28828125 0.00546875 0.0171875
1 0.30625 0.24765625 0.00390625 0.0109375
7 0.09140625 0.3171875 0.005078125 0.021875
7 0.2546875 0.26015625 0.003125 0.011328125
1 0.2546875 0.28984375 0.00546875 0.01875
7 0.2453125 0.26796875 0.00390625 0.0140625
7 0.159375 0.30234375 0.008203125 0.019921875
7 0.2265625 0.27734375 0.003515625 0.014453125
1 0.303125 0.2703125 0.005078125 0.015234375
1 0.315625 0.2625 0.00390625 0.01328125
1 0.28515625 0.2796875 0.00625 0.01640625
7 0.25390625 0.2546875 0.003125 0.012890625