4 0.73359375 0.35859375 0.02421875 0.086328125
4 0.8203125 0.246875 0.010546875 0.04375
4 0.803125 0.2703125 0.01484375 0.053125
4 0.84921875 0.21171875 0.009375 0.0296875
4 0.83203125 0.2328125 0.01171875 0.03984375
4 0.8609375 0.19765625 0.0078125 0.023828125
4 0.809375 0.24765625 0.01328125 0.0421875
4 0.4203125 0.7328125 0.0859375 0.228515625
4 0.86796875 0.18828125 0.00546875 0.019921875
4 0.8734375 0.18046875 0.0046875 0.019921875
4 0.94921875 0.1828125 0.00625 0.022265625
4 0.94453125 0.17578125 0.00546875 0.019921875
4 0.940625 0.1703125 0.004296875 0.01640625
4 0.9375 0.16640625 0.002734375 0.0171875
4 0.87734375 0.17421875 0.003125 0.0140625
4 0.88125 0.1703125 0.00390625 0.01484375