7 0.57265625 0.3875 0.01640625 0.0640625
1 0.26640625 0.36015625 0.0234375 0.075
1 0.1296875 0.2453125 0.009375 0.03515625
2 0.5125 0.39453125 0.02109375 0.12421875
1 0.84609375 0.384375 0.00859375 0.03828125
1 0.7015625 0.35703125 0.009375 0.0359375
1 0.215625 0.26171875 0.00859375 0.03515625
1 0.08984375 0.38984375 0.0328125 0.10234375
1 0.32890625 0.30390625 0.01015625 0.0421875
1 0.3359375 0.3296875 0.0140625 0.05625
7 0.77109375 0.390625 0.0125 0.04453125
7 0.896875 0.41328125 0.01484375 0.0453125
1 0.57734375 0.340625 0.0078125 0.03984375
7 0.665625 0.38125 0.01484375 0.053125
4 0.5125 0.296875 0.00546875 0.02578125
7 0.471875 0.54921875 0.03359375 0.1421875
2 0.28828125 0.3328125 0.02734375 0.1078125
4 0.475 0.30625 0.0078125 0.0328125
7 0.37734375 0.28515625 0.00703125 0.03515625
2 0.23984375 0.3453125 0.03125 0.125
7 0.45078125 0.3140625 0.00859375 0.0390625
7 0.1734375 0.23828125 0.00625 0.0296875
4 0.53671875 0.28984375 0.00546875 0.01953125
2 0.490625 0.4171875 0.02734375 0.14375
1 0.284375 0.28359375 0.00859375 0.03046875
7 0.28046875 0.26171875 0.00625 0.02734375
4 0.55390625 0.28515625 0.0046875 0.0203125
4 0.5859375 0.33125 0.0078125 0.0328125
4 0.61015625 0.3046875 0.0046875 0.025
4 0.59609375 0.29453125 0.0046875 0.01953125
4 0.575 0.28984375 0.00390625 0.01953125
4 0.60078125 0.3140625 0.0046875 0.02578125
7 0.5015625 0.425 0.0125 0.0890625
4 0.61484375 0.296875 0.00390625 0.01953125