1 0.82109375 0.27890625 0.018359375 0.05390625
1 0.76015625 0.365625 0.03125 0.088671875
1 0.8625 0.21953125 0.009765625 0.030078125
1 0.84765625 0.240625 0.009375 0.037890625
1 0.48359375 0.73515625 0.071875 0.223046875
1 0.871875 0.20625 0.00625 0.024609375
1 0.87734375 0.19765625 0.006640625 0.0203125
2 0.8828125 0.18515625 0.006640625 0.0296875
4 0.95 0.18046875 0.003125 0.0171875
7 0.7984375 0.1921875 0.0046875 0.015234375
4 0.88671875 0.18515625 0.004296875 0.016796875
4 0.8890625 0.18125 0.003515625 0.01328125
4 0.9453125 0.17734375 0.00390625 0.014453125
4 0.94296875 0.17265625 0.00390625 0.0140625