7 0.1984375 0.32890625 0.021875 0.06953125
1 0.91171875 0.334375 0.005078125 0.022265625
1 0.05078125 0.2140625 0.00625 0.02734375
1 0.8296875 0.31171875 0.00546875 0.0203125
1 0.059375 0.20234375 0.00625 0.021875
7 0.2515625 0.41328125 0.03515625 0.100390625
7 0.16953125 0.21640625 0.00625 0.021875
7 0.17578125 0.2828125 0.011328125 0.05
7 0.8359375 0.3234375 0.00625 0.025
1 0.08359375 0.19921875 0.00546875 0.019921875
7 0.7703125 0.3046875 0.008203125 0.022265625
1 0.10546875 0.19765625 0.00625 0.0171875
7 0.42265625 0.66015625 0.0578125 0.20703125
7 0.88515625 0.34375 0.01015625 0.030859375
1 0.6203125 0.26875 0.003125 0.01796875
1 0.5609375 0.25703125 0.003125 0.01875
7 0.16171875 0.25390625 0.01171875 0.038671875
1 0.7453125 0.2921875 0.004296875 0.02109375
1 0.1546875 0.2015625 0.004296875 0.01875
1 0.68359375 0.28046875 0.005859375 0.0171875
7 0.15390625 0.23828125 0.008203125 0.0296875
7 0.3703125 0.2296875 0.003515625 0.01640625
7 0.22109375 0.21328125 0.00546875 0.01875
7 0.52265625 0.25625 0.003125 0.01875
1 0.39609375 0.22890625 0.003125 0.0140625
7 0.15234375 0.22578125 0.00546875 0.025
1 0.346875 0.221875 0.00390625 0.015234375
7 0.60703125 0.2703125 0.00546875 0.019140625
7 0.68828125 0.28671875 0.005078125 0.0203125
7 0.44765625 0.2421875 0.003125 0.01640625
1 0.2296875 0.20859375 0.00390625 0.0171875
1 0.3 0.2171875 0.003125 0.01484375
7 0.29453125 0.21875 0.00390625 0.016015625
1 0.4484375 0.23671875 0.003125 0.014453125
1 0.5 0.24609375 0.00390625 0.0140625