7 0.4578125 0.534375 0.034765625 0.10390625
7 0.8625 0.49453125 0.030859375 0.086328125
7 0.14921875 0.44765625 0.021484375 0.061328125
1 0.9375 0.44921875 0.023828125 0.06171875
7 0.66640625 0.4453125 0.023828125 0.059765625
1 0.15078125 0.37421875 0.009765625 0.026171875
7 0.73203125 0.64765625 0.0546875 0.159765625
1 0.72421875 0.39375 0.010546875 0.037890625
1 0.80546875 0.4171875 0.01640625 0.044921875
7 0.2796875 0.48125 0.02890625 0.078515625
7 0.6078125 0.4171875 0.016796875 0.048046875
7 0.50703125 0.38359375 0.0078125 0.030078125
7 0.5625 0.396875 0.010546875 0.037109375
1 0.3 0.3578125 0.00703125 0.021875
1 0.0671875 0.3875 0.01171875 0.03125
7 0.4453125 0.36328125 0.00625 0.023046875
1 0.62265625 0.3671875 0.00625 0.025390625
7 0.35390625 0.36875 0.010546875 0.027734375
1 0.59453125 0.36015625 0.00859375 0.021875
1 0.21015625 0.36640625 0.00859375 0.026171875
1 0.4875 0.353125 0.005859375 0.019140625
1 0.3671875 0.35703125 0.005859375 0.0203125
4 0.79375 0.3453125 0.00625 0.01875
7 0.1625 0.39375 0.0140625 0.040234375
4 0.6984375 0.33984375 0.00390625 0.0140625
4 0.8453125 0.34921875 0.008203125 0.0203125
7 0.2484375 0.3765625 0.0109375 0.03125
1 0.42421875 0.35390625 0.005078125 0.0203125
4 0.74765625 0.3421875 0.004296875 0.01640625
7 0.103125 0.4171875 0.01796875 0.048046875
1 0.6703125 0.38046875 0.01015625 0.028125
4 0.6359375 0.33671875 0.00390625 0.0140625
4 0.91796875 0.3546875 0.0078125 0.027734375
1 0.54140625 0.35546875 0.004296875 0.019921875