1 0.2765625 0.26328125 0.0078125 0.0328125
1 0.8484375 0.34921875 0.00703125 0.0296875
1 0.728125 0.3203125 0.00625 0.02734375
7 0.7078125 0.32734375 0.00703125 0.03046875
1 0.49921875 0.28046875 0.00546875 0.02578125
7 0.52265625 0.29375 0.00625 0.03125
7 0.8984375 0.38203125 0.009375 0.03984375
7 0.79921875 0.35078125 0.00859375 0.03515625
7 0.353125 0.43828125 0.03203125 0.10546875
7 0.2828125 0.2890625 0.0109375 0.04375
4 0.1484375 0.23359375 0.00625 0.028125
1 0.171875 0.26484375 0.009375 0.0390625
2 0.25234375 0.34609375 0.02890625 0.12734375
7 0.6609375 0.53984375 0.0296875 0.12734375
2 0.22734375 0.32421875 0.01484375 0.11328125
7 0.434375 0.28515625 0.00703125 0.03359375
7 0.2359375 0.35625 0.01640625 0.07265625
4 0.08125 0.20625 0.0046875 0.0203125
7 0.35390625 0.28359375 0.00859375 0.03671875
7 0.615625 0.30859375 0.00625 0.03046875
4 0.1390625 0.22109375 0.0046875 0.02265625
1 0.3859375 0.26796875 0.00625 0.0296875
4 0.10859375 0.21015625 0.00390625 0.01953125
4 0.1625 0.253125 0.0078125 0.03515625
4 0.13125 0.21171875 0.00390625 0.01953125
4 0.053125 0.203125 0.00546875 0.021875
1 0.61328125 0.2984375 0.0046875 0.025
5 0.51484375 0.2578125 0.0015625 0.01328125
7 0.23828125 0.31015625 0.0078125 0.05546875
5 0.07421875 0.2015625 0.003125 0.01640625
5 0.47421875 0.25234375 0.00234375 0.0140625
5 0.52265625 0.2640625 0.00234375 0.01484375
5 0.56328125 0.26796875 0.00234375 0.0140625