1 0.41875 0.4078125 0.012109375 0.04140625
1 0.203125 0.3890625 0.012890625 0.034765625
7 0.55703125 0.60625 0.039453125 0.13125
1 0.25 0.40546875 0.0109375 0.0390625
7 0.17890625 0.43515625 0.023046875 0.05546875
1 0.121875 0.38203125 0.011328125 0.033203125
7 0.06875 0.41484375 0.014453125 0.0453125
1 0.6046875 0.41328125 0.013671875 0.04375
7 0.77578125 0.46875 0.03125 0.070703125
7 0.246875 0.5453125 0.044921875 0.10859375
7 0.353125 0.44296875 0.019921875 0.05859375
7 0.55390625 0.45390625 0.023828125 0.062109375
4 0.76484375 0.35625 0.006640625 0.025
4 0.7 0.35234375 0.0078125 0.023828125
4 0.659375 0.3515625 0.00625 0.025
4 0.6125 0.35 0.005859375 0.025390625
4 0.55234375 0.3515625 0.005078125 0.027734375
1 0.80625 0.421875 0.01484375 0.047265625
4 0.0515625 0.33515625 0.0046875 0.01875
4 0.0921875 0.33671875 0.00390625 0.0171875
4 0.14375 0.33984375 0.00703125 0.01875
4 0.1875 0.33984375 0.00703125 0.01875