1 0.86171875 0.4484375 0.019140625 0.060546875
1 0.0625 0.40625 0.01640625 0.05
1 0.6484375 0.421875 0.011328125 0.04453125
7 0.36484375 0.38828125 0.009375 0.036328125
7 0.29140625 0.42578125 0.017578125 0.055859375
7 0.38203125 0.4890625 0.028125 0.084375
7 0.9296875 0.53046875 0.029296875 0.092578125
1 0.475 0.37734375 0.008203125 0.0328125
7 0.1484375 0.38515625 0.011328125 0.0328125
7 0.51640625 0.43984375 0.01484375 0.058203125
1 0.4046875 0.36328125 0.008203125 0.026171875
7 0.21171875 0.38515625 0.0078125 0.033203125
7 0.2765625 0.37109375 0.00625 0.025
1 0.4484375 0.3671875 0.005859375 0.025390625
1 0.5421875 0.396875 0.011328125 0.037109375
1 0.24453125 0.36484375 0.005078125 0.021875
7 0.3421875 0.3765625 0.0078125 0.02890625
7 0.4265625 0.409375 0.0125 0.044140625
7 0.12578125 0.375 0.00703125 0.024609375
7 0.21015625 0.37109375 0.003125 0.025
7 0.2640625 0.39375 0.0125 0.03828125
7 0.60703125 0.553125 0.0390625 0.1078125
7 0.66640625 0.47734375 0.025 0.073828125
1 0.14140625 0.3703125 0.007421875 0.02109375
7 0.3375 0.3703125 0.00546875 0.024609375
1 0.33046875 0.36484375 0.006640625 0.021875
4 0.1203125 0.35703125 0.0046875 0.016796875
4 0.17890625 0.3546875 0.003125 0.01484375
4 0.2421875 0.35390625 0.003515625 0.016796875
4 0.05 0.3609375 0.003125 0.01640625