1 0.26640625 0.65703125 0.04609375 0.16953125
1 0.1078125 0.36875 0.01015625 0.03671875
1 0.32734375 0.42109375 0.0140625 0.053125
7 0.553125 0.4828125 0.0234375 0.081640625
7 0.68203125 0.59765625 0.042578125 0.13984375
7 0.4859375 0.41796875 0.017578125 0.051171875
7 0.4515625 0.38515625 0.0109375 0.0390625
1 0.22265625 0.3609375 0.0078125 0.028125
7 0.4171875 0.35234375 0.006640625 0.023046875
7 0.42890625 0.365625 0.008203125 0.03046875
1 0.3390625 0.384375 0.0109375 0.03671875
1 0.3109375 0.484375 0.027734375 0.0875
1 0.33828125 0.36484375 0.00703125 0.0296875
7 0.41015625 0.34453125 0.0046875 0.019921875
7 0.075 0.35234375 0.0078125 0.03125
1 0.2390625 0.33125 0.007421875 0.019140625
1 0.3453125 0.334375 0.005078125 0.01953125
7 0.14921875 0.3453125 0.009375 0.027734375
7 0.40546875 0.33828125 0.0046875 0.01875
7 0.21875 0.32265625 0.005078125 0.016796875
7 0.32890625 0.32421875 0.00390625 0.013671875
1 0.26015625 0.35390625 0.00546875 0.023046875
1 0.3 0.32734375 0.00390625 0.014453125
7 0.27421875 0.32265625 0.005078125 0.014453125
1 0.26171875 0.32734375 0.004296875 0.016796875
7 0.40078125 0.334375 0.005078125 0.016015625
1 0.3453125 0.35234375 0.00703125 0.023828125
7 0.16171875 0.33671875 0.00859375 0.023046875
1 0.34453125 0.34375 0.00546875 0.019140625
1 0.26015625 0.34140625 0.005078125 0.019921875
7 0.16484375 0.33046875 0.005078125 0.021875
7 0.17109375 0.32578125 0.006640625 0.01875
1 0.33046875 0.3296875 0.003125 0.015234375
7 0.3828125 0.32890625 0.00390625 0.0140625