1 0.4203125 0.53828125 0.03828125 0.112109375
1 0.66328125 0.4546875 0.015234375 0.06875
7 0.86484375 0.37890625 0.010546875 0.0296875
7 0.89921875 0.36328125 0.00625 0.025
1 0.7140625 0.37421875 0.00703125 0.030078125
7 0.7125 0.34140625 0.00390625 0.0171875
1 0.9234375 0.3390625 0.003125 0.012890625
1 0.6515625 0.3359375 0.003515625 0.015234375
1 0.77734375 0.39296875 0.0125 0.038671875
7 0.73359375 0.3359375 0.00390625 0.01640625
1 0.6171875 0.32578125 0.00390625 0.013671875
1 0.77421875 0.41484375 0.012109375 0.048046875
7 0.84609375 0.34765625 0.006640625 0.019921875
7 0.69921875 0.33046875 0.003125 0.013671875
1 0.93125 0.35078125 0.00546875 0.019921875
1 0.6375 0.33984375 0.00390625 0.0140625
1 0.625 0.34375 0.003515625 0.01875
1 0.6359375 0.32734375 0.00390625 0.014453125
1 0.66484375 0.3609375 0.005078125 0.025390625
7 0.8546875 0.34375 0.00390625 0.015234375
7 0.67265625 0.32734375 0.00390625 0.011328125
1 0.934375 0.3578125 0.00625 0.01875
7 0.8421875 0.3296875 0.0046875 0.015234375
7 0.7828125 0.36328125 0.006640625 0.025
7 0.7375 0.35546875 0.008203125 0.021875
7 0.8390625 0.353125 0.007421875 0.021875
1 0.91875 0.3375 0.00390625 0.01328125
1 0.62734375 0.35078125 0.00546875 0.021875
1 0.8734375 0.3296875 0.00390625 0.012890625
7 0.778125 0.32578125 0.003125 0.013671875
1 0.67265625 0.33359375 0.005859375 0.014453125
7 0.71484375 0.34765625 0.0046875 0.0171875
1 0.9015625 0.3328125 0.003125 0.01484375
7 0.85703125 0.3375 0.003125 0.01328125
7 0.8109375 0.32734375 0.002734375 0.011328125