7 0.2984375 0.371875 0.01796875 0.06953125
7 0.22734375 0.30703125 0.0109375 0.04453125
4 0.30625 0.2796875 0.0078125 0.03046875
7 0.1484375 0.2328125 0.0046875 0.01875
7 0.19296875 0.27421875 0.00859375 0.03359375
7 0.15703125 0.2421875 0.00625 0.021875
7 0.5078125 0.56484375 0.0421875 0.14765625
7 0.171875 0.25546875 0.00625 0.028125
4 0.2703125 0.25078125 0.0046875 0.01875
7 0.12265625 0.2109375 0.00234375 0.0109375
7 0.140625 0.22734375 0.00390625 0.0171875
7 0.13359375 0.221875 0.00390625 0.01484375
7 0.1296875 0.21796875 0.003125 0.0140625
7 0.12578125 0.21484375 0.003125 0.01171875