7 0.81953125 0.22578125 0.0109375 0.036328125
7 0.86171875 0.2109375 0.00859375 0.030859375
7 0.9390625 0.20078125 0.01015625 0.028125
4 0.54609375 0.27265625 0.013671875 0.051171875
1 0.70859375 0.53828125 0.065625 0.176953125
4 0.7421875 0.28671875 0.0171875 0.0609375
7 0.83671875 0.25234375 0.015625 0.048046875
4 0.68671875 0.3453125 0.026171875 0.0859375
4 0.4421875 0.31484375 0.01953125 0.0640625
5 0.2765625 0.30078125 0.01484375 0.046875
5 0.08046875 0.31015625 0.012890625 0.044921875
5 0.15390625 0.2796875 0.0125 0.034765625
5 0.365625 0.26875 0.01015625 0.037109375