4 0.47890625 0.68671875 0.06640625 0.226953125
4 0.746875 0.34609375 0.024609375 0.083984375
4 0.771875 0.29375 0.0171875 0.062109375
4 0.78828125 0.29375 0.019140625 0.062109375
4 0.81171875 0.26484375 0.01640625 0.051171875
4 0.83984375 0.22890625 0.0125 0.0359375
4 0.8578125 0.20703125 0.007421875 0.0296875
4 0.86796875 0.19375 0.00703125 0.025390625
4 0.875 0.18359375 0.0078125 0.021875
4 0.88125 0.17578125 0.00703125 0.019921875
4 0.8859375 0.17109375 0.00390625 0.016796875
4 0.8890625 0.1671875 0.00390625 0.015234375
4 0.89296875 0.1609375 0.001953125 0.012890625
4 0.9484375 0.16640625 0.00390625 0.0171875
4 0.946875 0.1640625 0.0046875 0.015234375
4 0.94296875 0.1609375 0.0046875 0.015234375