7 0.3796875 0.359375 0.021875 0.06953125
7 0.73046875 0.3921875 0.019140625 0.059765625
1 0.71171875 0.50078125 0.02734375 0.101953125
7 0.58515625 0.3921875 0.023828125 0.071875
1 0.28984375 0.4421875 0.03671875 0.112890625
7 0.77890625 0.375 0.012890625 0.047265625
7 0.234375 0.31875 0.021484375 0.060546875
2 0.17890625 0.26875 0.017578125 0.074609375
7 0.1796875 0.28671875 0.0109375 0.046875
2 0.18984375 0.2796875 0.021875 0.083984375
4 0.48984375 0.7359375 0.087109375 0.228515625
1 0.89921875 0.3765625 0.01484375 0.040234375
1 0.81015625 0.34140625 0.008984375 0.030078125
1 0.71796875 0.3140625 0.007421875 0.025390625
1 0.6265625 0.29296875 0.006640625 0.023046875
1 0.53203125 0.275 0.005078125 0.021875
1 0.434375 0.2609375 0.007421875 0.021875
1 0.33515625 0.24921875 0.00625 0.023046875
1 0.2421875 0.24296875 0.006640625 0.026953125
1 0.1546875 0.2421875 0.006640625 0.03125
7 0.76796875 0.353125 0.014453125 0.03828125
7 0.72421875 0.33125 0.008203125 0.03125
7 0.6625 0.31171875 0.008984375 0.0296875
7 0.59609375 0.2953125 0.0078125 0.027734375
7 0.52265625 0.28125 0.00859375 0.025390625
7 0.44453125 0.26953125 0.007421875 0.026171875
7 0.36796875 0.26171875 0.009375 0.026953125
7 0.2984375 0.25703125 0.008984375 0.0296875
7 0.2359375 0.2578125 0.01015625 0.033984375
4 0.14921875 0.23515625 0.008203125 0.0296875
4 0.140625 0.221875 0.0078125 0.024609375
4 0.134375 0.21328125 0.00625 0.0203125
4 0.12890625 0.20625 0.005078125 0.01875
4 0.109375 0.2046875 0.007421875 0.01875
4 0.08671875 0.20234375 0.005859375 0.019921875
4 0.0625 0.19921875 0.005859375 0.01875
4 0.05703125 0.2046875 0.007421875 0.02109375
4 0.05078125 0.21328125 0.004296875 0.026171875
1 0.94609375 0.4734375 0.0140625 0.066015625
7 0.19375 0.265625 0.0078125 0.040234375