1 0.2203125 0.603125 0.063671875 0.109765625
1 0.36796875 0.45078125 0.01953125 0.042578125
1 0.39453125 0.421875 0.015234375 0.03515625
1 0.41171875 0.409375 0.0140625 0.03125
1 0.85 0.40078125 0.012109375 0.024609375
1 0.42421875 0.3984375 0.009375 0.024609375
1 0.43359375 0.3890625 0.00859375 0.019140625
1 0.48046875 0.3859375 0.008203125 0.01875
1 0.54609375 0.38671875 0.006640625 0.017578125
7 0.7171875 0.39921875 0.01015625 0.0234375
7 0.9171875 0.41328125 0.016015625 0.032421875
7 0.8234375 0.6109375 0.064453125 0.121484375
7 0.62421875 0.45546875 0.029296875 0.055859375
7 0.54375 0.396875 0.012109375 0.02578125
7 0.7890625 0.40703125 0.015625 0.030078125
7 0.65 0.39609375 0.01171875 0.02265625
7 0.60234375 0.39296875 0.009375 0.020703125
7 0.58359375 0.42421875 0.01953125 0.03671875
7 0.56640625 0.40859375 0.01328125 0.03125
7 0.5609375 0.3921875 0.0109375 0.019921875
4 0.35234375 0.371875 0.006640625 0.015625
4 0.61015625 0.37578125 0.004296875 0.008203125
4 0.49140625 0.378125 0.005078125 0.006640625
4 0.8296875 0.378125 0.006640625 0.008984375
4 0.75625 0.375 0.009765625 0.01171875
4 0.69375 0.37421875 0.00546875 0.00625