1 0.7546875 0.3546875 0.012109375 0.034765625
1 0.3203125 0.33984375 0.021484375 0.06171875
1 0.91015625 0.384375 0.012109375 0.03671875
7 0.60234375 0.37265625 0.01640625 0.05625
1 0.61484375 0.33515625 0.01015625 0.039453125
1 0.4765625 0.328125 0.013671875 0.04453125
7 0.5125 0.39609375 0.0203125 0.073046875
1 0.11875 0.403125 0.037890625 0.1015625
7 0.81875 0.38671875 0.01484375 0.0453125
7 0.70390625 0.37265625 0.015234375 0.048046875
7 0.45078125 0.47421875 0.034765625 0.108984375
7 0.5109375 0.75078125 0.07734375 0.19296875