1 0.85390625 0.24921875 0.014453125 0.048046875
1 0.8171875 0.28828125 0.01953125 0.062109375
2 0.7625 0.32578125 0.03359375 0.142578125
1 0.7484375 0.37421875 0.02734375 0.095703125
1 0.88828125 0.2046875 0.008203125 0.033984375
1 0.63828125 0.509375 0.04609375 0.1578125
1 0.9359375 0.17265625 0.0046875 0.0203125
1 0.90390625 0.18984375 0.0078125 0.026953125
1 0.875 0.21953125 0.01015625 0.036328125
1 0.3265625 0.76875 0.041015625 0.15703125
2 0.72734375 0.36484375 0.03984375 0.16953125
1 0.9234375 0.18046875 0.008203125 0.023828125