1 0.5296875 0.396875 0.010546875 0.037109375
7 0.7203125 0.475 0.0203125 0.074609375
7 0.78125 0.38828125 0.012890625 0.035546875
7 0.903125 0.71484375 0.056640625 0.190234375
7 0.74609375 0.35234375 0.006640625 0.0203125
7 0.8078125 0.334375 0.002734375 0.01328125
1 0.94609375 0.3578125 0.00703125 0.019140625
1 0.60390625 0.3796875 0.009765625 0.030859375
1 0.9 0.3421875 0.003515625 0.01484375
1 0.8796875 0.3515625 0.0046875 0.01875
7 0.71640625 0.40859375 0.0125 0.04375
7 0.7671875 0.34375 0.00546875 0.01796875
7 0.71484375 0.33515625 0.001953125 0.013671875
1 0.415625 0.44453125 0.01875 0.0609375
1 0.678125 0.35625 0.005078125 0.01953125
7 0.73046875 0.33359375 0.002734375 0.0109375
1 0.8640625 0.33515625 0.0046875 0.013671875
1 0.64765625 0.35 0.005859375 0.019140625
1 0.6359375 0.33984375 0.003125 0.014453125
1 0.6421875 0.3359375 0.003515625 0.012890625
1 0.68046875 0.371875 0.0078125 0.025390625
7 0.8453125 0.3546875 0.005078125 0.02109375
1 0.8359375 0.346875 0.003125 0.015234375
7 0.91484375 0.3625 0.0046875 0.01953125
1 0.63046875 0.3453125 0.005859375 0.01875
7 0.70625 0.3375 0.002734375 0.01328125
7 0.79609375 0.3421875 0.0046875 0.01484375
7 0.78359375 0.34765625 0.00390625 0.0171875
1 0.2125 0.6296875 0.0453125 0.15390625
1 0.87265625 0.34375 0.0046875 0.016015625
7 0.7859375 0.35859375 0.005078125 0.021875
1 0.6609375 0.3328125 0.003515625 0.012109375
1 0.71171875 0.36171875 0.007421875 0.026171875
1 0.6765625 0.33046875 0.004296875 0.013671875
7 0.709375 0.3453125 0.005078125 0.021875
7 0.8234375 0.378125 0.009765625 0.030859375
7 0.825 0.3671875 0.007421875 0.025390625