4 0.1484375 0.2484375 0.0125 0.03515625
4 0.13359375 0.22890625 0.009375 0.0296875
4 0.35703125 0.57734375 0.06328125 0.172265625
4 0.21015625 0.35078125 0.0234375 0.075
4 0.16796875 0.28203125 0.015625 0.046875
4 0.27578125 0.4125 0.02890625 0.100390625
4 0.25078125 0.41171875 0.03046875 0.10078125
4 0.1265625 0.2171875 0.00859375 0.024609375
4 0.12109375 0.2078125 0.00546875 0.019140625
4 0.06015625 0.18125 0.00390625 0.012890625
4 0.11796875 0.20078125 0.004296875 0.0171875
4 0.05078125 0.1921875 0.0046875 0.019140625
4 0.0625 0.1796875 0.004296875 0.012109375
4 0.109375 0.18828125 0.003515625 0.013671875
4 0.0546875 0.18828125 0.003515625 0.016796875
4 0.06484375 0.178125 0.002734375 0.01171875
4 0.1125 0.19375 0.003125 0.012890625
4 0.115625 0.196875 0.003125 0.015234375