1 0.4109375 0.46953125 0.01640625 0.069921875
7 0.60625 0.43125 0.013671875 0.05
7 0.6578125 0.4671875 0.019140625 0.06484375
1 0.3734375 0.5921875 0.033984375 0.130859375
7 0.56328125 0.409375 0.015234375 0.040234375
1 0.4125 0.42265625 0.012890625 0.046875
7 0.75234375 0.55234375 0.03828125 0.1046875
7 0.83515625 0.41328125 0.015234375 0.038671875
1 0.403125 0.40390625 0.01328125 0.038671875
7 0.8859375 0.43671875 0.01484375 0.048828125
1 0.509375 0.37265625 0.008203125 0.023046875
1 0.93984375 0.40078125 0.0109375 0.033203125
1 0.86875 0.38671875 0.008984375 0.030078125
1 0.45234375 0.3765625 0.00703125 0.025
1 0.5640625 0.3703125 0.005859375 0.022265625
7 0.77578125 0.39375 0.0109375 0.03125
7 0.53125 0.38515625 0.00703125 0.0296875
1 0.403125 0.384375 0.009375 0.03046875
1 0.8 0.37734375 0.008984375 0.023828125
1 0.62265625 0.37109375 0.00703125 0.023046875
7 0.66171875 0.3828125 0.00859375 0.025
4 0.41640625 0.34765625 0.00390625 0.014453125
4 0.690625 0.35234375 0.003125 0.013671875
4 0.7140625 0.35234375 0.003125 0.013671875
4 0.43984375 0.34765625 0.00390625 0.013671875
7 0.58984375 0.38125 0.009765625 0.027734375
7 0.73125 0.38671875 0.00625 0.026953125
7 0.53515625 0.39765625 0.008984375 0.033203125
4 0.66796875 0.3515625 0.00390625 0.01484375
4 0.46015625 0.34765625 0.002734375 0.012890625
4 0.48359375 0.346875 0.00390625 0.012890625
1 0.69296875 0.37265625 0.007421875 0.021875
4 0.64375 0.35078125 0.00390625 0.0140625