1 0.54375 0.3921875 0.0234375 0.076171875
7 0.940625 0.42578125 0.015234375 0.055078125
1 0.80859375 0.371875 0.013671875 0.04453125
1 0.66796875 0.3640625 0.01796875 0.0546875
7 0.84453125 0.43046875 0.021484375 0.070703125
1 0.41953125 0.51015625 0.042578125 0.139453125
7 0.80078125 0.4765625 0.033203125 0.088671875
7 0.88125 0.6421875 0.048046875 0.159375
4 0.11484375 0.22265625 0.01015625 0.03125
4 0.14921875 0.22578125 0.008203125 0.030078125
4 0.31328125 0.4 0.03046875 0.0953125
4 0.21484375 0.2953125 0.017578125 0.055859375
4 0.071875 0.21875 0.010546875 0.03203125
4 0.1734375 0.2515625 0.01171875 0.037890625