1 0.1796875 0.3296875 0.01875 0.062109375
1 0.5453125 0.31015625 0.01171875 0.033203125
1 0.30625 0.3078125 0.01484375 0.047265625
1 0.91875 0.38671875 0.009765625 0.0296875
1 0.7828125 0.35859375 0.007421875 0.028125
7 0.5546875 0.36171875 0.0234375 0.06171875
7 0.4625 0.41953125 0.033984375 0.093359375
7 0.8953125 0.40390625 0.009375 0.0359375
1 0.66171875 0.3328125 0.009765625 0.030859375
7 0.646875 0.36171875 0.01328125 0.046875
7 0.76875 0.3765625 0.0109375 0.037890625
1 0.42109375 0.29921875 0.0140625 0.038671875
7 0.47109375 0.6375 0.063671875 0.19453125