1 0.07421875 0.31171875 0.023828125 0.070703125
1 0.21328125 0.26328125 0.0125 0.04375
1 0.5453125 0.27109375 0.008984375 0.025
1 0.378125 0.265625 0.008984375 0.037890625
1 0.58671875 0.27265625 0.00625 0.023828125
7 0.50625 0.3046875 0.009765625 0.04140625
7 0.42890625 0.33046875 0.014453125 0.05625
1 0.6296875 0.275 0.008203125 0.021875
7 0.89765625 0.32734375 0.0046875 0.019921875
7 0.76640625 0.3046875 0.00703125 0.02109375
1 0.49609375 0.26875 0.009375 0.027734375
7 0.60546875 0.30078125 0.010546875 0.03125
7 0.36484375 0.41328125 0.030859375 0.092578125
1 0.82421875 0.3046875 0.004296875 0.01640625
7 0.71953125 0.29921875 0.00703125 0.021875
7 0.6734375 0.29921875 0.008203125 0.026953125
1 0.87890625 0.31171875 0.005078125 0.0171875
1 0.759375 0.29453125 0.00546875 0.0171875
7 0.4703125 0.7 0.071484375 0.211328125
1 0.94296875 0.325 0.00625 0.01796875
1 0.6953125 0.28125 0.005078125 0.01875
7 0.83828125 0.31796875 0.007421875 0.01875
7 0.93515625 0.32890625 0.006640625 0.01875