1 0.32109375 0.5171875 0.0359375 0.091796875
7 0.8609375 0.66328125 0.058203125 0.157421875
7 0.66640625 0.51328125 0.030078125 0.089453125
7 0.7125 0.39921875 0.008984375 0.033203125
1 0.8890625 0.390625 0.010546875 0.03046875
1 0.33046875 0.4546875 0.016015625 0.06015625
7 0.91953125 0.42265625 0.015625 0.044921875
1 0.42578125 0.39140625 0.0109375 0.035546875
1 0.575 0.3796875 0.008984375 0.028125
1 0.64921875 0.38046875 0.0078125 0.028125
1 0.503125 0.3828125 0.00859375 0.02890625
7 0.81171875 0.40625 0.01171875 0.03671875
1 0.1859375 0.78515625 0.042578125 0.127734375
7 0.53828125 0.409375 0.0109375 0.04296875
1 0.34921875 0.40703125 0.010546875 0.0421875
1 0.740625 0.38203125 0.00859375 0.026953125
7 0.5640625 0.4453125 0.016796875 0.055859375
7 0.6171875 0.39765625 0.012890625 0.035546875
4 0.73671875 0.35 0.004296875 0.015234375
4 0.71015625 0.35 0.004296875 0.015234375
4 0.68359375 0.34921875 0.004296875 0.0140625
4 0.47265625 0.34375 0.00390625 0.01328125
4 0.44453125 0.3453125 0.003125 0.01484375
4 0.42109375 0.3453125 0.00390625 0.012890625
4 0.39296875 0.3453125 0.004296875 0.015234375
4 0.3578125 0.34609375 0.00390625 0.016796875
4 0.65625 0.3484375 0.005078125 0.016015625