1 0.06796875 0.5546875 0.0515625 0.124609375
1 0.24375 0.35859375 0.006640625 0.030078125
7 0.32578125 0.45078125 0.02578125 0.07109375
7 0.26484375 0.40078125 0.0171875 0.05
7 0.10703125 0.31953125 0.005078125 0.0171875
7 0.31875 0.37421875 0.009765625 0.039453125
1 0.28671875 0.3453125 0.008984375 0.025390625
1 0.21640625 0.3296875 0.00546875 0.019140625
1 0.13515625 0.371875 0.0140625 0.03828125
7 0.38671875 0.35859375 0.009375 0.0328125
7 0.34296875 0.3171875 0.001953125 0.012890625
1 0.2546875 0.3375 0.00625 0.022265625
7 0.41328125 0.3453125 0.00703125 0.024609375
7 0.14140625 0.31484375 0.00390625 0.014453125
7 0.33125 0.31328125 0.002734375 0.0109375
7 0.36796875 0.33828125 0.00625 0.0203125
7 0.08515625 0.32421875 0.00625 0.019921875
1 0.23671875 0.32109375 0.003125 0.016796875
1 0.096875 0.33671875 0.00703125 0.025
7 0.05078125 0.3296875 0.006640625 0.022265625
7 0.31328125 0.33125 0.00546875 0.01875
7 0.31640625 0.31171875 0.002734375 0.010546875
1 0.2109375 0.325 0.005078125 0.01796875
1 0.15 0.3234375 0.005859375 0.01875
7 0.55390625 0.525 0.03359375 0.103515625
1 0.1265625 0.328125 0.007421875 0.021875
1 0.3 0.31640625 0.00390625 0.013671875
1 0.29375 0.31328125 0.003125 0.0109375
1 0.28046875 0.31875 0.003125 0.015234375
1 0.190625 0.31484375 0.00390625 0.013671875
1 0.19921875 0.31328125 0.00390625 0.013671875
1 0.165625 0.32109375 0.00390625 0.0140625
7 0.15390625 0.31171875 0.00390625 0.014453125
1 0.1796875 0.3171875 0.003125 0.015234375
7 0.2953125 0.325 0.005078125 0.01796875
7 0.31328125 0.32109375 0.003125 0.016796875
7 0.33828125 0.31953125 0.00390625 0.014453125