1 0.17734375 0.5046875 0.0390625 0.068359375
1 0.27890625 0.44609375 0.022265625 0.042578125
1 0.3890625 0.4109375 0.014453125 0.028125
1 0.50234375 0.3953125 0.01171875 0.021875
1 0.49765625 0.36640625 0.008203125 0.021875
1 0.63203125 0.3859375 0.0109375 0.02265625
1 0.6796875 0.36015625 0.0109375 0.021875
1 0.76953125 0.38125 0.013671875 0.025
1 0.8875 0.37890625 0.013671875 0.025
7 0.42890625 0.35546875 0.003125 0.00625
7 0.4671875 0.353125 0.003125 0.00625
7 0.55546875 0.4390625 0.02578125 0.04765625
7 0.5875 0.42265625 0.020703125 0.040234375
7 0.66015625 0.4703125 0.034765625 0.0625
7 0.6984375 0.41015625 0.01484375 0.035546875
7 0.81171875 0.40703125 0.017578125 0.03671875
7 0.784375 0.3515625 0.004296875 0.009765625
7 0.790625 0.35234375 0.003515625 0.010546875
7 0.79921875 0.353125 0.005078125 0.01171875
7 0.9171875 0.41328125 0.016796875 0.039453125
7 0.91484375 0.35390625 0.00703125 0.0140625
7 0.8359375 0.353125 0.006640625 0.01328125
7 0.825 0.35390625 0.007421875 0.014453125
7 0.815625 0.353125 0.006640625 0.012890625
7 0.80625 0.3515625 0.006640625 0.012890625
1 0.13359375 0.58671875 0.062890625 0.105859375