1 0.3046875 0.3328125 0.0203125 0.05703125
7 0.4765625 0.38828125 0.023046875 0.06796875
1 0.71953125 0.3640625 0.01015625 0.034765625
1 0.45 0.3296875 0.009375 0.04375
7 0.41171875 0.4453125 0.029296875 0.096875
1 0.11171875 0.37578125 0.024609375 0.0890625
7 0.43125 0.63828125 0.060546875 0.18125
5 0.87109375 0.36953125 0.004296875 0.019921875
5 0.1390625 0.24765625 0.006640625 0.0296875
4 0.87890625 0.38203125 0.005078125 0.026953125
5 0.7359375 0.33515625 0.0046875 0.019921875
5 0.46640625 0.2796875 0.003125 0.019140625
5 0.36796875 0.24921875 0.003515625 0.01328125
5 0.35625 0.25234375 0.003125 0.016796875
5 0.21171875 0.2421875 0.00625 0.021875
5 0.38671875 0.26953125 0.005078125 0.021875
5 0.2671875 0.27421875 0.00625 0.030078125
5 0.2640625 0.23828125 0.00390625 0.019921875
5 0.2953125 0.23671875 0.00390625 0.016796875
5 0.31953125 0.26640625 0.00703125 0.026171875
5 0.33828125 0.25625 0.004296875 0.019140625
5 0.4046875 0.2640625 0.00390625 0.019140625
5 0.41796875 0.26171875 0.00390625 0.0171875
5 0.5578125 0.29375 0.002734375 0.019140625
5 0.53984375 0.28671875 0.002734375 0.0171875
7 0.565625 0.3734375 0.016796875 0.053125
1 0.5859375 0.34140625 0.009375 0.036328125
7 0.665625 0.37890625 0.012109375 0.044921875
7 0.77421875 0.3953125 0.013671875 0.041015625
5 0.76484375 0.3375 0.004296875 0.01875
5 0.8171875 0.36015625 0.00390625 0.021875
1 0.875 0.40078125 0.011328125 0.035546875
7 0.90625 0.4265625 0.01640625 0.0421875
5 0.4625 0.2734375 0.00390625 0.016015625
5 0.6421875 0.31171875 0.004296875 0.0171875
5 0.640625 0.30625 0.003515625 0.015234375