7 0.8015625 0.35078125 0.01328125 0.05
7 0.234375 0.4484375 0.0328125 0.106640625
1 0.15 0.25625 0.005859375 0.024609375
1 0.0890625 0.26484375 0.007421875 0.028125
7 0.20859375 0.3546875 0.0203125 0.063671875
7 0.2640625 0.25625 0.00703125 0.022265625
7 0.23203125 0.26328125 0.0078125 0.025
7 0.4078125 0.63125 0.05703125 0.188671875
7 0.2 0.31328125 0.015625 0.048046875
1 0.1921875 0.25078125 0.005078125 0.019921875
7 0.19609375 0.2921875 0.009375 0.037890625
7 0.20390625 0.27578125 0.008984375 0.03125
7 0.89609375 0.2828125 0.005859375 0.016015625
7 0.3765625 0.23984375 0.00390625 0.014453125
1 0.23359375 0.24609375 0.00390625 0.01875
1 0.28125 0.240625 0.003125 0.01328125
7 0.290625 0.24921875 0.00625 0.019921875
7 0.30703125 0.2453125 0.004296875 0.01875
1 0.31875 0.23828125 0.00390625 0.0140625
7 0.33671875 0.2421875 0.005078125 0.016015625
1 0.35859375 0.2359375 0.003125 0.012890625
1 0.8890625 0.32265625 0.012109375 0.033203125
1 0.9453125 0.29921875 0.004296875 0.0171875
7 0.759375 0.3234375 0.01015625 0.037890625
7 0.7078125 0.30234375 0.00625 0.030078125
7 0.62890625 0.2875 0.006640625 0.025
7 0.5546875 0.27734375 0.005078125 0.0203125
7 0.5765625 0.26484375 0.003515625 0.0171875
7 0.6296875 0.26328125 0.0046875 0.016796875
7 0.68203125 0.265625 0.00390625 0.01328125
1 0.65546875 0.2734375 0.004296875 0.02109375
1 0.69296875 0.2828125 0.0046875 0.021875
1 0.69609375 0.27421875 0.0046875 0.0171875
1 0.8296875 0.30859375 0.006640625 0.028125
1 0.76171875 0.2953125 0.00859375 0.025
1 0.7484375 0.27734375 0.005078125 0.0171875
7 0.74296875 0.26875 0.005078125 0.015234375
1 0.8125 0.28125 0.00390625 0.016015625
7 0.815625 0.27578125 0.004296875 0.0140625
1 0.875 0.2875 0.005078125 0.016015625