1 0.9328125 0.3390625 0.03203125 0.09140625
1 0.75859375 0.178125 0.00625 0.02578125
1 0.68203125 0.440625 0.0359375 0.125
1 0.92421875 0.22265625 0.01171875 0.04453125
1 0.47734375 0.18046875 0.00546875 0.02421875
1 0.559375 0.1796875 0.00546875 0.025
1 0.65546875 0.17734375 0.00625 0.02578125
7 0.9359375 0.1828125 0.00859375 0.03046875
1 0.84375 0.19453125 0.0078125 0.0328125
7 0.83046875 0.1703125 0.0046875 0.02265625
1 0.09765625 0.7625 0.0359375 0.1703125
7 0.29140625 0.1703125 0.003125 0.01328125
1 0.1703125 0.18671875 0.0046875 0.0203125
1 0.103125 0.19140625 0.00546875 0.021875
7 0.52890625 0.171875 0.0046875 0.021875
7 0.11484375 0.18125 0.003125 0.01484375
7 0.334375 0.17109375 0.003125 0.01640625
7 0.46171875 0.1703125 0.0046875 0.0203125
7 0.72265625 0.17109375 0.0046875 0.0203125
7 0.49453125 0.1578125 0.003125 0.01171875
7 0.396875 0.16328125 0.003125 0.01484375
7 0.58828125 0.15625 0.00234375 0.0078125
1 0.23515625 0.1828125 0.00390625 0.01953125
7 0.4390625 0.16015625 0.003125 0.01328125
1 0.12578125 0.17734375 0.003125 0.0140625
1 0.3671875 0.175 0.0046875 0.021875
7 0.5453125 0.15703125 0.003125 0.01015625
1 0.29765625 0.17890625 0.0046875 0.01875
1 0.453125 0.15703125 0.00234375 0.01015625
7 0.15234375 0.18203125 0.00390625 0.01875
1 0.4203125 0.1796875 0.0046875 0.021875
7 0.16328125 0.17734375 0.00234375 0.01328125
1 0.40625 0.1578125 0.00234375 0.01171875
1 0.184375 0.1734375 0.003125 0.01171875
1 0.296875 0.1671875 0.00234375 0.0109375
7 0.41796875 0.16875 0.00234375 0.0171875
7 0.23046875 0.171875 0.003125 0.01328125
7 0.24765625 0.1765625 0.00390625 0.01640625
7 0.609375 0.16875 0.00390625 0.021875
7 0.35390625 0.1671875 0.00234375 0.0140625
7 0.06640625 0.18671875 0.003125 0.01328125
1 0.5109375 0.15625 0.00234375 0.0078125
1 0.0703125 0.18203125 0.003125 0.0140625