1 0.140625 0.47890625 0.01953125 0.083203125
1 0.4125 0.48828125 0.024609375 0.086328125
1 0.25859375 0.36171875 0.01328125 0.033203125
7 0.659375 0.49375 0.025 0.08203125
1 0.234375 0.37578125 0.0140625 0.041796875
1 0.23359375 0.4078125 0.01640625 0.050390625
1 0.45546875 0.38359375 0.0109375 0.0390625
1 0.46328125 0.36640625 0.00859375 0.0328125
1 0.315625 0.3515625 0.009765625 0.03125
7 0.08359375 0.3640625 0.0140625 0.041015625
1 0.4421875 0.41328125 0.015625 0.051953125
7 0.6046875 0.4171875 0.017578125 0.052734375
1 0.43984375 0.35625 0.0078125 0.028125
7 0.58359375 0.38984375 0.012890625 0.039453125
7 0.53359375 0.353125 0.005078125 0.024609375
7 0.35546875 0.33828125 0.00546875 0.023046875
1 0.38828125 0.35 0.0078125 0.028125
7 0.44453125 0.34375 0.0046875 0.021875
7 0.1453125 0.3484375 0.009765625 0.03125
7 0.89921875 0.7734375 0.048828125 0.151171875
7 0.56796875 0.36875 0.008203125 0.03125
7 0.25625 0.33984375 0.006640625 0.028125
1 0.22265625 0.771875 0.04140625 0.153515625