7 0.2984375 0.3375 0.015625 0.059765625
7 0.4609375 0.46015625 0.037890625 0.10625
7 0.1953125 0.259375 0.007421875 0.03125
7 0.15859375 0.23046875 0.006640625 0.021875
7 0.1734375 0.24296875 0.00859375 0.025
7 0.2296875 0.2859375 0.01171875 0.041015625
7 0.14765625 0.22265625 0.00625 0.01875
7 0.1390625 0.21640625 0.0046875 0.0171875
2 0.13359375 0.20625 0.00625 0.024609375
4 0.12734375 0.20703125 0.003125 0.0140625
4 0.1234375 0.20390625 0.002734375 0.011328125
4 0.11953125 0.20078125 0.001953125 0.0109375
4 0.11640625 0.1984375 0.002734375 0.009765625
4 0.11328125 0.19609375 0.001953125 0.010546875