1 0.25703125 0.325 0.01640625 0.05
1 0.3734375 0.3109375 0.01328125 0.03984375
7 0.38984375 0.396875 0.01953125 0.071875
1 0.09140625 0.35625 0.021875 0.071875
1 0.90703125 0.35703125 0.00703125 0.023046875
2 0.84609375 0.33828125 0.008984375 0.028125
7 0.37890625 0.51484375 0.048828125 0.1296875
1 0.409375 0.27578125 0.008984375 0.026171875
7 0.4921875 0.35703125 0.01484375 0.051171875
1 0.415625 0.29609375 0.008203125 0.03125
1 0.0875 0.19765625 0.006640625 0.021875
2 0.7765625 0.32265625 0.007421875 0.0328125
7 0.53984375 0.30390625 0.009375 0.0296875
7 0.1328125 0.1984375 0.00625 0.01875
1 0.165625 0.2109375 0.00546875 0.021875
7 0.8625 0.3546875 0.00625 0.022265625
7 0.49375 0.28125 0.00625 0.022265625
7 0.0609375 0.18359375 0.003515625 0.019921875
2 0.79921875 0.33125 0.00859375 0.03125
1 0.37421875 0.25625 0.00546875 0.021875
1 0.32265625 0.23671875 0.00625 0.019921875
1 0.7546875 0.31875 0.003515625 0.016015625
7 0.66640625 0.29765625 0.005859375 0.016796875
1 0.24609375 0.22421875 0.006640625 0.019921875
7 0.74609375 0.3203125 0.00625 0.01875
7 0.29921875 0.228125 0.003125 0.015234375
7 0.70390625 0.30703125 0.005078125 0.01875
7 0.4328125 0.2578125 0.0046875 0.02109375
2 0.8234375 0.33125 0.00703125 0.03046875
7 0.60703125 0.2796875 0.00390625 0.015234375
1 0.71953125 0.31015625 0.00390625 0.014453125
7 0.54140625 0.328125 0.0140625 0.037109375
1 0.6796875 0.2953125 0.00390625 0.015234375
7 0.37578125 0.2421875 0.00390625 0.01875
7 0.140625 0.18671875 0.003125 0.011328125
1 0.10234375 0.1765625 0.00390625 0.012109375
1 0.83203125 0.33828125 0.00546875 0.0203125
7 0.309375 0.21328125 0.003125 0.0109375
7 0.08515625 0.17734375 0.0046875 0.013671875
7 0.20703125 0.2109375 0.00546875 0.01640625
7 0.7890625 0.33203125 0.005859375 0.0203125
7 0.63515625 0.28671875 0.003125 0.0171875
7 0.22421875 0.1984375 0.00390625 0.012109375
7 0.26875 0.20546875 0.003125 0.0109375
7 0.49296875 0.2484375 0.001953125 0.01484375
7 0.35390625 0.2203125 0.00390625 0.01015625
1 0.63671875 0.28359375 0.001953125 0.013671875
7 0.57578125 0.2703125 0.00390625 0.012890625
7 0.18359375 0.1921875 0.003125 0.012890625
7 0.39140625 0.22734375 0.003125 0.011328125
1 0.25859375 0.20234375 0.003125 0.013671875
1 0.59375 0.2703125 0.00390625 0.012890625
1 0.5484375 0.25859375 0.00234375 0.0109375
7 0.53359375 0.259375 0.002734375 0.012109375
7 0.4453125 0.23828125 0.003125 0.011328125
1 0.15546875 0.18515625 0.00234375 0.010546875
1 0.31328125 0.2125 0.00234375 0.009765625
1 0.3609375 0.221875 0.003125 0.008984375
1 0.4109375 0.23203125 0.003125 0.010546875
1 0.4640625 0.2421875 0.00234375 0.009765625
1 0.5078125 0.25078125 0.002734375 0.0109375