7 0.47734375 0.421875 0.026171875 0.0890625
1 0.89140625 0.36484375 0.01015625 0.035546875
7 0.88125 0.44765625 0.017578125 0.069921875
7 0.73515625 0.46015625 0.026953125 0.080859375
7 0.27734375 0.36015625 0.01875 0.076171875
7 0.8671875 0.3828125 0.01328125 0.041015625
1 0.675 0.30625 0.004296875 0.025390625
4 0.8015625 0.3546875 0.0109375 0.034765625
4 0.146875 0.22734375 0.00625 0.026171875
1 0.42578125 0.61484375 0.058984375 0.190625
7 0.64765625 0.31015625 0.00703125 0.026171875
7 0.39921875 0.27109375 0.0109375 0.0296875
7 0.48125 0.28125 0.010546875 0.03203125
1 0.77890625 0.33125 0.00703125 0.028125
7 0.2578125 0.2703125 0.009375 0.037109375
1 0.36015625 0.2578125 0.005859375 0.025390625
2 0.2 0.2875 0.02109375 0.08671875
1 0.46484375 0.26953125 0.00703125 0.021875
7 0.3234375 0.2671875 0.0125 0.033984375
1 0.25859375 0.25 0.00625 0.025390625
1 0.1640625 0.25078125 0.01328125 0.036328125
4 0.05546875 0.20625 0.00859375 0.025390625
1 0.57109375 0.28515625 0.00859375 0.021875
7 0.90625 0.4171875 0.01953125 0.05625
7 0.72578125 0.328125 0.009375 0.025390625
4 0.08671875 0.20234375 0.0046875 0.019921875
4 0.1125 0.20546875 0.005859375 0.019921875
4 0.06171875 0.20078125 0.00703125 0.021875
7 0.565625 0.29375 0.00703125 0.024609375
4 0.1390625 0.21640625 0.00546875 0.019921875
4 0.15703125 0.24140625 0.01171875 0.0328125
7 0.20390625 0.3109375 0.01484375 0.058984375
7 0.21015625 0.284375 0.005078125 0.050390625
2 0.215625 0.30234375 0.027734375 0.09765625
4 0.1328125 0.2078125 0.004296875 0.01875