1 0.73046875 0.41171875 0.0140625 0.041796875
1 0.38828125 0.46640625 0.025390625 0.074609375
1 0.5171875 0.43125 0.019921875 0.056640625
1 0.63046875 0.41796875 0.01328125 0.046875
1 0.27265625 0.6625 0.06875 0.169140625
1 0.8390625 0.4171875 0.012109375 0.04375
7 0.51484375 0.3328125 0.001953125 0.012109375
7 0.328125 0.33125 0.003125 0.012890625
7 0.303125 0.3296875 0.003515625 0.012109375
7 0.83203125 0.6296875 0.041015625 0.13984375
7 0.82734375 0.459375 0.021875 0.062890625
7 0.71171875 0.4859375 0.0234375 0.076171875
7 0.5125 0.33515625 0.003125 0.0109375
7 0.3171875 0.328125 0.002734375 0.01171875