1 0.878125 0.340625 0.025390625 0.083984375
1 0.66640625 0.47734375 0.044921875 0.148828125
7 0.32265625 0.1703125 0.001953125 0.012109375
1 0.43671875 0.17265625 0.00703125 0.023046875
1 0.2796875 0.1796875 0.007421875 0.021875
1 0.21484375 0.17734375 0.001953125 0.011328125
1 0.2625 0.17421875 0.003515625 0.011328125
1 0.23671875 0.17734375 0.00625 0.01875
1 0.3421875 0.17734375 0.00703125 0.023046875
7 0.309375 0.16875 0.003125 0.016015625
7 0.36328125 0.16484375 0.00390625 0.0109375
1 0.52265625 0.16640625 0.0046875 0.019921875
7 0.40546875 0.16484375 0.003125 0.016796875
7 0.46953125 0.16171875 0.00625 0.01875
7 0.45625 0.15625 0.00390625 0.008984375
1 0.57890625 0.16015625 0.00546875 0.014453125
1 0.33828125 0.16171875 0.002734375 0.011328125
1 0.23203125 0.17734375 0.00390625 0.0109375
1 0.3890625 0.15703125 0.003515625 0.010546875
7 0.28828125 0.17265625 0.003125 0.0140625
1 0.29765625 0.16796875 0.001953125 0.011328125
7 0.34765625 0.16484375 0.00546875 0.0171875
7 0.29609375 0.17265625 0.001953125 0.011328125
1 0.44140625 0.15546875 0.003125 0.00625
1 0.2171875 0.17578125 0.003515625 0.014453125
7 0.52421875 0.1578125 0.00390625 0.012109375
1 0.634375 0.15703125 0.003125 0.010546875