1 0.13125 0.57578125 0.0328125 0.11640625
1 0.309375 0.428125 0.00859375 0.0390625
1 0.38515625 0.4453125 0.0109375 0.05234375
1 0.31484375 0.4828125 0.01953125 0.0671875
1 0.8859375 0.41328125 0.0109375 0.0390625
7 0.81484375 0.475 0.01640625 0.0671875
7 0.7 0.40859375 0.00859375 0.0390625
7 0.628125 0.39921875 0.00546875 0.0296875
1 0.84375 0.396875 0.00859375 0.0328125
7 0.72578125 0.43046875 0.0109375 0.04765625
7 0.5921875 0.50625 0.0234375 0.08359375
7 0.5578125 0.39765625 0.00546875 0.028125
7 0.52109375 0.421875 0.00859375 0.0390625
1 0.15390625 0.4390625 0.0125 0.0453125
7 0.575 0.4453125 0.0109375 0.05
1 0.59921875 0.390625 0.00625 0.0203125
7 0.43828125 0.41328125 0.0046875 0.03125
7 0.34296875 0.415625 0.00703125 0.03125
7 0.29765625 0.40625 0.00546875 0.02578125
7 0.66953125 0.67421875 0.0203125 0.11484375
7 0.1125 0.42421875 0.009375 0.03828125
7 0.08984375 0.415625 0.00703125 0.03125
1 0.08203125 0.4109375 0.00625 0.02578125
7 0.1984375 0.41328125 0.00546875 0.021875
7 0.2328125 0.4203125 0.00859375 0.03359375
1 0.30234375 0.4015625 0.0046875 0.0203125
1 0.19453125 0.40625 0.003125 0.021875
7 0.3890625 0.403125 0.00546875 0.02421875
1 0.39921875 0.396875 0.0046875 0.01953125
1 0.69375 0.38984375 0.00390625 0.021875
1 0.784375 0.390625 0.00625 0.02734375