1 0.20859375 0.33984375 0.023828125 0.067578125
1 0.70859375 0.38515625 0.015625 0.0546875
4 0.2625 0.42734375 0.03671875 0.10390625
7 0.2640625 0.24375 0.00625 0.022265625
7 0.44765625 0.33046875 0.017578125 0.05
1 0.7625 0.33984375 0.0078125 0.03125
1 0.2171875 0.23359375 0.006640625 0.021875
7 0.29453125 0.30625 0.01328125 0.047265625
1 0.48203125 0.38125 0.015234375 0.069140625
7 0.19296875 0.28125 0.011328125 0.04375
1 0.77890625 0.36484375 0.013671875 0.041796875
7 0.58359375 0.29140625 0.0078125 0.023828125
1 0.7078125 0.31640625 0.0078125 0.026171875
7 0.5765625 0.3375 0.01484375 0.044140625
7 0.328125 0.25 0.00625 0.021875
1 0.1390625 0.23203125 0.00625 0.025
7 0.2078125 0.24375 0.00703125 0.027734375
1 0.56328125 0.27734375 0.004296875 0.019921875
1 0.63984375 0.2953125 0.005078125 0.021875
1 0.303125 0.240625 0.00625 0.01875
7 0.52890625 0.27734375 0.00546875 0.0203125
7 0.65078125 0.31953125 0.00625 0.030078125
7 0.46640625 0.2671875 0.005078125 0.02109375
7 0.6390625 0.33125 0.011328125 0.037109375
7 0.39765625 0.25703125 0.00546875 0.0203125
7 0.628125 0.30546875 0.0078125 0.028125
1 0.3921875 0.25078125 0.003125 0.01875
4 0.1296875 0.21640625 0.004296875 0.019921875
4 0.471875 0.74296875 0.0765625 0.2109375
1 0.48046875 0.26328125 0.003125 0.0171875
5 0.94296875 0.365625 0.00625 0.027734375
2 0.16171875 0.25390625 0.017578125 0.060546875
7 0.15546875 0.2609375 0.007421875 0.034765625
2 0.1546875 0.24765625 0.00859375 0.055078125
7 0.16796875 0.25 0.005078125 0.030859375
4 0.13515625 0.22578125 0.0046875 0.021875
4 0.125 0.209375 0.003125 0.016015625
4 0.0546875 0.20234375 0.0046875 0.01875
4 0.059375 0.19765625 0.0046875 0.016796875
4 0.08125 0.2 0.0046875 0.015234375
4 0.10234375 0.2015625 0.001953125 0.016015625
4 0.1203125 0.2046875 0.00390625 0.015234375
5 0.07578125 0.196875 0.0015625 0.01171875
5 0.12734375 0.2015625 0.003515625 0.015234375
4 0.05 0.209375 0.003515625 0.01953125