4 0.6953125 0.22578125 0.00859375 0.026953125
7 0.2515625 0.38828125 0.023046875 0.076953125
1 0.8390625 0.48984375 0.058984375 0.15546875
4 0.47734375 0.384375 0.023046875 0.083984375
4 0.7078125 0.2453125 0.0125 0.03515625
4 0.60234375 0.2328125 0.00859375 0.025390625
4 0.634375 0.23046875 0.0078125 0.026171875
4 0.72734375 0.28125 0.0171875 0.053125
4 0.778125 0.37421875 0.034375 0.09609375
7 0.39765625 0.48203125 0.044140625 0.1265625
4 0.5546875 0.2921875 0.01640625 0.05
7 0.09375 0.36640625 0.02421875 0.05703125
4 0.66640625 0.22734375 0.00859375 0.028125
4 0.58515625 0.25390625 0.00859375 0.033203125
5 0.9296875 0.184375 0.00390625 0.016015625
5 0.940625 0.18984375 0.00390625 0.01875
5 0.6296875 0.2203125 0.003125 0.021875
5 0.7015625 0.20625 0.003515625 0.01796875
5 0.7046875 0.21875 0.00390625 0.021875
5 0.75390625 0.20703125 0.003125 0.01875
5 0.8 0.19453125 0.002734375 0.0171875
5 0.83203125 0.19765625 0.003125 0.0171875