7 0.38828125 0.38984375 0.01484375 0.06640625
1 0.2765625 0.32578125 0.0125 0.04453125
1 0.12578125 0.34375 0.01875 0.06171875
1 0.92265625 0.38046875 0.00546875 0.021875
1 0.4296875 0.30625 0.00625 0.0296875
1 0.4265625 0.28828125 0.0046875 0.02421875
2 0.81328125 0.3515625 0.00703125 0.03125
1 0.38671875 0.3171875 0.0078125 0.0359375
7 0.5484375 0.3390625 0.0078125 0.03515625
7 0.36015625 0.47578125 0.0265625 0.1078125
2 0.8390625 0.35234375 0.00625 0.03046875
7 0.49296875 0.36171875 0.0109375 0.04453125
7 0.7609375 0.33984375 0.00546875 0.01875
1 0.065625 0.1921875 0.0046875 0.0203125
7 0.553125 0.31796875 0.00546875 0.02734375
7 0.23671875 0.221875 0.00390625 0.0171875
1 0.771875 0.3390625 0.00390625 0.01484375
1 0.2734375 0.234375 0.0046875 0.01875
1 0.34609375 0.24921875 0.0046875 0.01953125
1 0.6984375 0.31484375 0.003125 0.0140625
2 0.86171875 0.359375 0.0078125 0.0296875
7 0.509375 0.29453125 0.00546875 0.021875
7 0.1234375 0.18671875 0.003125 0.01171875
7 0.80234375 0.35234375 0.00546875 0.0203125
1 0.07578125 0.17421875 0.003125 0.01171875
7 0.45234375 0.271875 0.0046875 0.01953125
7 0.325 0.23984375 0.003125 0.01484375
7 0.6984375 0.78984375 0.0234375 0.11328125
7 0.21484375 0.20234375 0.003125 0.01171875
1 0.39453125 0.26796875 0.0046875 0.0203125
7 0.684375 0.315625 0.00390625 0.01640625
7 0.71953125 0.32578125 0.00390625 0.0171875
1 0.7375 0.32890625 0.003125 0.0140625
1 0.125 0.20625 0.00546875 0.021875
7 0.1671875 0.2078125 0.00390625 0.01875
7 0.0625 0.175 0.00390625 0.01484375
7 0.10078125 0.19296875 0.00625 0.01875
1 0.196875 0.2203125 0.00390625 0.01953125
1 0.84765625 0.36015625 0.00390625 0.01875
7 0.3984375 0.2546875 0.003125 0.01640625
7 0.0515625 0.18046875 0.00390625 0.0171875
7 0.175 0.19609375 0.003125 0.01171875
7 0.653125 0.30625 0.003125 0.0140625
2 0.790625 0.3421875 0.00703125 0.0328125
7 0.62578125 0.29765625 0.003125 0.0140625
1 0.6140625 0.28671875 0.003125 0.01328125
1 0.18984375 0.1953125 0.00234375 0.0109375
1 0.80625 0.3484375 0.003125 0.01640625
1 0.1390625 0.18671875 0.003125 0.01171875
7 0.51484375 0.2640625 0.0015625 0.0109375
7 0.41640625 0.2421875 0.003125 0.01171875
7 0.5953125 0.2875 0.003125 0.0140625
7 0.875 0.37578125 0.00625 0.021875
7 0.2546875 0.21015625 0.00234375 0.01328125
1 0.65625 0.30078125 0.003125 0.01328125
7 0.55390625 0.27578125 0.00234375 0.0109375