1 0.4359375 0.3984375 0.014453125 0.049609375
1 0.40546875 0.3796875 0.0125 0.04140625
7 0.6265625 0.4515625 0.024609375 0.071875
1 0.36796875 0.5359375 0.029296875 0.112890625
1 0.3359375 0.3703125 0.01328125 0.040234375
1 0.22734375 0.37421875 0.01484375 0.044921875
1 0.41484375 0.4421875 0.022265625 0.0671875
7 0.41796875 0.35703125 0.007421875 0.03125
1 0.12265625 0.39375 0.015625 0.05546875
7 0.7 0.5453125 0.04296875 0.113671875
7 0.303125 0.35078125 0.010546875 0.0328125
7 0.534375 0.37265625 0.011328125 0.035546875
7 0.58828125 0.40390625 0.0125 0.046875
7 0.1609375 0.35625 0.0109375 0.037890625