7 0.3296875 0.40078125 0.02265625 0.078125
4 0.321875 0.290625 0.01015625 0.033984375
7 0.24375 0.32421875 0.0171875 0.049609375
7 0.20390625 0.2875 0.012109375 0.03671875
7 0.16484375 0.25234375 0.00859375 0.023046875
7 0.146875 0.23671875 0.003515625 0.016796875
1 0.05234375 0.215625 0.003125 0.012109375
4 0.28046875 0.259375 0.005078125 0.01953125
7 0.13984375 0.23046875 0.005859375 0.014453125
7 0.1359375 0.2265625 0.003515625 0.01484375
7 0.13203125 0.2234375 0.00390625 0.01484375
7 0.12890625 0.2203125 0.002734375 0.012890625
7 0.12578125 0.2171875 0.001953125 0.01015625
7 0.12421875 0.215625 0.0015625 0.009765625
2 0.121875 0.21171875 0.002734375 0.014453125
7 0.18125 0.2671875 0.008984375 0.028125
7 0.15546875 0.24375 0.006640625 0.019140625
7 0.62578125 0.66484375 0.053125 0.185546875
1 0.05546875 0.21328125 0.003125 0.011328125
1 0.059375 0.21171875 0.002734375 0.011328125
1 0.06171875 0.21015625 0.002734375 0.010546875
2 0.0640625 0.20625 0.00390625 0.016015625