1 0.4359375 0.67265625 0.061328125 0.21171875
1 0.48984375 0.43125 0.0328125 0.10625
1 0.43046875 0.36171875 0.01953125 0.071875
1 0.3390625 0.34296875 0.016015625 0.053125
1 0.21875 0.34375 0.016015625 0.044921875
1 0.11484375 0.35625 0.012890625 0.04375
1 0.3 0.26328125 0.00625 0.0171875
1 0.36875 0.25234375 0.00390625 0.016796875
1 0.43046875 0.2453125 0.003125 0.01640625
1 0.48203125 0.24375 0.00546875 0.019140625
1 0.51171875 0.259375 0.0078125 0.027734375
1 0.51484375 0.246875 0.004296875 0.021875
1 0.14609375 0.29140625 0.005859375 0.0171875
1 0.22578125 0.275 0.005078125 0.01796875
1 0.453125 0.28125 0.009375 0.03203125
7 0.171875 0.328125 0.01015625 0.034765625
7 0.17109375 0.290625 0.005859375 0.01953125
7 0.11015625 0.3046875 0.0078125 0.021875
7 0.0796875 0.3390625 0.006640625 0.03359375
7 0.05703125 0.3203125 0.0078125 0.024609375
7 0.2765625 0.30859375 0.01171875 0.035546875
7 0.28671875 0.26875 0.00546875 0.01953125
7 0.3671875 0.2875 0.009765625 0.03125
7 0.384375 0.25625 0.00546875 0.019140625
7 0.33984375 0.26171875 0.005859375 0.01875
7 0.4171875 0.25546875 0.0046875 0.019921875
7 0.4203125 0.26953125 0.00625 0.026171875
7 0.4328125 0.259375 0.007421875 0.022265625
7 0.459375 0.30078125 0.010546875 0.04375
7 0.60390625 0.31328125 0.0203125 0.05859375
7 0.78515625 0.37265625 0.026953125 0.09375
7 0.23125 0.27734375 0.00625 0.01875
2 0.08828125 0.3484375 0.017578125 0.07109375
2 0.14140625 0.3390625 0.021484375 0.071875
2 0.15234375 0.31953125 0.011328125 0.05625
2 0.19375 0.31328125 0.01640625 0.05625
4 0.56953125 0.26484375 0.010546875 0.033203125
4 0.60546875 0.27734375 0.012109375 0.039453125
4 0.6890625 0.24609375 0.01171875 0.03125
4 0.7484375 0.2546875 0.01015625 0.03984375
5 0.79609375 0.2296875 0.005859375 0.027734375
5 0.846875 0.21328125 0.0078125 0.023046875
5 0.825 0.2046875 0.003515625 0.01875
5 0.81015625 0.19765625 0.003125 0.016796875
5 0.7671875 0.2046875 0.0046875 0.01484375
5 0.74296875 0.19921875 0.0046875 0.0171875
5 0.89140625 0.23125 0.009765625 0.030859375
5 0.89375 0.19609375 0.004296875 0.01875
5 0.94765625 0.2078125 0.008203125 0.027734375