1 0.803125 0.2734375 0.015625 0.041015625
1 0.82734375 0.25 0.00859375 0.030859375
1 0.86875 0.2140625 0.00390625 0.015234375
1 0.75703125 0.31484375 0.014453125 0.0546875
1 0.8546875 0.2265625 0.00546875 0.02109375
1 0.86171875 0.21875 0.00546875 0.01875
1 0.65546875 0.40625 0.030859375 0.0953125
1 0.87734375 0.20546875 0.002734375 0.013671875
1 0.87265625 0.2078125 0.003125 0.012890625
4 0.78125 0.22734375 0.005859375 0.0203125
4 0.71328125 0.25 0.01015625 0.028125
1 0.84296875 0.23671875 0.005078125 0.026171875
2 0.22265625 0.67734375 0.122265625 0.344921875
1 0.88046875 0.20234375 0.0015625 0.011328125
1 0.88359375 0.2 0.0015625 0.01171875
1 0.8859375 0.1984375 0.003515625 0.009765625
1 0.13359375 0.771875 0.05 0.1515625