7 0.6875 0.53671875 0.02578125 0.096875
7 0.85 0.49375 0.01953125 0.071875
1 0.3453125 0.540625 0.02890625 0.103125
1 0.28828125 0.40703125 0.01015625 0.0421875
7 0.92109375 0.75 0.059375 0.19375
1 0.30546875 0.44921875 0.01640625 0.06171875
7 0.5125 0.4109375 0.00859375 0.0390625
7 0.50546875 0.4328125 0.0109375 0.04765625
1 0.659375 0.36875 0.0046875 0.0203125
1 0.83359375 0.43046875 0.00859375 0.04375
7 0.76953125 0.3953125 0.00546875 0.02578125
1 0.35078125 0.39296875 0.0078125 0.0359375
1 0.4984375 0.36953125 0.00546875 0.02578125
7 0.53515625 0.39609375 0.00703125 0.03125
1 0.58125 0.3671875 0.00546875 0.021875
7 0.91796875 0.38984375 0.00390625 0.0203125
7 0.8765625 0.3921875 0.00390625 0.02265625
7 0.815625 0.36875 0.003125 0.01640625
7 0.6796875 0.38359375 0.00546875 0.02421875
7 0.80078125 0.37265625 0.00390625 0.01953125
1 0.43515625 0.37734375 0.00703125 0.028125
1 0.88125 0.4140625 0.00859375 0.03515625
7 0.74296875 0.38125 0.00546875 0.02265625
7 0.828125 0.39453125 0.00546875 0.02578125
7 0.6046875 0.38515625 0.00546875 0.025
1 0.70390625 0.36640625 0.0046875 0.01953125
7 0.70390625 0.39609375 0.00625 0.0296875
7 0.7796875 0.3765625 0.00390625 0.0203125
1 0.7375 0.3640625 0.003125 0.01484375
7 0.6390625 0.40390625 0.0078125 0.03359375
1 0.92578125 0.41484375 0.00859375 0.03359375
7 0.63828125 0.41953125 0.009375 0.04140625
1 0.9109375 0.36484375 0.003125 0.01328125
7 0.825 0.3671875 0.00234375 0.01328125
1 0.8265625 0.396875 0.00859375 0.0390625
7 0.70234375 0.45234375 0.01328125 0.0546875
1 0.753125 0.36171875 0.00390625 0.01640625
1 0.7796875 0.35859375 0.003125 0.01484375
1 0.81875 0.4171875 0.009375 0.03828125
7 0.584375 0.4703125 0.01796875 0.06484375