1 0.4328125 0.51484375 0.030859375 0.08203125
1 0.22265625 0.63359375 0.0546875 0.150390625
1 0.69609375 0.4359375 0.01171875 0.04609375
1 0.19296875 0.428125 0.015625 0.04375
1 0.56796875 0.4640625 0.018359375 0.058984375
1 0.80390625 0.42890625 0.009375 0.038671875
7 0.9328125 0.76796875 0.03984375 0.15859375
7 0.16796875 0.4078125 0.011328125 0.03359375
1 0.396875 0.40703125 0.009765625 0.03125
1 0.30859375 0.4171875 0.01328125 0.03515625
1 0.40390625 0.37421875 0.00546875 0.01875
7 0.1109375 0.3828125 0.006640625 0.03125
7 0.2640625 0.40234375 0.01015625 0.028125
7 0.36328125 0.38046875 0.006640625 0.021875
1 0.9265625 0.42890625 0.01328125 0.038671875
7 0.3109375 0.375 0.0078125 0.019140625
7 0.3828125 0.38671875 0.007421875 0.023046875
7 0.24921875 0.37265625 0.004296875 0.019921875
1 0.0515625 0.3765625 0.00703125 0.025
1 0.190625 0.36796875 0.005078125 0.01875
7 0.35859375 0.3921875 0.009765625 0.025390625
1 0.48359375 0.38671875 0.007421875 0.023828125
1 0.45078125 0.396875 0.007421875 0.028125
7 0.74296875 0.5546875 0.030859375 0.1
1 0.25703125 0.3671875 0.00625 0.01875
4 0.64140625 0.36640625 0.003125 0.0109375
4 0.6203125 0.36484375 0.00390625 0.0140625
7 0.1859375 0.37734375 0.0078125 0.023046875
1 0.36015625 0.36953125 0.00546875 0.019921875
1 0.45546875 0.3796875 0.00546875 0.021875
7 0.8234375 0.4953125 0.025390625 0.07265625
4 0.39453125 0.35234375 0.002734375 0.011328125
4 0.41953125 0.353125 0.002734375 0.01171875
4 0.44375 0.3546875 0.002734375 0.01015625
4 0.465625 0.35625 0.003515625 0.012109375
4 0.4890625 0.3546875 0.002734375 0.012109375