1 0.35234375 0.46875 0.024609375 0.075390625
1 0.2671875 0.66484375 0.054296875 0.137890625
1 0.68125 0.38515625 0.009765625 0.0359375
7 0.715625 0.47578125 0.02890625 0.068359375
1 0.596875 0.40078125 0.011328125 0.041796875
1 0.79609375 0.38359375 0.008984375 0.0328125
1 0.903125 0.38515625 0.00625 0.030078125
7 0.70078125 0.546875 0.0390625 0.104296875
7 0.7578125 0.43984375 0.0171875 0.048828125
7 0.94609375 0.46484375 0.01328125 0.053125
7 0.84765625 0.415625 0.01015625 0.040234375
1 0.46640625 0.43046875 0.015234375 0.05625