1 0.66484375 0.525 0.04921875 0.169140625
5 0.4828125 0.2453125 0.00859375 0.030859375
5 0.8765625 0.2078125 0.00703125 0.025
5 0.2015625 0.2765625 0.009375 0.03515625
5 0.85859375 0.19921875 0.00625 0.021875
5 0.74296875 0.21171875 0.00703125 0.023046875
5 0.596875 0.2125 0.007421875 0.01953125
5 0.359375 0.28046875 0.015625 0.042578125
5 0.53125 0.2109375 0.004296875 0.019140625
5 0.51171875 0.22109375 0.005859375 0.025
5 0.60703125 0.22421875 0.005859375 0.028125
5 0.7078125 0.20390625 0.0046875 0.0203125
5 0.2140625 0.35078125 0.017578125 0.0640625
5 0.46328125 0.209375 0.003125 0.01875
5 0.44453125 0.22109375 0.004296875 0.0203125
5 0.3109375 0.2375 0.005859375 0.022265625
5 0.36640625 0.2171875 0.004296875 0.02109375
5 0.41171875 0.23671875 0.005078125 0.028125
5 0.33359375 0.21328125 0.003125 0.01875