1 0.32421875 0.57734375 0.036328125 0.12265625
7 0.728125 0.5546875 0.030859375 0.100390625
1 0.3578125 0.46484375 0.016015625 0.0609375
1 0.3640625 0.39765625 0.01328125 0.0359375
7 0.6296875 0.478125 0.018359375 0.069140625
7 0.91328125 0.44375 0.01484375 0.050390625
1 0.35546875 0.42734375 0.012109375 0.048828125
7 0.81796875 0.41015625 0.01015625 0.038671875
1 0.6234375 0.3796875 0.00625 0.025390625
1 0.49375 0.38125 0.00859375 0.027734375
1 0.55703125 0.378125 0.00703125 0.025390625
1 0.4265625 0.3859375 0.0109375 0.028125
7 0.56484375 0.43671875 0.016015625 0.051953125
7 0.6734375 0.39375 0.009765625 0.03046875
1 0.921875 0.40234375 0.01171875 0.035546875
7 0.590625 0.39296875 0.012109375 0.03125
7 0.52578125 0.4171875 0.011328125 0.044140625
7 0.75703125 0.40078125 0.0109375 0.03125
4 0.41875 0.35 0.00390625 0.012890625
4 0.440625 0.35 0.003125 0.012890625
1 0.83046875 0.38828125 0.01015625 0.028125
4 0.63984375 0.35390625 0.0046875 0.0140625
4 0.36875 0.34140625 0.003125 0.0109375
7 0.5203125 0.39921875 0.0078125 0.0359375
4 0.39296875 0.34921875 0.003125 0.0140625
4 0.28515625 0.3421875 0.001953125 0.012109375
4 0.665625 0.35546875 0.0046875 0.013671875
4 0.68984375 0.3546875 0.0046875 0.01484375
4 0.71484375 0.35546875 0.00390625 0.013671875
1 0.70546875 0.38125 0.00625 0.024609375
4 0.359375 0.35 0.00390625 0.015234375