1 0.83203125 0.38359375 0.0125 0.04375
1 0.57734375 0.4171875 0.030859375 0.08203125
7 0.8625 0.50859375 0.02890625 0.09609375
1 0.69453125 0.3796875 0.016015625 0.055859375
7 0.88984375 0.4515625 0.023828125 0.071875
4 0.1671875 0.26015625 0.009765625 0.0421875
1 0.47109375 0.57734375 0.040625 0.163671875
4 0.33203125 0.434375 0.03046875 0.10703125
4 0.05859375 0.225 0.01015625 0.034765625
4 0.10390625 0.2296875 0.009765625 0.03359375
4 0.2140625 0.31015625 0.01796875 0.058203125
4 0.140625 0.2328125 0.009765625 0.03125
5 0.146875 0.225 0.005859375 0.024609375
5 0.19765625 0.22109375 0.00625 0.0203125
5 0.2390625 0.2171875 0.0046875 0.016015625
5 0.27265625 0.22578125 0.005078125 0.01875
5 0.35 0.2296875 0.00390625 0.015234375
5 0.3609375 0.23515625 0.004296875 0.016796875
5 0.44921875 0.25 0.0046875 0.015234375
5 0.459375 0.24765625 0.002734375 0.0140625
5 0.5359375 0.2671875 0.00390625 0.01640625
5 0.56796875 0.26953125 0.003515625 0.013671875
5 0.61171875 0.28671875 0.00390625 0.01875
5 0.65390625 0.28984375 0.00390625 0.01875
5 0.7015625 0.31015625 0.003515625 0.0203125
5 0.734375 0.31015625 0.003515625 0.0203125