7 0.29453125 0.38984375 0.0203125 0.075
7 0.15546875 0.26171875 0.00703125 0.028125
7 0.21484375 0.3171875 0.0171875 0.049609375
2 0.61015625 0.61953125 0.09296875 0.301171875
2 0.52109375 0.54921875 0.06875 0.2484375
7 0.14140625 0.24765625 0.006640625 0.023828125
7 0.1296875 0.23828125 0.007421875 0.01875
7 0.17734375 0.2828125 0.0109375 0.037109375
7 0.559375 0.62578125 0.06015625 0.17265625
4 0.253125 0.2671875 0.00859375 0.025390625
4 0.2328125 0.2453125 0.00546875 0.01640625
7 0.12265625 0.23125 0.00546875 0.01796875
7 0.11640625 0.22578125 0.005078125 0.014453125
7 0.1109375 0.221875 0.003515625 0.015234375