1 0.74453125 0.51328125 0.03203125 0.087109375
1 0.90859375 0.48828125 0.01875 0.06875
1 0.4578125 0.57734375 0.04375 0.13203125
1 0.85546875 0.39140625 0.007421875 0.030078125
1 0.76796875 0.38828125 0.008203125 0.035546875
1 0.6234375 0.3796875 0.009765625 0.03515625
1 0.5140625 0.36640625 0.00859375 0.0328125
1 0.43125 0.3546875 0.008984375 0.02890625
1 0.3796875 0.34921875 0.00859375 0.023828125
1 0.34921875 0.3421875 0.009375 0.024609375
1 0.33828125 0.3421875 0.006640625 0.01875
7 0.4765625 0.35078125 0.00859375 0.026953125
7 0.56796875 0.36171875 0.00859375 0.025
7 0.6875 0.37265625 0.008203125 0.021875