1 0.62421875 0.553125 0.005078125 0.009765625
1 0.61796875 0.55625 0.00625 0.0125
1 0.6046875 0.56015625 0.007421875 0.011328125
1 0.60390625 0.55234375 0.005078125 0.0109375
1 0.5875 0.56484375 0.0109375 0.01640625
1 0.5671875 0.5734375 0.0109375 0.01640625
1 0.5359375 0.57734375 0.01171875 0.0203125
1 0.446875 0.584375 0.01484375 0.025390625
1 0.33046875 0.5921875 0.01484375 0.025390625
1 0.13515625 0.61171875 0.021484375 0.0328125
1 0.14296875 0.58203125 0.012109375 0.017578125
1 0.21953125 0.57265625 0.008984375 0.016796875
1 0.2734375 0.56796875 0.007421875 0.0140625
1 0.35 0.559375 0.006640625 0.01171875
1 0.36953125 0.55859375 0.0046875 0.010546875
1 0.4125 0.5546875 0.004296875 0.00859375
1 0.4546875 0.55234375 0.005859375 0.009375
1 0.5109375 0.55078125 0.003515625 0.0078125
1 0.5625 0.55 0.00546875 0.008984375
1 0.590625 0.54375 0.003515625 0.008984375
1 0.59453125 0.54296875 0.004296875 0.0078125
1 0.5921875 0.54375 0.003125 0.00703125
7 0.5484375 0.6828125 0.048828125 0.071875
7 0.396875 0.62265625 0.028125 0.040625
7 0.40234375 0.61171875 0.023828125 0.035546875
7 0.4921875 0.603125 0.023828125 0.033203125
7 0.6421875 0.5875 0.01640625 0.027734375
7 0.70546875 0.578125 0.01640625 0.023046875
7 0.72578125 0.57421875 0.01328125 0.01953125
7 0.73125 0.56484375 0.01328125 0.01796875
7 0.72265625 0.5609375 0.0078125 0.012890625
7 0.7078125 0.55703125 0.00859375 0.011328125
7 0.70859375 0.553125 0.0078125 0.009765625
7 0.67890625 0.55078125 0.005078125 0.009375
7 0.65078125 0.54921875 0.005078125 0.009375
7 0.6078125 0.5484375 0.00390625 0.008984375
7 0.12265625 0.57734375 0.0109375 0.01640625
7 0.1875 0.571875 0.00703125 0.012890625
7 0.28125 0.56328125 0.005859375 0.011328125
7 0.3140625 0.56015625 0.004296875 0.009375
7 0.35703125 0.55703125 0.004296875 0.0078125
7 0.42109375 0.553125 0.00546875 0.009375
7 0.48828125 0.54921875 0.004296875 0.0078125
7 0.553125 0.5484375 0.003515625 0.00859375
4 0.240625 0.5671875 0.006640625 0.0125
4 0.31796875 0.56328125 0.005859375 0.0125