1 0.940625 0.38515625 0.00625 0.02421875
7 0.44765625 0.55625 0.03828125 0.14453125
7 0.22109375 0.28125 0.009375 0.0453125
1 0.809375 0.353125 0.0046875 0.021875
7 0.55390625 0.30625 0.0046875 0.02265625
7 0.83125 0.36796875 0.00625 0.02734375
1 0.57265625 0.3015625 0.00390625 0.0203125
2 0.509375 0.28046875 0.0046875 0.03046875
1 0.2421875 0.21484375 0.003125 0.01640625
1 0.44453125 0.26953125 0.003125 0.01953125
1 0.73671875 0.33828125 0.003125 0.01953125
7 0.73046875 0.3453125 0.00546875 0.02578125
7 0.25546875 0.22421875 0.003125 0.01875
7 0.3125 0.35546875 0.01484375 0.0671875
1 0.4015625 0.25859375 0.0046875 0.0171875
7 0.16328125 0.19921875 0.00234375 0.01640625
7 0.4125 0.26640625 0.00390625 0.01953125
7 0.303125 0.2375 0.00390625 0.01875
7 0.35546875 0.25 0.003125 0.01953125
7 0.21328125 0.2125 0.003125 0.01875
7 0.4671875 0.28125 0.0046875 0.02265625
7 0.09375 0.23125 0.00859375 0.03671875
1 0.49453125 0.2828125 0.00390625 0.01953125
1 0.6484375 0.31875 0.003125 0.0203125
2 0.48046875 0.27890625 0.00625 0.0359375
2 0.453125 0.271875 0.00625 0.0390625
7 0.64609375 0.3296875 0.00546875 0.02265625
1 0.18125 0.19765625 0.00234375 0.0140625
1 0.11171875 0.1796875 0.003125 0.01328125
2 0.48515625 0.27421875 0.00390625 0.03125
7 0.09453125 0.18125 0.00234375 0.01328125
1 0.30234375 0.23203125 0.003125 0.01640625