1 0.721875 0.38984375 0.01875 0.058203125
1 0.4921875 0.38984375 0.026171875 0.077734375
1 0.78671875 0.36796875 0.012890625 0.044921875
1 0.2078125 0.3453125 0.0234375 0.069921875
1 0.76875 0.3421875 0.0078125 0.033984375
7 0.29609375 0.31171875 0.0125 0.051171875
7 0.5828125 0.3421875 0.0109375 0.046875
7 0.45234375 0.33515625 0.0171875 0.053125
1 0.64140625 0.296875 0.00703125 0.024609375
7 0.58515625 0.29375 0.0078125 0.025390625
7 0.2625 0.246875 0.00859375 0.025390625
1 0.13515625 0.2328125 0.009765625 0.027734375
7 0.1515625 0.2640625 0.006640625 0.03984375
1 0.7125 0.31796875 0.007421875 0.026953125
1 0.5640625 0.2796875 0.007421875 0.021875
7 0.6453125 0.33515625 0.0125 0.0390625
7 0.53046875 0.2796875 0.005859375 0.025
7 0.3265625 0.25078125 0.00703125 0.025
1 0.21484375 0.23515625 0.005859375 0.023046875
1 0.30078125 0.24140625 0.00703125 0.021875
4 0.26640625 0.4421875 0.0328125 0.1109375
7 0.63046875 0.3078125 0.00859375 0.02890625
4 0.05390625 0.19765625 0.006640625 0.019921875
7 0.19140625 0.28515625 0.012890625 0.0453125
7 0.39609375 0.2578125 0.006640625 0.024609375
2 0.51953125 0.7703125 0.04765625 0.156640625
4 0.11640625 0.20546875 0.00390625 0.014453125
7 0.65546875 0.321875 0.01015625 0.03203125
1 0.48046875 0.2640625 0.005078125 0.019140625
4 0.07578125 0.20078125 0.005859375 0.0171875
7 0.20546875 0.246875 0.008203125 0.028125
4 0.12578125 0.21796875 0.00703125 0.0203125
7 0.46640625 0.26796875 0.00546875 0.023046875
4 0.05 0.203125 0.004296875 0.019140625
7 0.16484375 0.2515625 0.00703125 0.033984375
2 0.159375 0.25625 0.0171875 0.065234375
4 0.1203125 0.2109375 0.003125 0.01640625
4 0.13125 0.22734375 0.00625 0.026171875
4 0.09765625 0.203125 0.005859375 0.01796875
1 0.39140625 0.2515625 0.005078125 0.02109375
2 0.15078125 0.24921875 0.015234375 0.060546875