1 0.08671875 0.37421875 0.0296875 0.09140625
7 0.4515625 0.3703125 0.01484375 0.06328125
1 0.18671875 0.3109375 0.01484375 0.05625
1 0.16875 0.334375 0.01953125 0.06875
7 0.33359375 0.29296875 0.009375 0.03984375
7 0.07421875 0.2328125 0.0078125 0.03125
7 0.41875 0.33515625 0.0109375 0.04921875
1 0.16015625 0.2875 0.0125 0.04921875
1 0.1234375 0.2703125 0.01171875 0.04375
7 0.25859375 0.26953125 0.0078125 0.03515625
1 0.06015625 0.2546875 0.01171875 0.0421875
7 0.7046875 0.2921875 0.00234375 0.01015625
7 0.20546875 0.21875 0.0046875 0.01640625
7 0.17421875 0.25078125 0.00859375 0.0328125
7 0.5390625 0.61484375 0.04140625 0.1640625
7 0.24375 0.22265625 0.00390625 0.01640625
7 0.809375 0.31484375 0.003125 0.0109375
1 0.8625 0.33515625 0.003125 0.0140625
7 0.821875 0.33203125 0.00390625 0.01640625
7 0.85078125 0.33984375 0.0046875 0.0171875
1 0.91640625 0.35234375 0.0046875 0.0171875
1 0.14609375 0.20625 0.00390625 0.01484375
7 0.89296875 0.35234375 0.00546875 0.01875
1 0.8765625 0.33984375 0.00390625 0.01484375
7 0.0875 0.20234375 0.0046875 0.0171875
1 0.946875 0.36015625 0.00546875 0.01875
7 0.46875 0.4296875 0.021875 0.08671875
7 0.29140625 0.22578125 0.003125 0.01328125
1 0.87421875 0.33203125 0.003125 0.0140625
7 0.79375 0.3109375 0.00234375 0.0109375
7 0.66875 0.28828125 0.00234375 0.0109375
7 0.8171875 0.31953125 0.00234375 0.0109375
7 0.68984375 0.290625 0.0015625 0.01015625
1 0.20078125 0.2125 0.003125 0.0140625
1 0.103125 0.2 0.00390625 0.01484375
1 0.22265625 0.21484375 0.003125 0.0140625
7 0.79921875 0.32421875 0.00390625 0.01484375
1 0.83125 0.3171875 0.003125 0.0109375
1 0.85703125 0.3328125 0.00390625 0.01328125
7 0.775 0.30625 0.00234375 0.0109375
7 0.78671875 0.31640625 0.00234375 0.01328125
7 0.93984375 0.36484375 0.00625 0.0203125
7 0.715625 0.29375 0.003125 0.01015625
7 0.30546875 0.22578125 0.003125 0.01328125
7 0.63984375 0.2828125 0.00234375 0.0109375
1 0.66484375 0.2828125 0.00234375 0.01015625
7 0.75859375 0.30234375 0.003125 0.0109375
1 0.2375 0.215625 0.003125 0.0140625
1 0.26015625 0.2140625 0.00234375 0.01484375
7 0.1578125 0.2125 0.00390625 0.01875
7 0.6046875 0.27578125 0.00234375 0.0109375
7 0.2734375 0.225 0.0046875 0.01484375
7 0.5640625 0.26875 0.00234375 0.0109375
7 0.7359375 0.29765625 0.00234375 0.01015625
1 0.6359375 0.2796875 0.00234375 0.0109375
1 0.25703125 0.21640625 0.00234375 0.01328125
7 0.79609375 0.3171875 0.003125 0.01171875
1 0.171875 0.21015625 0.003125 0.01484375
1 0.25 0.21640625 0.003125 0.01328125
1 0.290625 0.21484375 0.00234375 0.01015625
1 0.553125 0.2640625 0.00234375 0.0109375
1 0.61640625 0.2765625 0.00234375 0.01015625
7 0.30625 0.21875 0.00234375 0.00859375
7 0.3125 0.22578125 0.003125 0.01171875
7 0.5328125 0.26171875 0.00234375 0.0109375
1 0.596875 0.27265625 0.00234375 0.0109375
1 0.57421875 0.26875 0.00234375 0.0109375
1 0.26875 0.2109375 0.003125 0.0109375
1 0.53671875 0.26015625 0.00234375 0.0109375
1 0.6484375 0.28125 0.003125 0.0109375
7 0.7890625 0.31953125 0.003125 0.01328125
1 0.8 0.3109375 0.003125 0.0109375