1 0.07109375 0.21171875 0.00546875 0.01953125
1 0.121875 0.2171875 0.0046875 0.01875
7 0.28203125 0.3390625 0.0140625 0.0609375
7 0.33046875 0.39609375 0.0203125 0.08125
7 0.10390625 0.27421875 0.01171875 0.04375
7 0.20703125 0.30390625 0.0125 0.05078125
1 0.22734375 0.22109375 0.003125 0.0140625
1 0.16171875 0.21875 0.003125 0.01640625
7 0.3734375 0.234375 0.003125 0.01171875
7 0.72890625 0.290625 0.003125 0.0140625
7 0.303125 0.22578125 0.00234375 0.01171875
1 0.74453125 0.290625 0.003125 0.01171875
7 0.821875 0.3078125 0.003125 0.01328125
2 0.490625 0.54765625 0.046875 0.25625
7 0.8796875 0.3171875 0.003125 0.01328125
1 0.909375 0.31875 0.003125 0.01171875
1 0.24140625 0.21796875 0.003125 0.01171875
7 0.25546875 0.23125 0.00390625 0.01875
1 0.33046875 0.2265625 0.00234375 0.01171875
1 0.26875 0.21875 0.00234375 0.01015625
1 0.68203125 0.275 0.00234375 0.00859375
7 0.1578125 0.22578125 0.0046875 0.0203125
7 0.6546875 0.27578125 0.00234375 0.0109375
1 0.7984375 0.30078125 0.003125 0.01328125
1 0.70390625 0.2828125 0.00234375 0.0109375
2 0.56484375 0.6171875 0.07265625 0.30859375
7 0.28046875 0.23203125 0.00390625 0.01640625
1 0.69609375 0.28125 0.00234375 0.01171875
1 0.72265625 0.2875 0.00234375 0.01171875
7 0.08515625 0.2203125 0.00625 0.02265625
7 0.4671875 0.2421875 0.00234375 0.01015625
7 0.49453125 0.24375 0.00234375 0.01015625
7 0.4390625 0.240625 0.003125 0.01171875
1 0.2125 0.22109375 0.003125 0.0140625
1 0.38203125 0.23203125 0.003125 0.01015625
7 0.403125 0.23671875 0.003125 0.01171875
7 0.62578125 0.265625 0.00234375 0.01015625
7 0.64296875 0.2703125 0.00234375 0.0109375
7 0.6375 0.26875 0.00234375 0.0109375
7 0.45703125 0.2421875 0.003125 0.01171875
1 0.234375 0.21875 0.00234375 0.01171875
1 0.18515625 0.2203125 0.003125 0.01640625
7 0.64609375 0.27265625 0.003125 0.01171875
7 0.4765625 0.2421875 0.00234375 0.0109375
7 0.5625 0.25390625 0.00234375 0.01015625
7 0.9203125 0.32421875 0.003125 0.0140625
1 0.66328125 0.2703125 0.0015625 0.00859375
1 0.85078125 0.309375 0.00234375 0.01171875
1 0.425 0.23671875 0.0015625 0.01015625
1 0.53203125 0.24765625 0.00234375 0.00859375
7 0.68984375 0.28359375 0.003125 0.0109375
7 0.6125 0.26328125 0.00234375 0.0109375
1 0.36328125 0.23046875 0.00234375 0.0109375
7 0.32265625 0.22734375 0.003125 0.01328125
7 0.2140625 0.22890625 0.00390625 0.01875
7 0.29453125 0.2265625 0.00234375 0.0140625
1 0.4171875 0.2359375 0.00234375 0.0109375
1 0.60390625 0.26015625 0.00234375 0.0078125
7 0.58671875 0.2578125 0.00234375 0.00859375
7 0.5390625 0.25078125 0.00234375 0.01015625
7 0.515625 0.246875 0.0015625 0.00859375
1 0.29921875 0.221875 0.00234375 0.0109375
1 0.56875 0.253125 0.00234375 0.00859375
7 0.29296875 0.23046875 0.003125 0.01484375
1 0.69140625 0.27890625 0.0015625 0.01015625
7 0.521875 0.62421875 0.04765625 0.17265625
1 0.4984375 0.24296875 0.0015625 0.0078125
1 0.77109375 0.2953125 0.00234375 0.0109375
7 0.7734375 0.29921875 0.00390625 0.0140625
1 0.6359375 0.26484375 0.00078125 0.00859375
7 0.2984375 0.228125 0.003125 0.01484375
1 0.46796875 0.23984375 0.0015625 0.0078125
1 0.2359375 0.2203125 0.00234375 0.01171875
1 0.43984375 0.23671875 0.0015625 0.0078125