1 0.1953125 0.30234375 0.012890625 0.035546875
1 0.66484375 0.2578125 0.015625 0.040625
1 0.48828125 0.2578125 0.0109375 0.03125
1 0.740625 0.2703125 0.018359375 0.049609375
1 0.08984375 0.33046875 0.017578125 0.04453125
7 0.259375 0.2765625 0.00859375 0.02890625
4 0.88671875 0.21640625 0.0078125 0.028125
1 0.2421875 0.56875 0.051171875 0.1625
1 0.57734375 0.25390625 0.01328125 0.0359375
1 0.28125 0.284375 0.01015625 0.03125
7 0.6296875 0.23671875 0.01015625 0.030078125
2 0.8046875 0.3171875 0.0359375 0.131640625
4 0.92890625 0.19140625 0.00546875 0.021875
1 0.6875 0.446875 0.037890625 0.125390625
1 0.8015625 0.35625 0.019140625 0.091015625
7 0.15 0.29921875 0.012109375 0.0328125
7 0.515625 0.2421875 0.0078125 0.028125
4 0.89453125 0.203125 0.00703125 0.024609375
7 0.75 0.2390625 0.013671875 0.034765625
2 0.78671875 0.34609375 0.03515625 0.155078125
7 0.865625 0.24921875 0.015234375 0.046875
4 0.90078125 0.19375 0.00859375 0.021875
4 0.87265625 0.2359375 0.014453125 0.037109375
1 0.3859375 0.2671875 0.01015625 0.030859375
1 0.79765625 0.29921875 0.0140625 0.063671875
7 0.38984375 0.2546875 0.0078125 0.027734375