1 0.91171875 0.48203125 0.025 0.07734375
1 0.25625 0.5796875 0.040625 0.1328125
1 0.91328125 0.38515625 0.009375 0.03515625
1 0.64765625 0.35234375 0.00546875 0.02265625
1 0.65625 0.34921875 0.003125 0.01484375
7 0.87421875 0.36640625 0.00625 0.02578125
1 0.8015625 0.3703125 0.0078125 0.0328125
1 0.6453125 0.48125 0.025 0.08125
7 0.7953125 0.359375 0.0046875 0.0203125
1 0.68828125 0.35 0.003125 0.01484375
1 0.740625 0.353125 0.003125 0.01484375
7 0.746875 0.3546875 0.003125 0.01953125
4 0.63515625 0.33984375 0.00234375 0.01171875
1 0.6421875 0.34921875 0.0046875 0.01875
1 0.74375 0.3640625 0.00703125 0.02578125
4 0.590625 0.3375 0.00234375 0.01171875
1 0.66015625 0.35078125 0.0046875 0.021875
7 0.8921875 0.36328125 0.0046875 0.0203125