4 0.6359375 0.3421875 0.023828125 0.084765625
4 0.909375 0.16796875 0.00625 0.023046875
4 0.71484375 0.2578125 0.01953125 0.051171875
4 0.76875 0.2 0.007421875 0.028125
4 0.9234375 0.1765625 0.009765625 0.027734375
7 0.05390625 0.25 0.003125 0.01171875
4 0.89921875 0.1625 0.00625 0.01875
4 0.78125 0.1859375 0.00625 0.024609375
4 0.79609375 0.16953125 0.005859375 0.0171875
4 0.890625 0.159375 0.003515625 0.012109375
4 0.94609375 0.1890625 0.009375 0.03359375
7 0.1078125 0.23828125 0.003125 0.010546875
4 0.78984375 0.17734375 0.007421875 0.019921875
4 0.75 0.2203125 0.0109375 0.037109375
4 0.8 0.16484375 0.003515625 0.0140625
4 0.88515625 0.15703125 0.003125 0.0078125
4 0.3015625 0.70078125 0.084765625 0.237109375
4 0.80390625 0.16015625 0.003125 0.0140625
4 0.80703125 0.15859375 0.00390625 0.0109375