1 0.33046875 0.33828125 0.01796875 0.058203125
1 0.7546875 0.3515625 0.01171875 0.03515625
7 0.60390625 0.36953125 0.024609375 0.05546875
1 0.91015625 0.38125 0.01015625 0.03671875
1 0.48203125 0.325 0.012109375 0.04453125
7 0.81875 0.3828125 0.015625 0.044140625
1 0.11796875 0.41015625 0.03515625 0.10390625
1 0.61640625 0.3328125 0.01171875 0.037109375
7 0.70390625 0.36875 0.016015625 0.046875
7 0.5140625 0.39140625 0.02421875 0.070703125
7 0.45234375 0.4765625 0.038671875 0.115625
7 0.54296875 0.76328125 0.05078125 0.167578125
7 0.9484375 0.4171875 0.006640625 0.02890625