7 0.66640625 0.3890625 0.017578125 0.05625
7 0.5984375 0.48828125 0.03359375 0.105859375
1 0.3546875 0.3421875 0.023046875 0.060546875
1 0.8546875 0.36953125 0.01171875 0.0328125
1 0.16015625 0.39375 0.040234375 0.095703125
7 0.74453125 0.3859375 0.014453125 0.047265625
1 0.48671875 0.3296875 0.01640625 0.044140625
1 0.7265625 0.3484375 0.012109375 0.033984375
1 0.60859375 0.33359375 0.01171875 0.036328125
7 0.83046875 0.3921875 0.01328125 0.044140625
7 0.6015625 0.41171875 0.016015625 0.0703125
7 0.93671875 0.41015625 0.016015625 0.0421875
7 0.70703125 0.6890625 0.075 0.190234375