1 0.50390625 0.528125 0.027734375 0.09453125
1 0.19140625 0.38671875 0.012109375 0.044921875
1 0.62265625 0.4109375 0.009375 0.034765625
7 0.8265625 0.5203125 0.03046875 0.0796875
1 0.35546875 0.73203125 0.058203125 0.20390625
1 0.59921875 0.4296875 0.012890625 0.046875
7 0.78671875 0.46875 0.018359375 0.05546875
7 0.5328125 0.3703125 0.00859375 0.022265625
1 0.93515625 0.41171875 0.00625 0.026953125
7 0.86484375 0.41875 0.00859375 0.028125
7 0.77265625 0.42421875 0.009375 0.0359375
1 0.253125 0.37421875 0.0078125 0.035546875
7 0.66640625 0.38828125 0.00859375 0.023828125
1 0.565625 0.46875 0.0171875 0.062890625
7 0.0796875 0.3453125 0.00859375 0.021875
1 0.27734375 0.35078125 0.009765625 0.023046875
7 0.446875 0.35 0.00625 0.015234375
7 0.91171875 0.43671875 0.0125 0.0359375
1 0.65234375 0.37421875 0.005078125 0.0171875
1 0.58828125 0.38671875 0.008984375 0.026953125
7 0.265625 0.3421875 0.00625 0.01484375
7 0.9125 0.63671875 0.045703125 0.134375
1 0.24765625 0.36171875 0.0078125 0.025
7 0.596875 0.37890625 0.00703125 0.023046875
7 0.1515625 0.35078125 0.00625 0.021875
7 0.55390625 0.36484375 0.00703125 0.0203125
7 0.72890625 0.38984375 0.00546875 0.019921875
1 0.44609375 0.3671875 0.007421875 0.024609375
7 0.47109375 0.359375 0.005859375 0.01953125
1 0.51484375 0.37734375 0.00703125 0.026171875
7 0.25703125 0.34453125 0.005078125 0.0171875
1 0.30625 0.34765625 0.00625 0.019921875
1 0.403125 0.3578125 0.007421875 0.019140625
7 0.78046875 0.44140625 0.01484375 0.04375
7 0.21484375 0.34765625 0.0046875 0.016796875
7 0.78984375 0.40234375 0.005078125 0.019921875
7 0.60625 0.37265625 0.008203125 0.0203125
1 0.65390625 0.40078125 0.008203125 0.03125
7 0.35390625 0.3421875 0.005078125 0.012890625
1 0.371875 0.35078125 0.00703125 0.021875
7 0.73515625 0.39921875 0.00625 0.025
7 0.1046875 0.36171875 0.009375 0.030078125
7 0.134375 0.35390625 0.008203125 0.026953125
7 0.175 0.3484375 0.0078125 0.02109375
7 0.42421875 0.35234375 0.004296875 0.016796875
7 0.6765625 0.38125 0.006640625 0.019140625
7 0.31171875 0.3421875 0.005078125 0.01484375
1 0.85859375 0.39921875 0.006640625 0.023828125
1 0.5796875 0.3640625 0.005859375 0.019140625
1 0.3609375 0.3421875 0.003125 0.01015625
7 0.2171875 0.3421875 0.00390625 0.01484375
1 0.065625 0.34296875 0.00625 0.01875
7 0.36875 0.346875 0.003125 0.015234375
7 0.7703125 0.41328125 0.0046875 0.026171875
1 0.525 0.359375 0.00546875 0.01328125
1 0.2515625 0.35234375 0.005078125 0.021875