1 0.20625 0.33984375 0.02265625 0.06953125
1 0.553125 0.32109375 0.012890625 0.0421875
1 0.7140625 0.340625 0.01484375 0.040234375
1 0.87890625 0.36875 0.012890625 0.040234375
7 0.79140625 0.39296875 0.0140625 0.055078125
7 0.575 0.38125 0.026953125 0.06875
1 0.3875 0.31640625 0.012890625 0.05
7 0.6625 0.3796875 0.025 0.0609375
7 0.47890625 0.50234375 0.031640625 0.121875
7 0.496875 0.41171875 0.0296875 0.087109375
4 0.13125 0.20234375 0.003125 0.013671875
7 0.62578125 0.69296875 0.069921875 0.20546875