1 0.08359375 0.2578125 0.00859375 0.028125
7 0.20390625 0.36171875 0.015625 0.063671875
1 0.8703125 0.334375 0.00546875 0.01953125
1 0.153125 0.25625 0.00703125 0.024609375
7 0.27734375 0.4546875 0.029296875 0.10390625
1 0.0515625 0.26171875 0.008203125 0.03125
7 0.925 0.35078125 0.00859375 0.026171875
7 0.45234375 0.28125 0.005078125 0.021875
1 0.4703125 0.2765625 0.00390625 0.01875
7 0.1765625 0.31484375 0.015625 0.044921875
1 0.34453125 0.265625 0.005859375 0.01875
1 0.40546875 0.2703125 0.005078125 0.01640625
1 0.77734375 0.3203125 0.00546875 0.019140625
7 0.79921875 0.33125 0.005078125 0.025390625
7 0.56328125 0.29765625 0.00625 0.023046875
1 0.60859375 0.2953125 0.0046875 0.01875
1 0.5375 0.284375 0.00546875 0.01875
7 0.35 0.27265625 0.0078125 0.023828125
7 0.18828125 0.28515625 0.01015625 0.033203125
1 0.2546875 0.26015625 0.00546875 0.0203125
1 0.69296875 0.3078125 0.004296875 0.019140625
7 0.67265625 0.3140625 0.005859375 0.024609375
7 0.25546875 0.2734375 0.005859375 0.022265625
7 0.58203125 0.77421875 0.026953125 0.144921875