7 0.259375 0.45859375 0.0375 0.114453125
1 0.8625 0.35546875 0.0078125 0.028125
1 0.11484375 0.24375 0.00859375 0.025
1 0.78515625 0.33828125 0.00625 0.023828125
7 0.26796875 0.27265625 0.0078125 0.026953125
7 0.06171875 0.259375 0.012109375 0.033984375
1 0.409375 0.2796875 0.007421875 0.021875
1 0.21875 0.25625 0.00546875 0.021875
7 0.63828125 0.32265625 0.009375 0.026953125
7 0.9046875 0.38515625 0.009375 0.0359375
7 0.36171875 0.28515625 0.005078125 0.023828125
7 0.55 0.3078125 0.008203125 0.025
7 0.15703125 0.26328125 0.008984375 0.0296875
7 0.7515625 0.3484375 0.01171875 0.03125
1 0.5921875 0.29765625 0.0046875 0.0203125
7 0.45546875 0.296875 0.00625 0.024609375
1 0.4953125 0.28671875 0.00390625 0.021875
1 0.315625 0.26875 0.005859375 0.01953125
1 0.67421875 0.3140625 0.0078125 0.024609375
7 0.89765625 0.8328125 0.02109375 0.03046875