1 0.08203125 0.28125 0.02265625 0.07421875
1 0.10390625 0.225 0.01328125 0.05234375
1 0.14375 0.20703125 0.009375 0.03984375
1 0.17578125 0.1921875 0.00703125 0.03046875
1 0.20546875 0.1859375 0.00625 0.028125
1 0.2265625 0.18125 0.00546875 0.02265625
1 0.253125 0.1796875 0.0046875 0.0203125
1 0.29296875 0.18515625 0.0046875 0.01640625
1 0.3234375 0.18828125 0.00390625 0.01640625
1 0.35546875 0.19296875 0.003125 0.0140625
1 0.8671875 0.39375 0.01015625 0.04140625
1 0.89921875 0.35234375 0.00390625 0.01484375
1 0.76953125 0.35078125 0.0078125 0.03359375
1 0.77734375 0.3390625 0.00625 0.02578125
1 0.759375 0.3265625 0.00625 0.025
1 0.72734375 0.31171875 0.00546875 0.021875
1 0.71953125 0.29765625 0.00390625 0.01484375
1 0.6890625 0.2953125 0.00390625 0.01953125
1 0.67265625 0.28515625 0.00390625 0.01875
7 0.37265625 0.46640625 0.03125 0.1171875
7 0.34765625 0.32265625 0.01640625 0.06328125
7 0.3140625 0.2734375 0.01171875 0.04921875
7 0.290625 0.24453125 0.009375 0.0390625
7 0.29921875 0.22578125 0.00625 0.03046875
7 0.30546875 0.21328125 0.00546875 0.02734375
7 0.31015625 0.20546875 0.00546875 0.02421875
7 0.31875 0.20078125 0.00546875 0.02265625
7 0.34140625 0.19921875 0.0046875 0.01875
7 0.3671875 0.20078125 0.0046875 0.0203125
7 0.39140625 0.20234375 0.00390625 0.01484375
7 0.58046875 0.265625 0.00390625 0.01875
7 0.61796875 0.2796875 0.00390625 0.0203125
7 0.6375 0.31171875 0.0078125 0.0328125
7 0.65859375 0.3078125 0.00625 0.02578125
7 0.7265625 0.36171875 0.01171875 0.04453125
2 0.70546875 0.27265625 0.003125 0.0171875
2 0.69375 0.26875 0.003125 0.01953125
2 0.68828125 0.26640625 0.003125 0.01484375
2 0.67734375 0.26328125 0.00234375 0.01484375
1 0.8390625 0.3328125 0.00390625 0.01640625
7 0.85546875 0.3328125 0.00390625 0.01640625
7 0.934375 0.3578125 0.00390625 0.01484375
7 0.784375 0.31015625 0.003125 0.0140625
1 0.77421875 0.31328125 0.00390625 0.0171875