1 0.478125 0.57265625 0.051953125 0.1828125
1 0.834375 0.39140625 0.044921875 0.10703125
1 0.88359375 0.17734375 0.008984375 0.0328125
1 0.77578125 0.1765625 0.009765625 0.02890625
1 0.6796875 0.17734375 0.009375 0.030078125
1 0.6 0.1765625 0.008203125 0.027734375
1 0.54375 0.17421875 0.007421875 0.025
1 0.490625 0.16953125 0.005859375 0.021875
1 0.1796875 0.1890625 0.005859375 0.024609375
1 0.08359375 0.2015625 0.00859375 0.02890625
7 0.1078125 0.190625 0.00625 0.022265625
7 0.37578125 0.16953125 0.004296875 0.0171875
7 0.45625 0.1671875 0.004296875 0.01875
7 0.58046875 0.1671875 0.005078125 0.021875
7 0.64765625 0.16875 0.00859375 0.024609375
7 0.7265625 0.16796875 0.007421875 0.023046875
7 0.84296875 0.1703125 0.006640625 0.022265625
7 0.53671875 0.16484375 0.005078125 0.0171875
7 0.553125 0.159375 0.003515625 0.012109375
7 0.5125 0.16015625 0.00390625 0.0140625
7 0.4703125 0.16328125 0.00390625 0.014453125
7 0.29140625 0.17421875 0.005078125 0.016796875
7 0.20390625 0.18125 0.00625 0.019140625
7 0.16328125 0.18203125 0.004296875 0.0140625
1 0.2546875 0.18203125 0.005859375 0.0203125
1 0.31015625 0.1796875 0.00625 0.019140625
1 0.3671875 0.1765625 0.004296875 0.016015625
1 0.42421875 0.17265625 0.00625 0.0203125
7 0.0546875 0.18984375 0.003125 0.014453125
7 0.11875 0.18515625 0.004296875 0.014453125
1 0.1015625 0.1828125 0.0046875 0.015234375
1 0.171875 0.1765625 0.004296875 0.01484375
7 0.21328125 0.17890625 0.0046875 0.0140625
1 0.2140625 0.17421875 0.00390625 0.0140625
1 0.2609375 0.171875 0.003125 0.012890625
7 0.253125 0.17421875 0.00390625 0.016796875
7 0.29453125 0.1703125 0.00390625 0.012890625
1 0.3125 0.16640625 0.00390625 0.014453125
7 0.3546875 0.16640625 0.00390625 0.014453125
1 0.36875 0.165625 0.00390625 0.012109375
1 0.415625 0.16328125 0.003125 0.013671875
7 0.41171875 0.16484375 0.00390625 0.014453125
1 0.51953125 0.1578125 0.003125 0.01015625
1 0.565625 0.15703125 0.00390625 0.0078125
7 0.60703125 0.1578125 0.0046875 0.009765625
7 0.6578125 0.1578125 0.003515625 0.008984375