1 0.62265625 0.33125 0.019140625 0.0578125
1 0.8734375 0.2484375 0.011328125 0.03125
1 0.7875 0.26328125 0.011328125 0.0359375
1 0.5890625 0.42734375 0.02890625 0.099609375
1 0.6890625 0.28671875 0.01015625 0.041796875
7 0.88984375 0.31875 0.0203125 0.06328125
7 0.94375 0.28203125 0.015625 0.051171875
1 0.2515625 0.29296875 0.007421875 0.0203125
1 0.06015625 0.328125 0.007421875 0.024609375
7 0.21640625 0.28515625 0.00625 0.01875
7 0.28984375 0.26015625 0.00390625 0.014453125
1 0.38203125 0.24765625 0.003125 0.013671875
1 0.3453125 0.26484375 0.003515625 0.016796875
1 0.36640625 0.25625 0.00390625 0.015234375
7 0.14921875 0.29765625 0.00703125 0.019921875
7 0.0578125 0.3078125 0.0046875 0.021875
7 0.2140625 0.24140625 0.002734375 0.0109375
1 0.3109375 0.27578125 0.003515625 0.016796875
7 0.2625 0.27109375 0.003515625 0.016796875
7 0.0640625 0.26328125 0.00390625 0.013671875
1 0.171875 0.31171875 0.0078125 0.023046875
1 0.259375 0.77265625 0.04765625 0.149609375
7 0.3125 0.25078125 0.003125 0.013671875