1 0.7125 0.4421875 0.0453125 0.11640625
1 0.884375 0.34765625 0.026953125 0.07578125
1 0.3203125 0.6640625 0.074609375 0.21328125
1 0.8875 0.17109375 0.00546875 0.016796875
1 0.71484375 0.16875 0.003125 0.01328125
7 0.79140625 0.16328125 0.004296875 0.0140625
1 0.81015625 0.1734375 0.0046875 0.016015625
7 0.75390625 0.165625 0.00390625 0.012109375
1 0.75703125 0.17265625 0.00390625 0.0140625
7 0.76640625 0.1640625 0.003125 0.008984375
7 0.84375 0.16484375 0.005078125 0.0140625
7 0.80078125 0.1609375 0.003125 0.012890625
7 0.89921875 0.16328125 0.00546875 0.016796875