1 0.33671875 0.575 0.048046875 0.121484375
1 0.453125 0.49609375 0.028515625 0.08046875
1 0.15703125 0.45078125 0.019921875 0.063671875
7 0.83515625 0.7 0.065625 0.1703125
7 0.9390625 0.51328125 0.028125 0.07265625
7 0.66171875 0.42734375 0.007421875 0.03125
7 0.86484375 0.46640625 0.015625 0.05
1 0.82265625 0.4296875 0.009375 0.02890625
7 0.40546875 0.43046875 0.01015625 0.0390625
7 0.12421875 0.40234375 0.0125 0.033203125
1 0.359375 0.45234375 0.015234375 0.055078125
7 0.56640625 0.4203125 0.00859375 0.028125
7 0.63359375 0.4640625 0.0171875 0.05390625
1 0.946875 0.44375 0.00859375 0.033984375
7 0.74921875 0.43671875 0.010546875 0.0359375
7 0.27265625 0.42421875 0.014453125 0.0421875
1 0.70546875 0.4203125 0.00859375 0.025390625
7 0.8453125 0.44765625 0.01015625 0.0390625
7 0.4609375 0.41484375 0.00703125 0.0296875
1 0.58671875 0.4125 0.006640625 0.025
1 0.0515625 0.38828125 0.00546875 0.026171875
1 0.36328125 0.403125 0.00703125 0.024609375
7 0.24375 0.4078125 0.00703125 0.02890625
4 0.4421875 0.38515625 0.00390625 0.014453125
4 0.334375 0.378125 0.00390625 0.015234375
7 0.35546875 0.41171875 0.0078125 0.0296875
4 0.63203125 0.39375 0.003125 0.015234375
7 0.1328125 0.41953125 0.012109375 0.04375
4 0.7015625 0.39765625 0.0046875 0.0140625
4 0.3984375 0.38125 0.003515625 0.015234375
4 0.57421875 0.3921875 0.004296875 0.016015625
4 0.36875 0.3796875 0.003125 0.01484375
7 0.521875 0.4421875 0.01484375 0.04375
1 0.2484375 0.3984375 0.005859375 0.025
4 0.28671875 0.37578125 0.003125 0.0140625
1 0.471875 0.40703125 0.00625 0.023046875
4 0.5125 0.38828125 0.003125 0.016796875
7 0.7296875 0.52578125 0.02890625 0.083984375