1 0.41171875 0.40078125 0.023046875 0.0828125
7 0.67890625 0.3296875 0.019921875 0.062890625
1 0.44765625 0.46171875 0.0375 0.112109375
1 0.3546875 0.371875 0.01796875 0.06796875
7 0.55 0.309375 0.016796875 0.049609375
1 0.77265625 0.21328125 0.004296875 0.019921875
1 0.25546875 0.34453125 0.012890625 0.0453125
7 0.51171875 0.2484375 0.005859375 0.02109375
1 0.23359375 0.3203125 0.008984375 0.034765625
7 0.92265625 0.20234375 0.00625 0.021875
1 0.91953125 0.178125 0.001953125 0.01171875
1 0.32734375 0.27890625 0.007421875 0.023046875
7 0.5640625 0.23984375 0.003515625 0.0203125
7 0.84453125 0.37421875 0.02890625 0.0921875
7 0.66484375 0.22890625 0.005078125 0.0203125
7 0.42890625 0.3 0.009765625 0.03828125
1 0.84296875 0.203125 0.0046875 0.01796875
7 0.39609375 0.2921875 0.00859375 0.03359375
1 0.86640625 0.19921875 0.00390625 0.016796875
1 0.740625 0.21484375 0.004296875 0.019921875
7 0.871875 0.209375 0.005078125 0.022265625
1 0.265625 0.2984375 0.009375 0.027734375
1 0.403125 0.6015625 0.05625 0.1734375
7 0.46328125 0.25859375 0.0046875 0.021875
7 0.4203125 0.26953125 0.00546875 0.026171875
1 0.61171875 0.22578125 0.004296875 0.0171875
1 0.3921875 0.26171875 0.005078125 0.021875
1 0.69140625 0.21875 0.005859375 0.01875
7 0.6203125 0.2328125 0.00390625 0.021875
1 0.88671875 0.1953125 0.00390625 0.016015625
7 0.74609375 0.2234375 0.0046875 0.022265625
1 0.8984375 0.1921875 0.00390625 0.015234375
7 0.4 0.28046875 0.006640625 0.030078125
1 0.53515625 0.23671875 0.005078125 0.01875
1 0.903125 0.18984375 0.003125 0.014453125
1 0.4625 0.24765625 0.003515625 0.019921875
7 0.81171875 0.21796875 0.00703125 0.023046875
1 0.8125 0.2078125 0.003515625 0.019140625