1 0.8 0.30390625 0.022265625 0.062109375
1 0.68828125 0.4390625 0.037109375 0.119921875
1 0.83984375 0.25546875 0.013671875 0.04375
1 0.86171875 0.228125 0.009375 0.03203125
1 0.875 0.21171875 0.00859375 0.026171875
1 0.88359375 0.2015625 0.00703125 0.022265625
2 0.88984375 0.1875 0.009375 0.03125
2 0.8921875 0.18671875 0.0046875 0.028125
4 0.8953125 0.18671875 0.004296875 0.0171875
4 0.89921875 0.1828125 0.00390625 0.015234375
4 0.90234375 0.1796875 0.00390625 0.015234375
4 0.9046875 0.17578125 0.003515625 0.013671875
4 0.90703125 0.1734375 0.002734375 0.012109375
4 0.90859375 0.17109375 0.001953125 0.011328125