1 0.78984375 0.50078125 0.032421875 0.086328125
1 0.496875 0.35703125 0.00703125 0.025
1 0.759375 0.38828125 0.01328125 0.035546875
7 0.64296875 0.36328125 0.007421875 0.021875
1 0.653125 0.37578125 0.00703125 0.030078125
1 0.490625 0.35234375 0.00546875 0.0203125
1 0.9234375 0.39921875 0.01328125 0.0390625
1 0.50234375 0.5203125 0.03515625 0.10078125
7 0.9125 0.37421875 0.003125 0.0171875
1 0.5953125 0.36796875 0.008203125 0.026953125
4 0.4375 0.340625 0.003125 0.012109375
7 0.790625 0.36796875 0.005078125 0.01875
7 0.7296875 0.36484375 0.003515625 0.0171875
7 0.85390625 0.37109375 0.00390625 0.01875
1 0.509375 0.35546875 0.005859375 0.021875
1 0.5875 0.35625 0.004296875 0.016015625
1 0.5046875 0.35234375 0.003515625 0.0171875
4 0.48359375 0.34140625 0.00390625 0.013671875
7 0.83515625 0.3796875 0.00703125 0.024609375
4 0.390625 0.33671875 0.003515625 0.013671875
1 0.7875 0.36484375 0.003125 0.0171875
7 0.71875 0.3703125 0.005859375 0.025
4 0.89296875 0.3609375 0.003125 0.012890625
1 0.90859375 0.37265625 0.0046875 0.01875
4 0.86796875 0.36015625 0.003125 0.0140625
1 0.8515625 0.36875 0.00390625 0.01796875
4 0.83515625 0.35859375 0.003125 0.013671875
1 0.7234375 0.36328125 0.00390625 0.016796875
4 0.6765625 0.35234375 0.004296875 0.014453125
7 0.65 0.3609375 0.004296875 0.021875
1 0.646875 0.35859375 0.005859375 0.019921875
4 0.62734375 0.34921875 0.005078125 0.014453125
7 0.93515625 0.3828125 0.0109375 0.03125
4 0.9484375 0.36328125 0.003515625 0.014453125