1 0.59140625 0.425 0.015625 0.041015625
1 0.496875 0.4921875 0.023046875 0.076171875
7 0.71171875 0.43203125 0.01171875 0.0359375
7 0.73671875 0.46484375 0.01640625 0.051171875
1 0.5234375 0.43984375 0.01640625 0.051953125
7 0.771875 0.509375 0.025390625 0.06953125
7 0.7453125 0.4078125 0.008203125 0.022265625
1 0.5375 0.39921875 0.01171875 0.0328125
7 0.7734375 0.41953125 0.005859375 0.028125
7 0.82734375 0.4375 0.009375 0.033984375
7 0.92890625 0.4609375 0.014453125 0.03984375
7 0.65703125 0.41171875 0.009765625 0.0296875
1 0.365625 0.7515625 0.07734375 0.193359375
7 0.8609375 0.58828125 0.041015625 0.103515625