4 0.878125 0.20234375 0.009765625 0.028125
4 0.83828125 0.2546875 0.0171875 0.048046875
4 0.8640625 0.221875 0.01171875 0.034765625
4 0.7875 0.3203125 0.022265625 0.075390625
4 0.73828125 0.38359375 0.03359375 0.102734375
4 0.7125 0.3796875 0.0265625 0.096875
4 0.90078125 0.17421875 0.005859375 0.01875
4 0.6171875 0.53984375 0.061328125 0.16953125
4 0.8953125 0.18046875 0.0046875 0.019921875
4 0.8875 0.18984375 0.008203125 0.023046875
4 0.9046875 0.17109375 0.003125 0.0140625
4 0.909375 0.1625 0.003515625 0.012109375
4 0.90625 0.165625 0.00390625 0.01328125
4 0.91171875 0.16015625 0.0015625 0.011328125
4 0.9140625 0.1578125 0.003515625 0.009765625