1 0.37421875 0.259375 0.0078125 0.027734375
1 0.715625 0.30859375 0.008984375 0.030078125
1 0.1328125 0.23984375 0.008984375 0.0328125
1 0.59609375 0.29375 0.008984375 0.030859375
7 0.10234375 0.3890625 0.029296875 0.097265625
1 0.83359375 0.3171875 0.0078125 0.025
1 0.25703125 0.24765625 0.0078125 0.028125
1 0.64765625 0.30078125 0.0109375 0.03125
7 0.1453125 0.2578125 0.01328125 0.037890625
1 0.76796875 0.31328125 0.009765625 0.0296875
7 0.325 0.4953125 0.035546875 0.137890625
1 0.48359375 0.275 0.009765625 0.030859375
7 0.80078125 0.3421875 0.0109375 0.037890625
7 0.88828125 0.34921875 0.0109375 0.038671875
7 0.6890625 0.328125 0.011328125 0.041015625
7 0.446875 0.2859375 0.0125 0.037109375
7 0.3609375 0.27421875 0.009765625 0.0359375
1 0.84296875 0.3078125 0.005078125 0.021875
7 0.94609375 0.34921875 0.01328125 0.033203125
1 0.915625 0.309375 0.006640625 0.01875
1 0.79765625 0.3140625 0.006640625 0.025390625
7 0.5890625 0.31328125 0.01171875 0.0390625
1 0.85 0.31484375 0.00859375 0.023828125
1 0.86875 0.3015625 0.00546875 0.01875
7 0.2609375 0.26484375 0.01015625 0.036328125
7 0.69296875 0.75625 0.047265625 0.18203125
7 0.94453125 0.32421875 0.005859375 0.023046875
7 0.9484375 0.3203125 0.0046875 0.022265625
1 0.85390625 0.3125 0.007421875 0.025
1 0.83828125 0.30078125 0.00703125 0.0203125