1 0.64375 0.3640625 0.00703125 0.018359375
1 0.62421875 0.3734375 0.008984375 0.021484375
1 0.58515625 0.3609375 0.008203125 0.016015625
1 0.57578125 0.38046875 0.008984375 0.021875
1 0.5234375 0.36171875 0.01015625 0.01875
1 0.5046875 0.39375 0.0125 0.025390625
1 0.41796875 0.4125 0.015234375 0.031640625
1 0.4375 0.3671875 0.007421875 0.018359375
1 0.340625 0.43671875 0.017578125 0.03984375
1 0.21328125 0.47265625 0.029296875 0.05546875
1 0.11484375 0.3828125 0.0109375 0.019140625
1 0.234375 0.378125 0.0109375 0.0203125
1 0.34765625 0.371875 0.00625 0.018359375
7 0.59375 0.4765625 0.029296875 0.062890625
7 0.58125 0.43359375 0.019140625 0.040625
7 0.60234375 0.4125 0.016796875 0.03515625
7 0.7890625 0.36796875 0.0109375 0.021875
7 0.75859375 0.38046875 0.01171875 0.023828125
7 0.74921875 0.3609375 0.009765625 0.02109375
7 0.6875 0.39375 0.0140625 0.028515625
7 0.6984375 0.35625 0.00859375 0.018359375
7 0.63828125 0.353125 0.007421875 0.015625
7 0.56484375 0.35390625 0.008203125 0.016796875
7 0.49609375 0.35625 0.005859375 0.016015625
7 0.434375 0.359375 0.007421875 0.015625
7 0.165625 0.37109375 0.00703125 0.019921875
7 0.259375 0.36875 0.00859375 0.01875
7 0.35546875 0.3640625 0.008203125 0.018359375
2 0.74765625 0.5609375 0.078515625 0.176171875
2 0.67734375 0.5234375 0.06171875 0.14765625