4 0.74375 0.33359375 0.02265625 0.076171875
4 0.8 0.2625 0.0125 0.049609375
4 0.85234375 0.196875 0.0046875 0.021875
4 0.8265625 0.2296875 0.011328125 0.034765625
4 0.54453125 0.584375 0.065625 0.1890625
4 0.84140625 0.21015625 0.00625 0.028125
4 0.86640625 0.18125 0.004296875 0.01796875
4 0.86015625 0.18828125 0.00625 0.019921875
4 0.8703125 0.17578125 0.00390625 0.014453125
4 0.8734375 0.171875 0.003125 0.012890625
4 0.946875 0.1578125 0.00390625 0.012109375
4 0.94375 0.15703125 0.003125 0.010546875
4 0.940625 0.15625 0.00390625 0.008984375
4 0.8765625 0.16875 0.00390625 0.012890625
4 0.95078125 0.1609375 0.0015625 0.01015625