1 0.42265625 0.76328125 0.04921875 0.16953125
1 0.9140625 0.44375 0.055078125 0.134375
5 0.0609375 0.2953125 0.01015625 0.030859375
5 0.128125 0.31328125 0.0109375 0.039453125
5 0.14609375 0.28984375 0.008984375 0.03125
5 0.29765625 0.26171875 0.00859375 0.026953125
5 0.3265625 0.2703125 0.00859375 0.03359375
5 0.46796875 0.23828125 0.005078125 0.025
5 0.478125 0.25 0.00625 0.030859375
5 0.6390625 0.23984375 0.007421875 0.03125
5 0.665625 0.22578125 0.00625 0.026171875
5 0.7953125 0.24296875 0.0109375 0.0359375
5 0.84921875 0.228125 0.009765625 0.030859375