4 0.09921875 0.2640625 0.01328125 0.04375
4 0.18125 0.28984375 0.0140625 0.05
5 0.3453125 0.27734375 0.0109375 0.0359375
5 0.2421875 0.259375 0.009765625 0.03125
5 0.296875 0.24765625 0.00546875 0.023046875
5 0.209375 0.2203125 0.00703125 0.01875
5 0.38984375 0.2578125 0.004296875 0.025390625
5 0.27265625 0.2328125 0.00546875 0.021875
5 0.25625 0.2203125 0.00390625 0.016015625
7 0.23046875 0.609375 0.0453125 0.183984375
5 0.33828125 0.23515625 0.00546875 0.019921875
5 0.11640625 0.2078125 0.003125 0.01640625
5 0.11953125 0.20390625 0.00390625 0.016796875
5 0.1234375 0.2 0.004296875 0.015234375
5 0.1828125 0.21015625 0.005078125 0.019921875