1 0.40703125 0.3859375 0.011328125 0.03359375
7 0.7453125 0.43125 0.022265625 0.059765625
7 0.83359375 0.48671875 0.025 0.080078125
1 0.46796875 0.50859375 0.02734375 0.0953125
7 0.5484375 0.3828125 0.01171875 0.034765625
7 0.6171875 0.3421875 0.00546875 0.01875
7 0.63359375 0.4015625 0.014453125 0.04140625
7 0.4984375 0.3703125 0.00859375 0.03359375
7 0.74453125 0.36484375 0.0078125 0.026171875
1 0.45625 0.3484375 0.00546875 0.01875
1 0.51953125 0.43828125 0.019921875 0.062109375
7 0.80625 0.3765625 0.01015625 0.03125
7 0.51015625 0.34375 0.006640625 0.01796875
1 0.909375 0.375 0.0125 0.03203125
7 0.53671875 0.3484375 0.005078125 0.022265625
7 0.90234375 0.39453125 0.016015625 0.0390625
7 0.5296875 0.3546875 0.007421875 0.021875
1 0.43359375 0.3421875 0.0046875 0.019140625
1 0.375 0.36875 0.00859375 0.028125
7 0.69765625 0.35625 0.005078125 0.021875
1 0.43203125 0.353125 0.005078125 0.021875
7 0.6 0.33671875 0.00625 0.014453125
7 0.46796875 0.33671875 0.00390625 0.016796875
7 0.58359375 0.334375 0.003125 0.01328125
7 0.6375 0.3453125 0.00546875 0.01640625
1 0.65 0.33515625 0.0046875 0.014453125
7 0.66328125 0.35078125 0.00859375 0.019921875
7 0.5140625 0.36015625 0.005859375 0.025
7 0.484375 0.340625 0.004296875 0.01875
1 0.7734375 0.35546875 0.005859375 0.021875
1 0.21953125 0.746875 0.078515625 0.20390625
1 0.67265625 0.340625 0.004296875 0.016015625
7 0.56015625 0.328125 0.003125 0.01171875
1 0.45390625 0.40546875 0.013671875 0.04375
1 0.396875 0.36015625 0.008984375 0.026171875
1 0.58984375 0.3265625 0.00390625 0.012109375
1 0.4140625 0.33828125 0.00546875 0.016796875
1 0.834375 0.36328125 0.00859375 0.028125
7 0.5703125 0.33125 0.0046875 0.01328125
1 0.22578125 0.3421875 0.0046875 0.021875