2 0.25625 0.41484375 0.07421875 0.23046875
2 0.3046875 0.353125 0.051953125 0.18359375
4 0.3828125 0.30078125 0.021484375 0.082421875
4 0.41875 0.2359375 0.012109375 0.053125
4 0.4484375 0.196875 0.008984375 0.033984375
4 0.56875 0.1921875 0.006640625 0.037890625
4 0.5953125 0.225 0.017578125 0.050390625
4 0.64140625 0.28125 0.02734375 0.0765625
2 0.715625 0.34609375 0.059765625 0.18984375
2 0.75703125 0.4015625 0.076171875 0.2375
5 0.2046875 0.2546875 0.01875 0.07734375
5 0.2296875 0.246875 0.015234375 0.071484375
5 0.29765625 0.209375 0.012890625 0.055859375
5 0.31171875 0.20390625 0.01015625 0.0515625
5 0.3484375 0.1859375 0.005859375 0.03515625