1 0.31796875 0.5765625 0.059765625 0.15859375
1 0.1296875 0.42578125 0.029296875 0.07265625
7 0.29453125 0.303125 0.009765625 0.024609375
2 0.3125 0.28828125 0.009765625 0.038671875
2 0.3203125 0.2859375 0.0109375 0.037890625
1 0.33359375 0.31953125 0.012109375 0.0359375
7 0.3421875 0.28359375 0.007421875 0.021875
7 0.36875 0.27421875 0.003125 0.023828125
1 0.3859375 0.290625 0.007421875 0.02578125
7 0.38984375 0.2640625 0.005078125 0.019140625
7 0.37734375 0.26328125 0.005859375 0.0171875
2 0.4015625 0.2765625 0.008203125 0.043359375
2 0.40703125 0.2765625 0.005078125 0.043359375
1 0.41015625 0.27734375 0.0046875 0.023828125
1 0.43125 0.2671875 0.007421875 0.019140625
1 0.43828125 0.2640625 0.005078125 0.019140625
1 0.48671875 0.4171875 0.0296875 0.090625
1 0.51171875 0.259375 0.006640625 0.021875
1 0.53359375 0.26328125 0.005859375 0.023828125
1 0.58359375 0.3578125 0.018359375 0.066015625
1 0.64921875 0.3296875 0.02109375 0.05390625
1 0.68359375 0.3078125 0.014453125 0.043359375
1 0.67421875 0.28828125 0.012109375 0.038671875
1 0.6328125 0.27890625 0.01015625 0.03125
1 0.5796875 0.2703125 0.00625 0.02734375
1 0.525 0.24765625 0.003125 0.019921875
7 0.8890625 0.53515625 0.048046875 0.158984375
7 0.91015625 0.42421875 0.040234375 0.106640625
7 0.93046875 0.36875 0.020703125 0.074609375
7 0.91953125 0.32421875 0.01640625 0.055078125
7 0.8375 0.29453125 0.013671875 0.042578125
7 0.7796875 0.2765625 0.0125 0.037890625
7 0.73515625 0.26953125 0.011328125 0.033203125
7 0.6859375 0.26171875 0.008203125 0.029296875
7 0.63203125 0.2546875 0.007421875 0.024609375
7 0.590625 0.2546875 0.007421875 0.019140625
7 0.59375 0.2453125 0.005078125 0.019140625
7 0.58203125 0.25 0.006640625 0.019140625
7 0.6203125 0.240625 0.00390625 0.019140625
7 0.63671875 0.23828125 0.00390625 0.019921875
7 0.6390625 0.234375 0.003125 0.01796875
1 0.54375 0.24296875 0.003515625 0.019921875
7 0.63046875 0.2296875 0.00390625 0.01484375
1 0.565625 0.240625 0.005859375 0.01328125
1 0.446875 0.259375 0.004296875 0.018359375
1 0.45390625 0.253125 0.002734375 0.015625
1 0.4265625 0.25390625 0.00390625 0.0140625
1 0.41796875 0.25390625 0.003125 0.0140625
1 0.45078125 0.253125 0.0046875 0.018359375
5 0.5203125 0.3359375 0.014453125 0.07265625
5 0.53828125 0.2859375 0.008203125 0.04765625
5 0.5421875 0.26640625 0.007421875 0.0328125
5 0.6578125 0.28359375 0.008984375 0.0484375
5 0.68125 0.2484375 0.008203125 0.03125
5 0.6171875 0.24921875 0.00703125 0.026171875
5 0.60390625 0.23984375 0.005078125 0.0203125