2 0.16640625 0.6421875 0.04140625 0.13046875
4 0.13125 0.54375 0.03046875 0.05703125
2 0.2375 0.48828125 0.0359375 0.071875
4 0.296875 0.55859375 0.029296875 0.0578125
4 0.43046875 0.521875 0.022265625 0.046484375
4 0.43359375 0.496875 0.021875 0.041015625
2 0.46875 0.465625 0.03125 0.060546875
2 0.578125 0.45078125 0.023828125 0.05234375
4 0.6671875 0.4640625 0.018359375 0.034375
4 0.7125 0.51796875 0.030859375 0.0515625
4 0.77421875 0.42734375 0.034765625 0.05703125
4 0.7578125 0.371875 0.025390625 0.04609375
4 0.8546875 0.43125 0.033203125 0.053125