1 0.7 0.28984375 0.009765625 0.0359375
7 0.84609375 0.2796875 0.01171875 0.04140625
7 0.8609375 0.2953125 0.015234375 0.04609375
1 0.671875 0.3171875 0.012890625 0.04609375
7 0.878125 0.31484375 0.015625 0.053125
1 0.64921875 0.3421875 0.019921875 0.060546875
1 0.59765625 0.40390625 0.022265625 0.082421875
7 0.92734375 0.40234375 0.025390625 0.0890625
7 0.9015625 0.35703125 0.030078125 0.074609375
1 0.72421875 0.26875 0.009765625 0.03046875
1 0.73359375 0.2578125 0.009375 0.027734375
1 0.7390625 0.25078125 0.007421875 0.025
1 0.26640625 0.7578125 0.0234375 0.109375
7 0.8375 0.2640625 0.006640625 0.03125
1 0.7484375 0.24140625 0.007421875 0.023828125
1 0.7609375 0.240625 0.007421875 0.02578125
1 0.790625 0.2359375 0.008203125 0.021875
1 0.8140625 0.234375 0.005859375 0.024609375
7 0.925 0.240625 0.007421875 0.027734375
7 0.88515625 0.24375 0.00859375 0.02578125
7 0.85859375 0.24296875 0.005859375 0.0265625
5 0.840625 0.2203125 0.0078125 0.021875
1 0.8953125 0.23203125 0.00859375 0.0265625
1 0.8546875 0.2328125 0.005859375 0.021875
7 0.8359375 0.25 0.01015625 0.03671875