1 0.63359375 0.24609375 0.00625 0.025
1 0.7765625 0.24375 0.00625 0.02265625
1 0.80859375 0.246875 0.00546875 0.02734375
1 0.50546875 0.26796875 0.0046875 0.03125
1 0.52890625 0.26015625 0.00625 0.0296875
1 0.5546875 0.25546875 0.00703125 0.0296875
7 0.621875 0.26484375 0.00703125 0.0328125
7 0.6640625 0.26015625 0.00859375 0.0328125
7 0.71171875 0.25859375 0.00703125 0.03359375
7 0.7625 0.25859375 0.00859375 0.03359375
7 0.81875 0.2640625 0.0109375 0.03984375
1 0.896875 0.253125 0.0078125 0.0296875
1 0.48671875 0.27734375 0.00703125 0.0328125
7 0.5921875 0.28359375 0.01015625 0.040625
7 0.88671875 0.27265625 0.0125 0.040625
7 0.6 0.30546875 0.01328125 0.053125
1 0.459375 0.31484375 0.01171875 0.0484375
1 0.43046875 0.35234375 0.01796875 0.0671875
7 0.6265625 0.35078125 0.01875 0.071875
1 0.37890625 0.4421875 0.028125 0.10546875
7 0.6875 0.453125 0.034375 0.1203125
2 0.25703125 0.6125 0.084375 0.31875
2 0.3078125 0.53515625 0.0609375 0.2546875
2 0.75 0.534375 0.059375 0.27265625
2 0.80390625 0.61171875 0.09453125 0.3390625
1 0.475 0.28984375 0.00859375 0.0359375
1 0.859375 0.24921875 0.00703125 0.02734375
1 0.74921875 0.24296875 0.00703125 0.02421875
1 0.725 0.2421875 0.00546875 0.02265625
1 0.675 0.24609375 0.0046875 0.0203125
1 0.60078125 0.25078125 0.00625 0.02734375