1 0.6796875 0.28828125 0.010546875 0.040625
1 0.76015625 0.28359375 0.010546875 0.0359375
1 0.61875 0.30078125 0.015625 0.043359375
1 0.56328125 0.3171875 0.0125 0.04765625
7 0.84609375 0.35 0.020703125 0.071875
7 0.9171875 0.35078125 0.02578125 0.07265625
1 0.484375 0.35546875 0.02109375 0.06328125
7 0.76484375 0.359375 0.02734375 0.075390625
1 0.41953125 0.4109375 0.028125 0.075390625
7 0.7078125 0.396875 0.021875 0.087109375
7 0.72578125 0.509375 0.047265625 0.1359375
1 0.85390625 0.290625 0.01484375 0.050390625
1 0.1234375 0.759375 0.044140625 0.1453125