7 0.27265625 0.26953125 0.009765625 0.023828125
7 0.3109375 0.2640625 0.007421875 0.024609375
7 0.371875 0.26328125 0.00703125 0.023828125
7 0.40078125 0.26328125 0.00859375 0.021875
1 0.55390625 0.2703125 0.007421875 0.024609375
7 0.19140625 0.28359375 0.008203125 0.033203125
7 0.47109375 0.27421875 0.008203125 0.0265625
7 0.52421875 0.28984375 0.008203125 0.03125
7 0.13671875 0.30390625 0.017578125 0.03671875
7 0.1546875 0.31015625 0.014453125 0.038671875
7 0.2125 0.31015625 0.01953125 0.043359375
7 0.28984375 0.31015625 0.014453125 0.042578125
7 0.3546875 0.30703125 0.015234375 0.039453125
7 0.4109375 0.3109375 0.0140625 0.044140625
7 0.6296875 0.30625 0.01484375 0.040625
1 0.7125 0.2953125 0.009765625 0.033984375
7 0.45703125 0.321875 0.019140625 0.051171875
7 0.50625 0.3390625 0.01640625 0.05859375
7 0.83046875 0.35 0.02109375 0.05703125
1 0.0921875 0.36171875 0.02578125 0.065234375
1 0.20078125 0.3609375 0.02734375 0.06328125
7 0.565625 0.37109375 0.0203125 0.0734375
1 0.27421875 0.3765625 0.026171875 0.069140625
1 0.31015625 0.44140625 0.031640625 0.101171875
7 0.6625 0.47890625 0.04140625 0.12421875
1 0.2390625 0.65 0.073046875 0.2078125
1 0.0859375 0.290625 0.012109375 0.028515625
1 0.140625 0.28125 0.008984375 0.024609375
7 0.1546875 0.29453125 0.014453125 0.03203125
1 0.196875 0.271875 0.006640625 0.024609375
7 0.23046875 0.2765625 0.008203125 0.024609375
1 0.24375 0.265625 0.007421875 0.021875
1 0.28671875 0.259375 0.005859375 0.01796875
1 0.3234375 0.259375 0.007421875 0.019140625
7 0.34375 0.26328125 0.0078125 0.023828125
1 0.36328125 0.25703125 0.007421875 0.019921875
1 0.396875 0.25703125 0.007421875 0.019921875
1 0.51484375 0.265625 0.006640625 0.021875
1 0.48359375 0.26171875 0.005859375 0.023828125
1 0.4546875 0.25859375 0.006640625 0.021875
1 0.61640625 0.28125 0.008203125 0.028515625
7 0.871875 0.7625 0.04375 0.13125