7 0.52265625 0.25234375 0.007421875 0.019921875
1 0.49296875 0.2640625 0.00859375 0.028515625
7 0.58125 0.259375 0.007421875 0.024609375
7 0.63515625 0.26328125 0.009375 0.0265625
7 0.684375 0.271875 0.011328125 0.033984375
7 0.73046875 0.25234375 0.007421875 0.029296875
7 0.7765625 0.26953125 0.008984375 0.033203125
1 0.8078125 0.26171875 0.006640625 0.023828125
1 0.53828125 0.27421875 0.009765625 0.029296875
7 0.740625 0.2859375 0.016015625 0.038671875
7 0.8359375 0.27734375 0.012109375 0.0359375
1 0.8765625 0.27734375 0.009765625 0.0265625
7 0.77578125 0.2984375 0.015234375 0.037890625
7 0.9359375 0.303125 0.010546875 0.037890625
1 0.621875 0.3140625 0.012890625 0.050390625
7 0.8046875 0.33203125 0.01640625 0.0625
1 0.55 0.3484375 0.01875 0.0625
7 0.79921875 0.37265625 0.021875 0.071875
1 0.4703125 0.3890625 0.0296875 0.082421875
7 0.76640625 0.43984375 0.04296875 0.106640625
7 0.79765625 0.665625 0.090234375 0.226953125
1 0.3078125 0.6296875 0.06484375 0.19921875
1 0.59609375 0.2796875 0.008984375 0.033984375
1 0.6265625 0.29296875 0.011328125 0.038671875
2 0.84453125 0.2640625 0.008984375 0.03515625
2 0.83203125 0.26171875 0.009765625 0.033203125
2 0.75546875 0.259375 0.010546875 0.033984375
2 0.74765625 0.25703125 0.008984375 0.033203125
1 0.759375 0.25234375 0.005859375 0.021875
7 0.540625 0.2546875 0.007421875 0.019140625
1 0.70703125 0.24296875 0.00625 0.0171875
7 0.68671875 0.24609375 0.004296875 0.021875
1 0.6609375 0.23359375 0.004296875 0.013671875
7 0.65390625 0.23828125 0.0046875 0.0171875
7 0.63203125 0.23515625 0.005078125 0.017578125
7 0.55625 0.228125 0.003125 0.012890625
7 0.56875 0.2296875 0.00390625 0.01484375
7 0.56484375 0.23984375 0.0046875 0.015625
7 0.5765625 0.2375 0.0046875 0.015625
7 0.58359375 0.23359375 0.0046875 0.015625
7 0.5453125 0.24140625 0.004296875 0.019921875
7 0.534375 0.2453125 0.00546875 0.01640625
1 0.540625 0.23515625 0.003125 0.013671875
1 0.5375 0.2328125 0.00390625 0.01015625
1 0.51328125 0.240625 0.005859375 0.015625
1 0.4859375 0.24375 0.006640625 0.019140625
1 0.4921875 0.2296875 0.00390625 0.012109375
1 0.4640625 0.25390625 0.003515625 0.0203125