1 0.18046875 0.415625 0.02578125 0.08203125
7 0.28515625 0.3171875 0.0109375 0.04296875
7 0.35625 0.31640625 0.01171875 0.04296875
7 0.4421875 0.3171875 0.01171875 0.0484375
1 0.24453125 0.4515625 0.028125 0.10546875
7 0.5296875 0.3609375 0.01875 0.071875
7 0.64296875 0.4640625 0.0328125 0.125
7 0.72734375 0.303125 0.01328125 0.053125
1 0.16484375 0.728125 0.0671875 0.20546875
1 0.08203125 0.41328125 0.02578125 0.0765625
7 0.91875 0.721875 0.0421875 0.2171875
7 0.2234375 0.31953125 0.01171875 0.04296875
7 0.1515625 0.32890625 0.01328125 0.046875
7 0.075 0.33828125 0.01328125 0.0421875
7 0.8265625 0.321875 0.021875 0.071875
7 0.6515625 0.290625 0.0109375 0.0484375
7 0.57578125 0.28359375 0.01015625 0.03828125
7 0.5296875 0.27578125 0.0078125 0.03515625
7 0.50546875 0.265625 0.00703125 0.03125
1 0.89296875 0.27578125 0.01328125 0.046875
1 0.78125 0.26953125 0.0109375 0.04296875
1 0.70234375 0.26484375 0.009375 0.03984375
1 0.62265625 0.26171875 0.0078125 0.0328125
1 0.5828125 0.25234375 0.00625 0.02890625
2 0.5671875 0.24296875 0.00703125 0.03828125
2 0.56015625 0.24375 0.00625 0.0375
2 0.490625 0.25234375 0.00546875 0.04296875
2 0.496875 0.2546875 0.00703125 0.0484375
7 0.47578125 0.2546875 0.00703125 0.02890625
7 0.45 0.25 0.00625 0.02421875
7 0.42890625 0.25 0.00546875 0.02421875
7 0.40859375 0.25234375 0.00546875 0.02421875
7 0.38359375 0.25234375 0.00546875 0.02421875
7 0.11875 0.30390625 0.01015625 0.03359375
1 0.06875 0.3109375 0.00625 0.02734375
1 0.1484375 0.28828125 0.00546875 0.0265625
1 0.2203125 0.27421875 0.00546875 0.021875
7 0.18671875 0.2859375 0.00546875 0.02890625
4 0.24609375 0.271875 0.00546875 0.02265625
4 0.271875 0.26171875 0.00546875 0.01953125
4 0.29453125 0.26484375 0.00546875 0.02265625
4 0.3125 0.2546875 0.003125 0.0171875
4 0.33515625 0.2609375 0.00390625 0.021875
1 0.39296875 0.2453125 0.00390625 0.0171875
1 0.43515625 0.2421875 0.003125 0.015625
1 0.48203125 0.2390625 0.00390625 0.0171875
1 0.5171875 0.2421875 0.00390625 0.01796875
1 0.54296875 0.24453125 0.00546875 0.0203125