1 0.68359375 0.271875 0.00625 0.03125
1 0.753125 0.26953125 0.00859375 0.0296875
1 0.58515625 0.28515625 0.00703125 0.03359375
1 0.6265625 0.27734375 0.00625 0.03125
1 0.534375 0.2984375 0.0109375 0.03828125
7 0.734375 0.30859375 0.01484375 0.0484375
7 0.80859375 0.30078125 0.0109375 0.04453125
7 0.90859375 0.30390625 0.01796875 0.05078125
1 0.4796875 0.32265625 0.0125 0.046875
7 0.67265625 0.31953125 0.01328125 0.05078125
1 0.4359375 0.346875 0.015625 0.05390625
7 0.63671875 0.340625 0.015625 0.05625
1 0.37734375 0.3921875 0.021875 0.071875
7 0.6390625 0.3875 0.021875 0.08046875
1 0.32265625 0.490625 0.0296875 0.11796875
7 0.7453125 0.54921875 0.046875 0.15859375
1 0.8328125 0.27109375 0.01171875 0.0328125
1 0.93125 0.275 0.01328125 0.0359375
5 0.815625 0.321875 0.01484375 0.0734375
5 0.8296875 0.33046875 0.02578125 0.084375
5 0.71015625 0.25703125 0.0078125 0.0359375
5 0.80703125 0.2484375 0.00859375 0.0328125