1 0.76328125 0.2859375 0.0109375 0.03828125
1 0.728125 0.31015625 0.01328125 0.0484375
1 0.703125 0.33046875 0.015625 0.05546875
1 0.64921875 0.375 0.01953125 0.0765625
1 0.57109375 0.4296875 0.0234375 0.09765625
1 0.22734375 0.75 0.0375 0.16328125
1 0.42421875 0.596875 0.0421875 0.1765625
1 0.79453125 0.2671875 0.00859375 0.0359375
1 0.80703125 0.25703125 0.00703125 0.03125
1 0.81640625 0.2484375 0.00546875 0.0265625
1 0.828125 0.24375 0.00390625 0.02421875
1 0.84375 0.24140625 0.00546875 0.01953125
7 0.9359375 0.2828125 0.00859375 0.0359375
7 0.9296875 0.2703125 0.00703125 0.03359375
1 0.8828125 0.23671875 0.0078125 0.02421875
1 0.9125 0.2375 0.00703125 0.025
7 0.9375 0.25 0.00625 0.03125