4 0.1828125 0.59375 0.03359375 0.058984375
4 0.278125 0.671875 0.04375 0.087890625
4 0.26875 0.83046875 0.077734375 0.1359375
1 0.296875 0.60234375 0.03046875 0.058984375
4 0.32265625 0.61171875 0.029296875 0.062109375
4 0.33515625 0.5875 0.022265625 0.05
2 0.3453125 0.56015625 0.02265625 0.065234375
2 0.35 0.55703125 0.018359375 0.061328125
4 0.36015625 0.56015625 0.01953125 0.036328125
1 0.37421875 0.55703125 0.014453125 0.032421875
7 0.48359375 0.56484375 0.01328125 0.033203125
4 0.49375 0.56953125 0.018359375 0.037109375
2 0.509375 0.56640625 0.019921875 0.058984375
2 0.5171875 0.5703125 0.026953125 0.063671875
4 0.53203125 0.59609375 0.021484375 0.046875
4 0.5515625 0.62265625 0.029296875 0.0578125
7 0.5703125 0.61640625 0.0234375 0.053125
4 0.6328125 0.6984375 0.04765625 0.087890625