7 0.8484375 0.2328125 0.012109375 0.03125
7 0.88984375 0.23828125 0.009765625 0.029296875
7 0.9296875 0.24765625 0.0109375 0.029296875
1 0.56328125 0.2859375 0.012109375 0.037890625
7 0.71796875 0.2984375 0.016015625 0.053125
1 0.54921875 0.3140625 0.012109375 0.053125
7 0.74453125 0.3328125 0.014453125 0.059765625
1 0.51328125 0.3765625 0.026171875 0.0796875
7 0.79296875 0.4578125 0.046875 0.123828125
1 0.421875 0.47578125 0.038671875 0.121875
2 0.6921875 0.2640625 0.012109375 0.0625
1 0.5984375 0.25234375 0.006640625 0.0265625
1 0.60546875 0.2453125 0.005078125 0.024609375
1 0.196875 0.73125 0.07109375 0.2
1 0.5921875 0.26171875 0.005859375 0.029296875
7 0.68203125 0.2546875 0.0078125 0.03125
7 0.6796875 0.24140625 0.005859375 0.033203125
7 0.73671875 0.234375 0.01015625 0.02578125
7 0.77265625 0.2328125 0.005859375 0.019140625
7 0.81171875 0.23515625 0.005859375 0.0203125
7 0.9015625 0.7765625 0.03828125 0.1109375
7 0.703125 0.2328125 0.007421875 0.024609375
2 0.5875 0.26171875 0.00859375 0.055078125
2 0.58359375 0.26484375 0.01328125 0.05546875
1 0.6109375 0.23828125 0.00390625 0.0171875
1 0.61640625 0.2375 0.003125 0.015625
1 0.6265625 0.23515625 0.004296875 0.015625
1 0.6421875 0.23203125 0.003125 0.011328125
1 0.659375 0.228125 0.003125 0.012109375
1 0.6953125 0.228125 0.00390625 0.01171875
1 0.721875 0.22578125 0.00390625 0.0171875
1 0.75625 0.22578125 0.006640625 0.0171875
1 0.79921875 0.228125 0.004296875 0.01796875
1 0.8203125 0.228125 0.004296875 0.012890625
1 0.8421875 0.22890625 0.005078125 0.017578125
1 0.86953125 0.23203125 0.004296875 0.0171875
1 0.9078125 0.234375 0.00546875 0.01796875
1 0.93359375 0.2359375 0.005859375 0.024609375