7 0.76484375 0.303125 0.015625 0.04296875
7 0.80703125 0.2953125 0.013671875 0.0375
7 0.859375 0.2953125 0.014453125 0.040234375
7 0.925 0.30078125 0.016015625 0.038671875
7 0.7484375 0.31953125 0.015625 0.0484375
1 0.4703125 0.3734375 0.02578125 0.0671875
7 0.7265625 0.3578125 0.023046875 0.066015625
7 0.7078125 0.38671875 0.029296875 0.07890625
1 0.35078125 0.4546875 0.0375 0.1046875
7 0.73671875 0.46640625 0.04765625 0.11796875
1 0.20390625 0.7015625 0.08203125 0.233203125
1 0.5421875 0.334375 0.016015625 0.053125
1 0.5875 0.31015625 0.009765625 0.042578125
1 0.61875 0.29453125 0.012109375 0.0359375
1 0.64609375 0.2796875 0.0078125 0.03125
1 0.6671875 0.27265625 0.007421875 0.0265625
1 0.7078125 0.26796875 0.008984375 0.0265625
1 0.7421875 0.26796875 0.00703125 0.0265625
1 0.76484375 0.26953125 0.008984375 0.023828125
1 0.81015625 0.26796875 0.0078125 0.0265625
1 0.86328125 0.2703125 0.0078125 0.03125
1 0.92578125 0.27265625 0.012890625 0.03125
5 0.8359375 0.33984375 0.03203125 0.08359375
5 0.8140625 0.3078125 0.02109375 0.06328125
5 0.28984375 0.4140625 0.039453125 0.117578125