1 0.7671875 0.2859375 0.013671875 0.037890625
1 0.86171875 0.2859375 0.018359375 0.044140625
1 0.909375 0.28828125 0.0171875 0.0453125
1 0.640625 0.303125 0.017578125 0.04921875
1 0.69609375 0.29296875 0.013671875 0.0484375
1 0.55390625 0.334375 0.01953125 0.05390625
1 0.49765625 0.3578125 0.01953125 0.0625
7 0.8296875 0.359375 0.02890625 0.08125
1 0.428125 0.41328125 0.029296875 0.087109375
7 0.75390625 0.3984375 0.032421875 0.098046875
1 0.34765625 0.4984375 0.04609375 0.129296875
7 0.775 0.60078125 0.076171875 0.198046875
1 0.2078125 0.7015625 0.072265625 0.225390625
7 0.934375 0.353125 0.012109375 0.07578125