4 0.7328125 0.62421875 0.087890625 0.175390625
4 0.76875 0.56875 0.038671875 0.084765625
4 0.484375 0.52109375 0.0390625 0.0734375
7 0.45234375 0.5140625 0.033203125 0.067578125
4 0.3453125 0.49609375 0.03515625 0.067578125
4 0.31640625 0.5359375 0.079296875 0.1296875
1 0.184375 0.525 0.091796875 0.137109375
2 0.2421875 0.46484375 0.0484375 0.09765625
2 0.20859375 0.45859375 0.0328125 0.09453125
4 0.1453125 0.46796875 0.028515625 0.058203125
4 0.08984375 0.49375 0.053515625 0.112890625
7 0.0953125 0.46015625 0.023046875 0.05703125