1 0.7390625 0.3328125 0.013671875 0.04609375
1 0.66953125 0.3390625 0.01484375 0.04765625
1 0.85 0.334375 0.0171875 0.044140625
1 0.5953125 0.35546875 0.016796875 0.053125
1 0.51796875 0.38515625 0.021875 0.06953125
7 0.86796875 0.45546875 0.03828125 0.10390625
1 0.40234375 0.4734375 0.03515625 0.106640625
7 0.82109375 0.525 0.05625 0.140234375
1 0.16796875 0.70390625 0.090625 0.230859375
7 0.87265625 0.72890625 0.073828125 0.2046875
5 0.4 0.36875 0.022265625 0.08203125
5 0.38046875 0.36796875 0.023828125 0.084375
5 0.23515625 0.359375 0.03125 0.0734375
5 0.0796875 0.3484375 0.02421875 0.066015625