1 0.69375 0.2875 0.0109375 0.0375
1 0.7484375 0.2828125 0.0109375 0.03515625
1 0.81875 0.2796875 0.0109375 0.03515625
1 0.6296875 0.3015625 0.008984375 0.043359375
1 0.5890625 0.31953125 0.011328125 0.051171875
7 0.8734375 0.33046875 0.016796875 0.060546875
7 0.80390625 0.33984375 0.018359375 0.0609375
1 0.5109375 0.3859375 0.01953125 0.07734375
1 0.45078125 0.4578125 0.027734375 0.109375
7 0.81640625 0.49140625 0.044140625 0.134375
7 0.7828125 0.37578125 0.02578125 0.08359375
1 0.9203125 0.2875 0.01328125 0.043359375