1 0.68046875 0.29296875 0.01015625 0.038671875
1 0.7140625 0.31796875 0.0171875 0.048828125
1 0.1609375 0.70625 0.091796875 0.2421875
1 0.62109375 0.4109375 0.026953125 0.091796875
1 0.69609375 0.36328125 0.018359375 0.069921875
1 0.44921875 0.51484375 0.03359375 0.139453125
1 0.621875 0.2765625 0.009375 0.03125
1 0.5890625 0.26953125 0.00625 0.025
1 0.5421875 0.2609375 0.007421875 0.021875
1 0.503125 0.259375 0.00625 0.022265625
7 0.8796875 0.31328125 0.013671875 0.0421875
7 0.92109375 0.29453125 0.0140625 0.0359375
7 0.834375 0.2828125 0.006640625 0.03125
7 0.79296875 0.290625 0.011328125 0.028515625
7 0.78046875 0.27265625 0.00703125 0.0265625
7 0.72890625 0.27578125 0.008203125 0.026953125
7 0.671875 0.2671875 0.008203125 0.028515625
7 0.63203125 0.26171875 0.006640625 0.023046875
1 0.85390625 0.2765625 0.01015625 0.02734375
1 0.82265625 0.26953125 0.00859375 0.023828125
7 0.7484375 0.2671875 0.008984375 0.025
1 0.46171875 0.259375 0.0078125 0.022265625
1 0.4046875 0.2625 0.006640625 0.022265625
1 0.35 0.265625 0.007421875 0.021875