2 0.30546875 0.53359375 0.088671875 0.264453125
2 0.36484375 0.4625 0.0671875 0.208203125
1 0.446875 0.28046875 0.007421875 0.0328125
1 0.46328125 0.2953125 0.010546875 0.043359375
1 0.4703125 0.25390625 0.00625 0.025
2 0.775 0.5234375 0.096875 0.281640625
1 0.47109375 0.3375 0.0140625 0.058984375
7 0.5765625 0.28984375 0.011328125 0.040625
7 0.628125 0.3109375 0.013671875 0.053125
7 0.82421875 0.30703125 0.018359375 0.058203125
1 0.88046875 0.27265625 0.011328125 0.040625
1 0.43046875 0.41015625 0.018359375 0.089453125
7 0.67421875 0.35 0.023828125 0.075390625
7 0.721875 0.45703125 0.034375 0.118359375
2 0.8328125 0.6484375 0.127734375 0.3703125
7 0.559375 0.27265625 0.012890625 0.0359375
7 0.55703125 0.26171875 0.007421875 0.03125
7 0.5671875 0.25234375 0.009765625 0.029296875
7 0.58671875 0.2453125 0.00703125 0.028515625
7 0.60546875 0.240625 0.006640625 0.02578125
1 0.44375 0.265625 0.00625 0.028515625
1 0.490625 0.24609375 0.006640625 0.023046875
1 0.521875 0.23984375 0.00546875 0.0203125
1 0.5515625 0.234375 0.006640625 0.021875
1 0.81171875 0.25390625 0.012109375 0.0359375
1 0.79453125 0.24609375 0.009375 0.03125
1 0.7890625 0.23828125 0.007421875 0.0265625
7 0.72734375 0.27265625 0.0140625 0.040625
7 0.70078125 0.25625 0.009765625 0.033984375
7 0.6875 0.2453125 0.006640625 0.028515625
7 0.6828125 0.2390625 0.005859375 0.02734375
7 0.62265625 0.2359375 0.005078125 0.024609375
7 0.72265625 0.221875 0.007421875 0.022265625
7 0.7078125 0.21484375 0.004296875 0.0171875
7 0.7046875 0.225 0.00546875 0.021875
7 0.7640625 0.21953125 0.00546875 0.023046875
7 0.803125 0.21640625 0.005078125 0.019921875
7 0.8109375 0.221875 0.00390625 0.01953125
7 0.834375 0.2171875 0.004296875 0.019140625
7 0.86171875 0.22265625 0.005859375 0.021875
7 0.8828125 0.21953125 0.006640625 0.025
1 0.81953125 0.22890625 0.009375 0.025
1 0.84765625 0.2140625 0.006640625 0.01640625
1 0.87109375 0.2296875 0.007421875 0.02734375
1 0.921875 0.23125 0.006640625 0.022265625
7 0.91640625 0.221875 0.007421875 0.025
7 0.91015625 0.2234375 0.00859375 0.024609375
7 0.9328125 0.225 0.0078125 0.03203125
7 0.6265625 0.225 0.003125 0.01953125
7 0.63203125 0.23203125 0.005078125 0.023828125
1 0.5671875 0.2296875 0.00390625 0.01640625
1 0.57265625 0.22890625 0.0046875 0.0203125