7 0.57734375 0.25703125 0.00546875 0.02421875
7 0.60703125 0.25390625 0.00546875 0.0265625
7 0.703125 0.2515625 0.00546875 0.02890625
7 0.7515625 0.25625 0.00546875 0.0265625
1 0.4328125 0.28828125 0.0078125 0.03125
7 0.54375 0.28125 0.00703125 0.0359375
7 0.90859375 0.2765625 0.01171875 0.03828125
1 0.4140625 0.3109375 0.01171875 0.0453125
7 0.5484375 0.303125 0.01015625 0.040625
1 0.38515625 0.36875 0.0171875 0.06015625
7 0.57421875 0.3578125 0.01875 0.071875
1 0.3109375 0.50234375 0.0359375 0.125
7 0.6453125 0.4828125 0.0328125 0.1296875
1 0.45078125 0.27734375 0.00703125 0.03125
1 0.4875 0.26171875 0.00546875 0.02421875
1 0.51015625 0.25390625 0.00546875 0.02421875
1 0.54609375 0.24765625 0.0046875 0.02421875
7 0.55703125 0.26796875 0.00546875 0.03125
7 0.63984375 0.2515625 0.00546875 0.0265625
7 0.6640625 0.2515625 0.00546875 0.0265625
7 0.80859375 0.259375 0.00859375 0.03359375
1 0.8953125 0.25703125 0.00625 0.02890625
1 0.84453125 0.25 0.00703125 0.02890625
1 0.784375 0.2453125 0.00546875 0.02421875
1 0.734375 0.24296875 0.00546875 0.02421875
1 0.69140625 0.240625 0.00546875 0.02421875
1 0.65 0.240625 0.00546875 0.02421875
1 0.61015625 0.240625 0.0046875 0.0203125
1 0.575 0.24375 0.0046875 0.021875