2 0.25625 0.41484375 0.06875 0.2296875
2 0.3046875 0.353125 0.056640625 0.18359375
4 0.3828125 0.30078125 0.023828125 0.083203125
4 0.41875 0.2359375 0.016015625 0.053125
4 0.4484375 0.196875 0.012890625 0.033984375
4 0.56875 0.1921875 0.010546875 0.037890625
4 0.5953125 0.225 0.016796875 0.050390625
4 0.64140625 0.28125 0.0203125 0.07578125
2 0.715625 0.34609375 0.047265625 0.1875
2 0.75703125 0.4015625 0.077734375 0.23828125
5 0.2046875 0.2546875 0.021875 0.07734375
5 0.2296875 0.246875 0.016015625 0.071484375
5 0.29765625 0.209375 0.010546875 0.055859375
5 0.31171875 0.20390625 0.01328125 0.0515625
5 0.3484375 0.1859375 0.008203125 0.03515625