1 0.215625 0.6515625 0.084765625 0.210546875
1 0.3765625 0.40859375 0.024609375 0.086328125
1 0.44453125 0.33984375 0.015234375 0.0578125
1 0.49140625 0.2984375 0.009765625 0.037890625
1 0.5046875 0.2796875 0.009765625 0.033984375
7 0.65234375 0.4734375 0.0375 0.125
7 0.60625 0.36796875 0.019140625 0.0765625
7 0.61796875 0.3171875 0.0125 0.053125
7 0.11796875 0.31015625 0.012890625 0.038671875
1 0.17890625 0.3125 0.015234375 0.037890625
7 0.19765625 0.28828125 0.01015625 0.029296875
7 0.2484375 0.271875 0.008984375 0.02578125
1 0.26875 0.28359375 0.009765625 0.029296875
1 0.3 0.2765625 0.008203125 0.028515625
1 0.325 0.26796875 0.005859375 0.0265625