7 0.2671875 0.8296875 0.077734375 0.13515625
4 0.29765625 0.7359375 0.073828125 0.141015625
2 0.28125 0.6546875 0.079296875 0.18046875
2 0.30859375 0.615625 0.06171875 0.153125
4 0.34609375 0.57265625 0.0359375 0.07578125
7 0.34453125 0.53984375 0.030859375 0.065234375
4 0.3796875 0.5234375 0.026171875 0.058984375
4 0.39765625 0.48359375 0.019140625 0.042578125
4 0.37890625 0.465625 0.01953125 0.034765625
4 0.53671875 0.43671875 0.01796875 0.036328125
4 0.5796875 0.45625 0.021875 0.04765625
4 0.6046875 0.48359375 0.029296875 0.058203125
1 0.64765625 0.48984375 0.0328125 0.062109375
4 0.65234375 0.51953125 0.038671875 0.07578125
4 0.7109375 0.40625 0.017578125 0.037109375
2 0.69765625 0.55 0.058203125 0.158984375
2 0.73515625 0.57734375 0.089453125 0.184375
4 0.77421875 0.68515625 0.071875 0.153125
1 0.8203125 0.8 0.1203125 0.19609375