2 0.10703125 0.68828125 0.066796875 0.285546875
2 0.19765625 0.6203125 0.121875 0.32734375
1 0.3203125 0.47578125 0.039453125 0.121875
1 0.39296875 0.36875 0.025 0.069921875
1 0.43359375 0.3171875 0.014453125 0.04765625
1 0.4671875 0.28828125 0.012109375 0.038671875
1 0.49921875 0.2703125 0.008203125 0.03125
1 0.50859375 0.25859375 0.007421875 0.023828125
2 0.8421875 0.653125 0.10859375 0.359375
2 0.7609375 0.55546875 0.090625 0.30078125
7 0.62265625 0.38828125 0.01875 0.086328125
7 0.578125 0.33046875 0.0140625 0.0578125
7 0.56875 0.3015625 0.010546875 0.043359375
7 0.58515625 0.2765625 0.010546875 0.037890625
7 0.59453125 0.2671875 0.00625 0.028515625
7 0.57421875 0.2453125 0.005859375 0.024609375
1 0.1296875 0.3328125 0.016015625 0.04609375
1 0.2125 0.303125 0.0125 0.037890625
1 0.26953125 0.28125 0.010546875 0.028515625
1 0.32265625 0.2640625 0.006640625 0.021875
7 0.07734375 0.3234375 0.011328125 0.043359375
7 0.1671875 0.29453125 0.010546875 0.033203125
7 0.2171875 0.2796875 0.006640625 0.028515625
7 0.265625 0.2640625 0.008203125 0.028515625