7 0.703125 0.5890625 0.05546875 0.171875
1 0.81484375 0.36640625 0.028125 0.0796875
7 0.6125 0.44453125 0.039453125 0.106640625
7 0.56171875 0.37734375 0.02421875 0.07265625
7 0.5109375 0.334375 0.016796875 0.053125
7 0.459375 0.31484375 0.0140625 0.042578125
7 0.4015625 0.303125 0.012890625 0.0375
7 0.353125 0.29296875 0.010546875 0.0296875
7 0.36953125 0.27734375 0.008984375 0.023828125
7 0.38359375 0.26796875 0.00703125 0.023828125
1 0.2171875 0.64609375 0.071484375 0.19609375
1 0.3015625 0.4828125 0.046875 0.1171875
1 0.31484375 0.4015625 0.02734375 0.078125
1 0.271875 0.37109375 0.018359375 0.060546875
1 0.240625 0.35625 0.016015625 0.05078125
1 0.20234375 0.34375 0.0171875 0.04453125
1 0.18359375 0.32890625 0.021484375 0.040234375
1 0.19765625 0.3171875 0.013671875 0.033984375
1 0.2328125 0.30078125 0.01328125 0.03125
1 0.2625 0.2875 0.010546875 0.03125
1 0.27890625 0.28203125 0.007421875 0.023046875
1 0.3078125 0.271875 0.00625 0.019140625
2 0.3109375 0.26171875 0.009765625 0.033203125
2 0.31328125 0.2609375 0.007421875 0.033984375
1 0.32421875 0.2640625 0.006640625 0.018359375
2 0.38984375 0.25703125 0.006640625 0.03125
1 0.1328125 0.303125 0.01015625 0.028515625
1 0.175 0.290625 0.006640625 0.024609375
5 0.571875 0.31484375 0.01640625 0.0625
5 0.4796875 0.28515625 0.014453125 0.053125
5 0.39609375 0.27890625 0.00625 0.0359375
5 0.24140625 0.28125 0.009375 0.021875
5 0.28515625 0.2671875 0.007421875 0.01640625
5 0.11796875 0.3453125 0.02265625 0.060546875
5 0.09375 0.3921875 0.031640625 0.085546875
7 0.40390625 0.2515625 0.005859375 0.018359375
7 0.39375 0.25859375 0.004296875 0.021875
7 0.41328125 0.24375 0.005078125 0.01328125
7 0.41796875 0.240625 0.00390625 0.012109375
1 0.3421875 0.25546875 0.00390625 0.017578125
1 0.3625 0.24609375 0.004296875 0.0171875
5 0.18671875 0.2796875 0.009765625 0.025
5 0.196875 0.29765625 0.009765625 0.025
1 0.16640625 0.28359375 0.006640625 0.019921875
1 0.1609375 0.2828125 0.006640625 0.019140625
7 0.15 0.27734375 0.00703125 0.0171875
7 0.11640625 0.2859375 0.0078125 0.019140625
7 0.0875 0.2921875 0.007421875 0.021875
7 0.06796875 0.29765625 0.0078125 0.023046875
5 0.3375 0.253125 0.005859375 0.022265625
1 0.36953125 0.240625 0.0046875 0.015625
7 0.22734375 0.2625 0.004296875 0.015625
1 0.23203125 0.26484375 0.004296875 0.015625
5 0.2390625 0.2640625 0.004296875 0.018359375
1 0.1796875 0.2828125 0.005859375 0.019140625
1 0.196875 0.27109375 0.004296875 0.015625
7 0.1921875 0.26953125 0.004296875 0.0140625
7 0.25625 0.25625 0.00703125 0.015625
1 0.2625 0.259375 0.004296875 0.012890625