1 0.1421875 0.59140625 0.054296875 0.167578125
7 0.8125 0.5375 0.056640625 0.1671875
7 0.59140625 0.39921875 0.02890625 0.092578125
7 0.48671875 0.36328125 0.020703125 0.071875
7 0.396875 0.34609375 0.015234375 0.0578125
7 0.31875 0.3421875 0.017578125 0.05859375
7 0.2109375 0.3484375 0.0171875 0.05859375
7 0.1125 0.35703125 0.020703125 0.05859375
5 0.34609375 0.334375 0.020703125 0.071875
5 0.12890625 0.35078125 0.022265625 0.074609375
5 0.41328125 0.28046875 0.01328125 0.0421875
5 0.5328125 0.2984375 0.016015625 0.058984375
5 0.67890625 0.27109375 0.014453125 0.046875
5 0.75859375 0.24140625 0.020703125 0.0671875
5 0.5859375 0.25390625 0.008203125 0.0359375
5 0.62421875 0.23828125 0.00703125 0.026953125