7 0.83125 0.50390625 0.046875 0.13671875
7 0.80078125 0.39140625 0.02421875 0.0828125
7 0.8640625 0.3328125 0.01484375 0.0578125
7 0.88984375 0.31015625 0.01640625 0.0484375
7 0.8765625 0.2921875 0.0109375 0.040625
7 0.8375 0.27734375 0.01015625 0.03359375
7 0.8296875 0.2671875 0.00625 0.03125
7 0.8578125 0.259375 0.00703125 0.02734375
1 0.60625 0.321875 0.01171875 0.04921875
1 0.478125 0.36328125 0.01328125 0.0640625
1 0.70078125 0.29453125 0.01015625 0.03828125
1 0.73125 0.2828125 0.01015625 0.03125
1 0.7328125 0.2671875 0.00546875 0.02734375
1 0.7203125 0.25703125 0.00546875 0.02421875
1 0.746875 0.246875 0.00546875 0.0203125
1 0.7703125 0.24375 0.00546875 0.02265625
2 0.65625 0.29296875 0.01484375 0.071875
2 0.6734375 0.2875 0.0125 0.07109375
2 0.8296875 0.334375 0.02421875 0.1078125
2 0.85 0.32578125 0.0203125 0.10078125
1 0.3046875 0.49609375 0.03671875 0.1234375
7 0.92890625 0.25390625 0.00859375 0.0296875
7 0.89375 0.25625 0.0078125 0.02734375
1 0.81015625 0.24453125 0.00546875 0.01796875