1 0.3625 0.54609375 0.05546875 0.153515625
1 0.36796875 0.43203125 0.030078125 0.09296875
1 0.32734375 0.384375 0.024609375 0.06953125
1 0.2796875 0.36484375 0.01953125 0.06171875
7 0.22734375 0.32734375 0.014453125 0.0421875
1 0.14375 0.38984375 0.022265625 0.066796875
7 0.0625 0.359375 0.0125 0.049609375
7 0.34453125 0.31171875 0.011328125 0.039453125
7 0.390625 0.3140625 0.012890625 0.04140625
7 0.4734375 0.32421875 0.012109375 0.046875
7 0.55703125 0.34921875 0.017578125 0.0609375
7 0.68828125 0.4359375 0.033984375 0.103515625
7 0.88515625 0.6421875 0.09765625 0.2140625