7 0.80234375 0.4859375 0.051953125 0.178125
7 0.8 0.3625 0.04140625 0.11953125
7 0.8546875 0.340625 0.0390625 0.10625
7 0.884375 0.31171875 0.041015625 0.096875
1 0.86328125 0.2125 0.019140625 0.044140625
1 0.7609375 0.20546875 0.01015625 0.0359375
1 0.7125 0.20625 0.013671875 0.0375
1 0.67109375 0.209375 0.010546875 0.0375
1 0.63125 0.2125 0.010546875 0.040625
1 0.57734375 0.22109375 0.0140625 0.042578125
1 0.52421875 0.24296875 0.012109375 0.051171875
1 0.4703125 0.278125 0.02109375 0.066796875
1 0.3625 0.37578125 0.032421875 0.10546875