7 0.8609375 0.57890625 0.066015625 0.17734375
7 0.60546875 0.3796875 0.027734375 0.075390625
7 0.48359375 0.3234375 0.01796875 0.0484375
7 0.4140625 0.2921875 0.012109375 0.033984375
7 0.38046875 0.28046875 0.010546875 0.026953125
7 0.3640625 0.271875 0.00703125 0.022265625
7 0.35234375 0.2671875 0.00625 0.021875
7 0.34296875 0.26171875 0.005078125 0.019921875
7 0.33515625 0.259375 0.00546875 0.018359375
7 0.325 0.25703125 0.003515625 0.0171875
7 0.30703125 0.25546875 0.0046875 0.017578125
1 0.23671875 0.625 0.0578125 0.1828125
1 0.3234375 0.4171875 0.0265625 0.081640625
1 0.31328125 0.346875 0.015234375 0.05078125
1 0.303125 0.31484375 0.01171875 0.038671875
1 0.2859375 0.2953125 0.007421875 0.03125
7 0.27890625 0.25859375 0.00390625 0.0140625
1 0.25078125 0.2671875 0.004296875 0.01640625
7 0.24453125 0.26171875 0.005078125 0.0171875
1 0.0765625 0.31875 0.007421875 0.03046875
7 0.078125 0.296875 0.00625 0.021875
7 0.0984375 0.29140625 0.0078125 0.017578125
7 0.125 0.2828125 0.00703125 0.018359375
1 0.13515625 0.3015625 0.00625 0.02734375
1 0.1609375 0.29140625 0.008203125 0.023046875
1 0.16640625 0.2875 0.00625 0.01953125
1 0.18515625 0.275 0.005859375 0.019140625
1 0.16875 0.28359375 0.005078125 0.0171875
1 0.171875 0.2796875 0.003515625 0.01640625
5 0.75546875 0.36015625 0.0328125 0.108203125
7 0.2046875 0.26796875 0.003515625 0.0171875