1 0.459375 0.38359375 0.0203125 0.0765625
4 0.56328125 0.33671875 0.013671875 0.0578125
4 0.62265625 0.31015625 0.012890625 0.0484375
4 0.6828125 0.2921875 0.01171875 0.043359375
1 0.71875 0.2859375 0.012109375 0.037890625
1 0.23046875 0.56640625 0.06875 0.166796875
4 0.78359375 0.421875 0.03046875 0.101171875
7 0.765625 0.6109375 0.070703125 0.190625
7 0.4828125 0.26953125 0.012109375 0.029296875
7 0.48203125 0.21875 0.005078125 0.019140625
1 0.48828125 0.21875 0.005078125 0.019140625
1 0.49296875 0.259375 0.00859375 0.024609375
4 0.8140625 0.36796875 0.021875 0.0765625
4 0.8484375 0.34375 0.019140625 0.0625
7 0.8890625 0.32421875 0.0171875 0.051171875
1 0.88203125 0.28984375 0.008984375 0.033203125
1 0.803125 0.28984375 0.009765625 0.033203125
2 0.578125 0.271875 0.015625 0.03203125
1 0.5484375 0.2671875 0.0109375 0.02109375
7 0.53515625 0.265625 0.007421875 0.019140625