2 0.2765625 0.6765625 0.063671875 0.140234375
1 0.32890625 0.65078125 0.038671875 0.06484375
2 0.36328125 0.6046875 0.030859375 0.08203125
1 0.37421875 0.5765625 0.012109375 0.03359375
1 0.1625 0.55546875 0.012109375 0.0203125
7 0.23671875 0.54375 0.00859375 0.01796875
1 0.26640625 0.55078125 0.0109375 0.0203125
1 0.32890625 0.55625 0.01328125 0.025390625
7 0.35390625 0.53828125 0.0109375 0.018359375
7 0.44140625 0.54765625 0.011328125 0.020703125
7 0.43125 0.5453125 0.009375 0.021484375
4 0.4453125 0.5375 0.00703125 0.01875
4 0.4640625 0.5265625 0.00703125 0.012890625
4 0.54453125 0.53671875 0.008203125 0.0171875
1 0.553125 0.54765625 0.0140625 0.02265625
1 0.565625 0.5453125 0.011328125 0.021484375
2 0.621875 0.60625 0.040234375 0.083984375
7 0.6546875 0.65234375 0.03515625 0.068359375
7 0.628125 0.58125 0.012109375 0.03671875
1 0.6453125 0.53515625 0.009375 0.0171875
7 0.6703125 0.55625 0.0140625 0.028515625
7 0.734375 0.54375 0.013671875 0.023046875
1 0.759375 0.5265625 0.010546875 0.01640625
7 0.8328125 0.534375 0.01328125 0.021875
1 0.89375 0.5234375 0.01015625 0.016796875
2 0.690625 0.67578125 0.062890625 0.138671875
4 0.53125 0.5265625 0.006640625 0.012890625
7 0.06953125 0.55390625 0.01015625 0.0171875