1 0.3421875 0.434375 0.02890625 0.05625
1 0.4140625 0.3546875 0.0125 0.03046875
1 0.44140625 0.3234375 0.00859375 0.0203125
1 0.45703125 0.30703125 0.00625 0.015625
1 0.465625 0.29765625 0.0046875 0.0125
1 0.47109375 0.290625 0.00390625 0.0109375
1 0.47578125 0.2859375 0.003125 0.00859375
1 0.48046875 0.2828125 0.00234375 0.0078125
7 0.6640625 0.4265625 0.0296875 0.05625
7 0.58984375 0.34765625 0.01484375 0.03125
7 0.5625 0.31953125 0.009375 0.02109375
7 0.54921875 0.303125 0.00703125 0.015625
7 0.53984375 0.29453125 0.00390625 0.0109375