7 0.56171875 0.64296875 0.02890625 0.058984375
1 0.1140625 0.72109375 0.073046875 0.101953125
1 0.11796875 0.60625 0.030078125 0.04921875
7 0.2046875 0.54375 0.012109375 0.021484375
7 0.34921875 0.57109375 0.015234375 0.03125
4 0.33046875 0.525 0.007421875 0.01328125
4 0.2953125 0.5203125 0.007421875 0.0125
7 0.646875 0.52265625 0.003515625 0.010546875
7 0.5375 0.515625 0.004296875 0.009375
7 0.47109375 0.51171875 0.003125 0.0078125
1 0.11328125 0.52265625 0.005859375 0.013671875
1 0.1015625 0.5140625 0.00390625 0.012109375
4 0.15625 0.53828125 0.00703125 0.0109375
4 0.12734375 0.5328125 0.005859375 0.00859375