1 0.0765625 0.7734375 0.0421875 0.112890625
1 0.1203125 0.63203125 0.033984375 0.0515625
1 0.059375 0.6078125 0.008203125 0.024609375
7 0.08984375 0.56640625 0.01484375 0.023046875
7 0.078125 0.53671875 0.006640625 0.0125
7 0.15546875 0.52890625 0.004296875 0.010546875
2 0.12578125 0.56171875 0.0171875 0.036328125
7 0.25078125 0.56171875 0.009765625 0.021875
7 0.37734375 0.58984375 0.020703125 0.033984375
7 0.40546875 0.59609375 0.020703125 0.035546875
1 0.42578125 0.56484375 0.011328125 0.023046875
1 0.44765625 0.5625 0.011328125 0.01953125
4 0.56015625 0.58984375 0.016796875 0.033984375
4 0.54375 0.565625 0.011328125 0.021875
7 0.62109375 0.6625 0.037109375 0.06640625
4 0.771875 0.5609375 0.013671875 0.0234375
4 0.8734375 0.5875 0.0203125 0.03515625
7 0.3640625 0.55390625 0.010546875 0.01875
1 0.54375 0.53359375 0.005859375 0.0125
1 0.54375 0.54765625 0.00703125 0.015625
7 0.4546875 0.5453125 0.00703125 0.01484375
7 0.4734375 0.534375 0.0046875 0.012109375
1 0.51484375 0.5265625 0.004296875 0.009375
1 0.4703125 0.5234375 0.00390625 0.008984375
1 0.209375 0.52421875 0.002734375 0.007421875
7 0.2296875 0.525 0.003125 0.00703125
7 0.2875 0.5328125 0.00546875 0.01015625
1 0.29140625 0.52265625 0.003125 0.0078125
7 0.3953125 0.5234375 0.00390625 0.009375
7 0.428125 0.525 0.003515625 0.008984375