1 0.09765625 0.7140625 0.075390625 0.158203125
7 0.903125 0.69375 0.08046875 0.167578125
7 0.625 0.39765625 0.023828125 0.046484375
7 0.5703125 0.34296875 0.0125 0.0265625
7 0.54921875 0.31953125 0.009375 0.01875
7 0.53828125 0.30859375 0.00625 0.015625
7 0.5296875 0.3 0.003515625 0.01171875
1 0.3625 0.40859375 0.022265625 0.0453125
1 0.4140625 0.35 0.0140625 0.027734375
1 0.43828125 0.325 0.00859375 0.019140625
1 0.45234375 0.3125 0.00625 0.015234375
1 0.459375 0.303125 0.00625 0.012109375
1 0.46484375 0.29765625 0.004296875 0.009375
1 0.46796875 0.29375 0.003125 0.00703125
1 0.47265625 0.28984375 0.002734375 0.0078125
1 0.47578125 0.2875 0.001953125 0.00625
7 0.52421875 0.29375 0.001953125 0.008984375