7 0.80546875 0.7296875 0.05546875 0.10078125
7 0.77578125 0.61640625 0.02890625 0.047265625
7 0.82421875 0.5796875 0.022265625 0.03203125
1 0.80390625 0.54765625 0.01171875 0.019921875
1 0.6703125 0.5625 0.0125 0.02421875
7 0.9359375 0.5609375 0.0171875 0.028515625
1 0.55703125 0.59140625 0.019921875 0.033984375
1 0.5734375 0.58671875 0.016796875 0.032421875
4 0.53125 0.5671875 0.01328125 0.02578125
4 0.50390625 0.546875 0.008984375 0.015234375
4 0.49296875 0.53828125 0.005859375 0.0109375
4 0.42734375 0.53984375 0.005859375 0.011328125
1 0.0609375 0.6109375 0.009375 0.034375
7 0.0609375 0.584375 0.01171875 0.02421875
1 0.1421875 0.63125 0.026953125 0.048046875
1 0.15546875 0.73359375 0.057421875 0.096484375
7 0.24609375 0.57421875 0.012890625 0.023828125
7 0.36015625 0.590625 0.01796875 0.032421875
7 0.37421875 0.5953125 0.01875 0.034765625
4 0.3859375 0.571875 0.01015625 0.025
4 0.41640625 0.54921875 0.007421875 0.014453125
4 0.43515625 0.534375 0.004296875 0.008984375
4 0.45078125 0.534375 0.003125 0.009375
4 0.46796875 0.5328125 0.004296875 0.009765625
4 0.48515625 0.5328125 0.00390625 0.009375