2 0.253125 0.5171875 0.02265625 0.050390625
4 0.23359375 0.5265625 0.016015625 0.028125
1 0.078125 0.565625 0.028125 0.04453125
1 0.50625 0.60390625 0.042578125 0.06953125
1 0.7234375 0.5640625 0.032421875 0.054296875
1 0.83984375 0.53984375 0.0203125 0.041796875
1 0.87109375 0.5171875 0.018359375 0.032421875
1 0.82421875 0.503125 0.01484375 0.026171875
1 0.734375 0.49453125 0.01015625 0.01875
1 0.60390625 0.49140625 0.007421875 0.0171875
1 0.52734375 0.48984375 0.008203125 0.016796875
1 0.4328125 0.49140625 0.00859375 0.0171875
1 0.34296875 0.4984375 0.0078125 0.016015625
1 0.2703125 0.5140625 0.009765625 0.025
7 0.1390625 0.5046875 0.010546875 0.019140625
7 0.23203125 0.4890625 0.00859375 0.016015625
7 0.3453125 0.484375 0.00625 0.0125
7 0.41484375 0.4828125 0.00546875 0.012890625
7 0.48984375 0.4828125 0.005078125 0.015234375
7 0.55390625 0.48125 0.00625 0.01328125
7 0.64921875 0.48203125 0.008203125 0.014453125
7 0.85234375 0.48671875 0.0078125 0.0171875
7 0.73359375 0.4828125 0.007421875 0.015625