7 0.4984375 0.55390625 0.012109375 0.028125
7 0.6140625 0.57578125 0.019921875 0.03671875
7 0.72421875 0.65234375 0.044140625 0.071875
1 0.36953125 0.56875 0.01328125 0.03125
1 0.39453125 0.5859375 0.020703125 0.0359375
1 0.3484375 0.65234375 0.035546875 0.0671875
7 0.2515625 0.54921875 0.010546875 0.021875
7 0.34453125 0.54921875 0.012109375 0.023828125
1 0.21640625 0.5703125 0.0140625 0.028125
1 0.1015625 0.565625 0.01484375 0.028515625
7 0.10703125 0.54609375 0.008203125 0.0203125
7 0.18359375 0.54765625 0.011328125 0.023828125