1 0.53515625 0.51015625 0.0015625 0.00625
1 0.534375 0.51328125 0.00234375 0.00625
7 0.58046875 0.51328125 0.00234375 0.00625
7 0.58515625 0.515625 0.00390625 0.00703125
1 0.5328125 0.51640625 0.00390625 0.00625
7 0.58984375 0.51875 0.00390625 0.00703125
1 0.5296875 0.51875 0.00390625 0.00625
7 0.5921875 0.52109375 0.00390625 0.00859375
1 0.52578125 0.5234375 0.00390625 0.00859375
7 0.59921875 0.525 0.0046875 0.00859375
1 0.5234375 0.52734375 0.0046875 0.01015625
7 0.60546875 0.528125 0.00546875 0.01015625
7 0.6125 0.53203125 0.00546875 0.01171875
1 0.51796875 0.53359375 0.00546875 0.01171875
4 0.3703125 0.5390625 0.00625 0.01484375
1 0.51328125 0.5390625 0.00703125 0.01328125
7 0.62265625 0.53984375 0.00703125 0.01328125
7 0.32734375 0.54140625 0.0078125 0.01328125
4 0.46875 0.546875 0.00703125 0.01484375
1 0.50625 0.54921875 0.00703125 0.01640625
7 0.63125 0.55 0.00703125 0.01484375
7 0.46171875 0.55078125 0.009375 0.01796875
4 0.68203125 0.5546875 0.00703125 0.01875
2 0.55078125 0.55703125 0.01328125 0.03515625
1 0.4984375 0.5609375 0.009375 0.0203125
1 0.29609375 0.56171875 0.0109375 0.021875
7 0.7328125 0.56328125 0.0109375 0.0203125
7 0.65546875 0.565625 0.0109375 0.021875
4 0.7984375 0.56640625 0.0109375 0.021875
4 0.6484375 0.56796875 0.009375 0.0234375
2 0.515625 0.571875 0.015625 0.04375
4 0.35625 0.57421875 0.0109375 0.025
4 0.9171875 0.575 0.01328125 0.025
4 0.64375 0.5796875 0.01171875 0.0265625
4 0.44609375 0.5796875 0.0125 0.0265625
2 0.72734375 0.58125 0.0203125 0.05
1 0.4828125 0.58359375 0.0125 0.0296875
7 0.68671875 0.58515625 0.01484375 0.0265625
2 0.584375 0.59140625 0.0234375 0.05859375
4 0.91953125 0.5953125 0.01796875 0.03203125
4 0.27578125 0.61171875 0.01796875 0.03828125
1 0.45546875 0.61484375 0.01796875 0.03828125
7 0.7390625 0.61796875 0.01796875 0.03828125
1 0.14375 0.628125 0.0234375 0.04375
4 0.92109375 0.63203125 0.0234375 0.046875
2 0.75234375 0.64375 0.040625 0.09296875
4 0.16171875 0.6515625 0.03125 0.053125
2 0.46875 0.65703125 0.03984375 0.103125
4 0.87890625 0.66875 0.03125 0.06171875
4 0.57109375 0.68203125 0.034375 0.06796875
4 0.4078125 0.71640625 0.03984375 0.0796875
7 0.9109375 0.7203125 0.04921875 0.0796875
1 0.3703125 0.73203125 0.0390625 0.08203125
4 0.2109375 0.5984375 0.0125 0.03828125