7 0.128125 0.553125 0.005859375 0.009765625
7 0.1734375 0.553125 0.005859375 0.009765625
7 0.20390625 0.55703125 0.00703125 0.0140625
7 0.234375 0.5640625 0.0078125 0.015625
7 0.26015625 0.56875 0.010546875 0.015625
4 0.2953125 0.58125 0.011328125 0.021875
7 0.3078125 0.58203125 0.0125 0.0203125
4 0.3015625 0.58203125 0.010546875 0.023828125
7 0.3265625 0.6 0.0171875 0.031640625
4 0.10625 0.60625 0.01796875 0.032421875
7 0.3921875 0.6390625 0.03046875 0.05078125
7 0.62109375 0.721875 0.040234375 0.093359375
1 0.09296875 0.58671875 0.007421875 0.021875
1 0.09296875 0.57421875 0.006640625 0.017578125
1 0.09296875 0.609375 0.007421875 0.025390625