4 0.3421875 0.5390625 0.00625 0.015234375
1 0.51328125 0.53984375 0.006640625 0.014453125
7 0.62265625 0.540625 0.008203125 0.012890625
4 0.4546875 0.5453125 0.007421875 0.015234375
7 0.63125 0.55 0.008203125 0.018359375
1 0.50625 0.55 0.009375 0.016015625
4 0.15234375 0.5515625 0.012109375 0.01953125
4 0.71015625 0.5546875 0.00859375 0.02109375
2 0.5265625 0.55625 0.016015625 0.035546875
1 0.4984375 0.56171875 0.009375 0.0203125
4 0.82578125 0.5625 0.012109375 0.0203125
7 0.65546875 0.56640625 0.0125 0.02421875
4 0.615625 0.56640625 0.011328125 0.0203125
2 0.515625 0.571875 0.018359375 0.04453125
4 0.91640625 0.575 0.01171875 0.02421875
4 0.2796875 0.5765625 0.012890625 0.02734375
4 0.64375 0.5796875 0.01171875 0.02734375
4 0.4453125 0.58046875 0.012890625 0.0265625
2 0.7265625 0.58125 0.022265625 0.05078125
1 0.48203125 0.58359375 0.0125 0.0265625
7 0.68671875 0.58515625 0.016015625 0.0296875
2 0.584375 0.59140625 0.02421875 0.05703125
4 0.91875 0.5953125 0.016015625 0.031640625
4 0.26015625 0.6015625 0.019921875 0.034765625
1 0.45625 0.61484375 0.018359375 0.040234375
4 0.28359375 0.61640625 0.020703125 0.040234375
7 0.73984375 0.61875 0.021875 0.038671875
4 0.92109375 0.63125 0.0265625 0.0484375
2 0.7515625 0.64453125 0.047265625 0.09609375
2 0.46875 0.65703125 0.046484375 0.10234375
4 0.878125 0.66875 0.032421875 0.059765625
4 0.57109375 0.68203125 0.034765625 0.068359375
4 0.40703125 0.7171875 0.048046875 0.08203125
7 0.9109375 0.71953125 0.048046875 0.08046875
1 0.37265625 0.7328125 0.041015625 0.084765625
4 0.11796875 0.5234375 0.015625 0.015234375
1 0.51796875 0.5328125 0.00546875 0.012109375
1 0.5234375 0.528125 0.0046875 0.009765625
1 0.52578125 0.5234375 0.004296875 0.008984375
1 0.5296875 0.51953125 0.004296875 0.0078125
7 0.6125 0.5328125 0.00546875 0.009765625
7 0.60546875 0.528125 0.004296875 0.00703125
7 0.59921875 0.525 0.004296875 0.00625
7 0.5921875 0.52109375 0.004296875 0.007421875
7 0.58515625 0.51484375 0.004296875 0.00625