7 0.3203125 0.540625 0.006640625 0.012109375
7 0.3515625 0.5421875 0.005859375 0.012109375
7 0.2796875 0.54296875 0.006640625 0.011328125
7 0.371875 0.54296875 0.00703125 0.0140625
7 0.40625 0.54375 0.00625 0.015625
7 0.45390625 0.5453125 0.0078125 0.015625
7 0.50234375 0.54609375 0.009375 0.0203125
7 0.21171875 0.54765625 0.005859375 0.011328125
7 0.15 0.55234375 0.006640625 0.011328125
7 0.5421875 0.55390625 0.012109375 0.02265625
1 0.21796875 0.55703125 0.0078125 0.0140625
1 0.16171875 0.559375 0.005078125 0.01328125
1 0.27421875 0.559375 0.0078125 0.018359375
1 0.36171875 0.56171875 0.012109375 0.02109375
1 0.1015625 0.56328125 0.006640625 0.0140625
1 0.28984375 0.56484375 0.008984375 0.0203125
1 0.12890625 0.565625 0.005859375 0.015625
1 0.38984375 0.5671875 0.011328125 0.021875
7 0.59140625 0.571875 0.019921875 0.03203125
1 0.25546875 0.58203125 0.0125 0.023828125
1 0.37265625 0.58671875 0.0140625 0.028125
7 0.6546875 0.59921875 0.0265625 0.0453125
1 0.321875 0.6328125 0.03046875 0.048046875
4 0.87578125 0.72421875 0.07578125 0.1125
4 0.15390625 0.8078125 0.071484375 0.10625
1 0.17109375 0.63359375 0.03359375 0.037890625
1 0.14140625 0.553125 0.011328125 0.009375
1 0.21875 0.56875 0.012890625 0.012890625
1 0.23203125 0.59609375 0.015625 0.023828125
1 0.221875 0.546875 0.00703125 0.009375
4 0.10234375 0.82578125 0.030078125 0.068359375
1 0.14453125 0.56953125 0.01640625 0.01171875