7 0.31015625 0.53125 0.009375 0.018359375
7 0.38046875 0.5328125 0.009765625 0.01875
7 0.44140625 0.53203125 0.012109375 0.02109375
7 0.22578125 0.53203125 0.008203125 0.017578125
7 0.4828125 0.53828125 0.012890625 0.023828125
1 0.20859375 0.5453125 0.010546875 0.021875
7 0.5609375 0.54609375 0.015625 0.02890625
1 0.271875 0.54765625 0.012109375 0.024609375
1 0.33359375 0.55703125 0.01484375 0.026953125
7 0.6296875 0.56015625 0.020703125 0.03671875
1 0.3625 0.5734375 0.015625 0.034375
7 0.6875 0.59375 0.02578125 0.053515625
1 0.35390625 0.6078125 0.02265625 0.048046875
1 0.165625 0.778125 0.086328125 0.130859375
1 0.1203125 0.54609375 0.01015625 0.021875
7 0.1328125 0.5328125 0.010546875 0.01953125
7 0.88359375 0.72734375 0.066796875 0.12578125