1 0.1859375 0.55234375 0.011328125 0.023046875
7 0.26328125 0.55625 0.016796875 0.031640625
1 0.37109375 0.55390625 0.012109375 0.023828125
4 0.57109375 0.5515625 0.00859375 0.01640625
7 0.396875 0.56015625 0.017578125 0.033203125
7 0.5125 0.56640625 0.024609375 0.04453125
1 0.54921875 0.55859375 0.015625 0.027734375
7 0.5890625 0.55234375 0.009765625 0.015625
1 0.63515625 0.55390625 0.0078125 0.015625
1 0.7453125 0.5703125 0.02109375 0.03828125
7 0.5953125 0.596875 0.041796875 0.068359375
7 0.51875 0.68125 0.087890625 0.151171875