1 0.9125 0.33828125 0.009375 0.01484375
1 0.56484375 0.33828125 0.0078125 0.0140625
1 0.68515625 0.33828125 0.0078125 0.01328125
1 0.7953125 0.33828125 0.00859375 0.01328125
1 0.4375 0.340625 0.009375 0.01484375
1 0.3296875 0.34375 0.01015625 0.015625
7 0.65078125 0.34453125 0.01015625 0.015625
7 0.78359375 0.34375 0.01015625 0.015625
7 0.51640625 0.34609375 0.0109375 0.0171875
1 0.25078125 0.34921875 0.0109375 0.0171875
7 0.446875 0.35 0.01015625 0.0203125
7 0.45546875 0.35703125 0.0140625 0.02109375
1 0.22734375 0.3578125 0.0140625 0.02109375
7 0.5421875 0.36484375 0.01484375 0.02421875
1 0.27421875 0.36796875 0.01640625 0.02578125
7 0.67890625 0.38046875 0.0203125 0.03125
1 0.35859375 0.38515625 0.0203125 0.0328125
7 0.84765625 0.40390625 0.02890625 0.04140625
1 0.39453125 0.41875 0.03125 0.04609375
1 0.24765625 0.49765625 0.04765625 0.08125