7 0.4421875 0.4796875 0.006640625 0.01484375
7 0.4734375 0.48203125 0.00625 0.0140625
7 0.5 0.48515625 0.00703125 0.015625
7 0.52734375 0.48984375 0.008984375 0.017578125
1 0.3671875 0.490625 0.00859375 0.015625
7 0.53828125 0.496875 0.011328125 0.021484375
1 0.3953125 0.50234375 0.009375 0.01875
7 0.55234375 0.5078125 0.01484375 0.026171875
1 0.38359375 0.51015625 0.01328125 0.02578125
7 0.575 0.52421875 0.016796875 0.034375
7 0.615625 0.56015625 0.026171875 0.051953125
1 0.30390625 0.559375 0.025390625 0.04765625
7 0.69296875 0.628125 0.056640625 0.090625
7 0.40234375 0.478125 0.005078125 0.012109375
7 0.3625 0.47734375 0.006640625 0.0109375
1 0.32265625 0.4890625 0.005859375 0.012109375
1 0.234375 0.49296875 0.00625 0.011328125
1 0.15078125 0.49609375 0.00859375 0.015625
7 0.27578125 0.48046875 0.00859375 0.014453125
7 0.31796875 0.47890625 0.005078125 0.011328125
7 0.22890625 0.4828125 0.00703125 0.015234375
7 0.2015625 0.48203125 0.00703125 0.0140625
7 0.19375 0.47890625 0.006640625 0.0140625
7 0.184375 0.478125 0.005859375 0.012109375
7 0.1515625 0.47578125 0.005859375 0.011328125
7 0.17421875 0.47578125 0.005078125 0.011328125
7 0.1265625 0.475 0.006640625 0.012109375
7 0.0921875 0.475 0.004296875 0.009765625