7 0.77109375 0.38125 0.007421875 0.012890625
1 0.446875 0.384375 0.011328125 0.016796875
1 0.328125 0.3953125 0.01484375 0.02265625
1 0.45390625 0.41640625 0.023046875 0.033984375
1 0.6609375 0.428125 0.019921875 0.033984375
1 0.903125 0.43359375 0.023046875 0.036328125
7 0.60859375 0.453125 0.026953125 0.047265625
7 0.2453125 0.3859375 0.013671875 0.01953125
7 0.13984375 0.4109375 0.01875 0.029296875
7 0.16328125 0.39609375 0.015625 0.023828125
7 0.25234375 0.43125 0.030078125 0.039453125
1 0.35234375 0.4046875 0.016015625 0.026171875
1 0.37109375 0.3890625 0.012109375 0.01953125
7 0.3671875 0.38046875 0.006640625 0.016796875
7 0.48671875 0.378125 0.01015625 0.015234375
1 0.53828125 0.3828125 0.008984375 0.01640625
7 0.634375 0.378125 0.00703125 0.01328125
1 0.7609375 0.38515625 0.0109375 0.017578125
5 0.68203125 0.646875 0.10390625 0.14140625
1 0.87734375 0.38984375 0.012109375 0.017578125