1 0.83828125 0.3703125 0.003125 0.0078125
1 0.7625 0.371875 0.00390625 0.0078125
7 0.790625 0.37265625 0.00390625 0.00859375
7 0.69921875 0.375 0.003125 0.00859375
7 0.6546875 0.3796875 0.00390625 0.01015625
1 0.584375 0.37890625 0.00390625 0.00703125
1 0.55390625 0.38046875 0.0046875 0.009375
7 0.61875 0.3828125 0.00546875 0.0109375
1 0.528125 0.3828125 0.00390625 0.00859375
7 0.6046875 0.38515625 0.00703125 0.0125
1 0.50703125 0.38671875 0.00546875 0.0109375
7 0.57890625 0.38828125 0.00625 0.0125
1 0.47734375 0.390625 0.00546875 0.01171875
7 0.52421875 0.39453125 0.0078125 0.0140625
1 0.40625 0.3953125 0.00703125 0.01328125
1 0.29765625 0.4015625 0.0078125 0.01484375
7 0.421875 0.40234375 0.009375 0.01640625
1 0.1625 0.40703125 0.009375 0.015625
7 0.26875 0.41015625 0.01015625 0.0171875
7 0.08515625 0.41875 0.0078125 0.01875
7 0.38671875 0.6390625 0.07421875 0.1171875
1 0.69453125 0.3734375 0.003125 0.00703125
1 0.628125 0.37578125 0.003125 0.00625