7 0.37109375 0.4828125 0.008203125 0.012890625
7 0.39140625 0.484375 0.0078125 0.015234375
7 0.42421875 0.48828125 0.008984375 0.0171875
7 0.4453125 0.48984375 0.009765625 0.017578125
7 0.45546875 0.49296875 0.012109375 0.02109375
1 0.25 0.496875 0.01328125 0.022265625
1 0.27421875 0.50234375 0.011328125 0.023046875
7 0.4984375 0.50546875 0.017578125 0.027734375
1 0.303125 0.5171875 0.015625 0.029296875
7 0.5421875 0.51875 0.01796875 0.032421875
1 0.31953125 0.53671875 0.019140625 0.039453125
7 0.60703125 0.5421875 0.025 0.04375
1 0.30703125 0.56875 0.028515625 0.05390625
7 0.7 0.57734375 0.044140625 0.0640625
7 0.8875 0.665625 0.05625 0.10859375
1 0.1921875 0.6703125 0.072265625 0.110546875
7 0.34140625 0.48125 0.009375 0.015625
7 0.3 0.4796875 0.00703125 0.01484375
7 0.2609375 0.4796875 0.00703125 0.015625
7 0.2328125 0.4796875 0.00859375 0.015625
7 0.20859375 0.4796875 0.0078125 0.015625
7 0.14765625 0.48125 0.008203125 0.015234375
1 0.215625 0.49453125 0.008984375 0.020703125
1 0.17109375 0.4953125 0.0109375 0.02109375
1 0.10625 0.496875 0.01328125 0.02265625