7 0.2015625 0.54921875 0.01328125 0.021875
4 0.26171875 0.55625 0.01953125 0.03671875
7 0.33671875 0.55 0.01171875 0.01953125
1 0.3515625 0.5484375 0.01015625 0.018359375
1 0.18828125 0.54765625 0.0078125 0.017578125
7 0.46015625 0.5515625 0.010546875 0.019140625
1 0.5015625 0.55 0.00859375 0.018359375
4 0.6078125 0.5484375 0.006640625 0.012890625
7 0.62578125 0.54921875 0.00625 0.014453125
7 0.5765625 0.5546875 0.012890625 0.022265625
1 0.66171875 0.55078125 0.00703125 0.014453125
1 0.6515625 0.55390625 0.009765625 0.019921875
7 0.68828125 0.55859375 0.01484375 0.025
1 0.81015625 0.56015625 0.013671875 0.0265625
7 0.79140625 0.571875 0.017578125 0.03203125
7 0.86015625 0.5890625 0.014453125 0.04375
7 0.846875 0.6125 0.0328125 0.066015625
4 0.86953125 0.609375 0.033984375 0.063671875
4 0.8203125 0.61640625 0.0453125 0.073046875
7 0.53671875 0.6328125 0.055859375 0.10234375