7 0.43671875 0.48359375 0.00859375 0.014453125
7 0.47265625 0.48671875 0.008984375 0.0171875
7 0.50390625 0.48984375 0.01015625 0.017578125
1 0.29296875 0.49609375 0.0078125 0.015625
7 0.53671875 0.4984375 0.01171875 0.021484375
1 0.184375 0.5 0.008984375 0.018359375
1 0.34296875 0.50078125 0.00859375 0.0171875
7 0.553125 0.509375 0.012890625 0.025390625
1 0.371875 0.51484375 0.015234375 0.02578125
7 0.57578125 0.528125 0.022265625 0.037890625
1 0.34921875 0.53046875 0.016796875 0.0328125
7 0.61640625 0.55859375 0.03046875 0.051953125
1 0.159375 0.653125 0.068359375 0.0953125
7 0.725 0.659375 0.058203125 0.103515625
7 0.39140625 0.48046875 0.0078125 0.014453125
7 0.346875 0.48046875 0.007421875 0.013671875
7 0.29609375 0.48125 0.00703125 0.015234375
7 0.25546875 0.48359375 0.0078125 0.014453125
7 0.225 0.4828125 0.0078125 0.015234375
7 0.18359375 0.48203125 0.009375 0.015625
7 0.15546875 0.48203125 0.0078125 0.0140625
7 0.14765625 0.47890625 0.00703125 0.0140625
7 0.1375 0.47734375 0.007421875 0.013671875
7 0.1125 0.47734375 0.00703125 0.0140625