7 0.1171875 0.5484375 0.016015625 0.04140625
7 0.1765625 0.540625 0.010546875 0.021875
1 0.20078125 0.53828125 0.00859375 0.0171875
7 0.271875 0.540625 0.008984375 0.018359375
7 0.3046875 0.55390625 0.025390625 0.045703125
1 0.3390625 0.53984375 0.009375 0.014453125
7 0.37265625 0.540625 0.00859375 0.01796875
1 0.46484375 0.540625 0.00625 0.012109375
7 0.47265625 0.540625 0.0078125 0.015234375
4 0.50390625 0.5453125 0.012109375 0.023046875
7 0.571875 0.54296875 0.006640625 0.015625
4 0.65234375 0.54140625 0.004296875 0.0109375
1 0.5890625 0.5421875 0.00703125 0.012109375
7 0.67109375 0.54453125 0.009375 0.0171875
1 0.70078125 0.5421875 0.0046875 0.009375
1 0.7171875 0.54375 0.00703125 0.015625
7 0.76796875 0.546875 0.01015625 0.019140625
1 0.8515625 0.54921875 0.00859375 0.0171875
7 0.85859375 0.55546875 0.01015625 0.021875
7 0.59375 0.57109375 0.030859375 0.05
7 0.83359375 0.578125 0.0265625 0.0453125
1 0.72890625 0.621875 0.053515625 0.089453125
4 0.4375 0.69765625 0.10703125 0.17734375
7 0.66875 0.54140625 0.002734375 0.0109375