1 0.41875 0.34453125 0.011328125 0.01484375
7 0.86484375 0.34609375 0.011328125 0.015625
1 0.346875 0.34921875 0.0109375 0.01796875
1 0.44921875 0.38125 0.0203125 0.031640625
1 0.37109375 0.36640625 0.014453125 0.0234375
1 0.4828125 0.41015625 0.031640625 0.04375
7 0.90703125 0.40078125 0.025 0.03984375
1 0.3625 0.46875 0.03828125 0.066015625
1 0.3265625 0.35703125 0.01328125 0.019921875
1 0.52265625 0.34140625 0.009375 0.0140625
7 0.5390625 0.35625 0.0140625 0.0203125
7 0.53203125 0.3515625 0.00859375 0.018359375
7 0.59921875 0.34765625 0.0109375 0.01796875
7 0.621875 0.36484375 0.017578125 0.02421875
1 0.646875 0.340625 0.00703125 0.012890625
7 0.75078125 0.3796875 0.023828125 0.032421875
7 0.73125 0.34609375 0.01171875 0.0171875
1 0.7671875 0.340625 0.009375 0.0140625
1 0.87890625 0.33984375 0.009375 0.015625