7 0.08515625 0.3703125 0.0078125 0.025390625
7 0.9078125 0.3546875 0.013671875 0.021875
1 0.546875 0.34296875 0.00859375 0.015625
1 0.26953125 0.346875 0.0109375 0.01796875
1 0.09296875 0.35234375 0.012890625 0.01953125
7 0.5375 0.3515625 0.010546875 0.01875
1 0.8125 0.34375 0.009375 0.01796875
1 0.67421875 0.34296875 0.009375 0.014453125
7 0.7 0.35234375 0.013671875 0.01953125
1 0.41953125 0.34453125 0.0109375 0.017578125
7 0.37578125 0.3546875 0.013671875 0.021875
7 0.19296875 0.36015625 0.014453125 0.021875
7 0.19609375 0.396875 0.024609375 0.0375
7 0.403125 0.43046875 0.038671875 0.054296875
7 0.72421875 0.496875 0.0640625 0.087109375