1 0.12890625 0.53671875 0.01640625 0.02578125
4 0.31640625 0.54375 0.01328125 0.024609375
7 0.16796875 0.55078125 0.0203125 0.0359375
1 0.33046875 0.5484375 0.0140625 0.027734375
4 0.4828125 0.54921875 0.01171875 0.021875
7 0.54140625 0.5546875 0.015625 0.02578125
7 0.3015625 0.5671875 0.031640625 0.046484375
1 0.6625 0.5734375 0.023046875 0.039453125
4 0.3875 0.5859375 0.0203125 0.06015625
7 0.3921875 0.5921875 0.025390625 0.065625
4 0.40625 0.5984375 0.041796875 0.073828125
4 0.73203125 0.590625 0.034765625 0.053125
1 0.7609375 0.59609375 0.032421875 0.055859375
4 0.79453125 0.603125 0.041796875 0.0625
7 0.35703125 0.67265625 0.09609375 0.14921875
4 0.43828125 0.540625 0.009375 0.01796875
4 0.403125 0.53515625 0.006640625 0.011328125
4 0.3828125 0.53203125 0.00703125 0.0109375
4 0.30625 0.5359375 0.00703125 0.01640625
4 0.29921875 0.53203125 0.00703125 0.013671875
4 0.2921875 0.52890625 0.005859375 0.011328125