1 0.8703125 0.38203125 0.00625 0.010546875
7 0.88046875 0.38515625 0.007421875 0.0125
7 0.7453125 0.38828125 0.007421875 0.011328125
1 0.63046875 0.38828125 0.008203125 0.012109375
7 0.61484375 0.390625 0.008203125 0.01328125
1 0.51953125 0.390625 0.008203125 0.01171875
1 0.421875 0.39375 0.00703125 0.009765625
7 0.48359375 0.39375 0.008203125 0.012109375
1 0.328125 0.3953125 0.00703125 0.009765625
7 0.38359375 0.396875 0.0078125 0.012109375
1 0.253125 0.396875 0.00703125 0.009765625
7 0.27421875 0.39921875 0.007421875 0.011328125
7 0.184375 0.4015625 0.006640625 0.012109375
7 0.0859375 0.4046875 0.006640625 0.012109375
7 0.1296875 0.43046875 0.0140625 0.02265625
7 0.24921875 0.4375 0.0171875 0.028515625
7 0.309375 0.45546875 0.020703125 0.036328125
7 0.36015625 0.49296875 0.032421875 0.052734375
7 0.534375 0.60859375 0.071875 0.10859375