1 0.734375 0.46328125 0.0078125 0.01328125
1 0.66953125 0.4609375 0.00546875 0.0140625
1 0.53828125 0.48828125 0.01328125 0.025
1 0.6984375 0.4625 0.00546875 0.0109375
1 0.59375 0.47421875 0.01015625 0.01875
7 0.72890625 0.4796875 0.0109375 0.0171875
1 0.64296875 0.46484375 0.00703125 0.01484375
7 0.7125 0.49765625 0.015625 0.02578125
1 0.4578125 0.51875 0.02265625 0.0390625
7 0.7125 0.546875 0.02890625 0.046875
1 0.31171875 0.59765625 0.04375 0.07109375
1 0.81015625 0.46953125 0.00859375 0.01484375
7 0.80859375 0.4796875 0.0140625 0.0203125