7 0.70859375 0.6171875 0.04140625 0.064453125
7 0.65234375 0.55625 0.020703125 0.035546875
7 0.60078125 0.52109375 0.00703125 0.013671875
7 0.621875 0.53125 0.01015625 0.01875
4 0.5046875 0.50546875 0.004296875 0.0109375
7 0.56015625 0.50859375 0.005078125 0.011328125
7 0.53203125 0.5 0.0046875 0.008984375
7 0.51328125 0.49375 0.004296875 0.008984375
7 0.92109375 0.55703125 0.005078125 0.008203125
7 0.8796875 0.5484375 0.005859375 0.008984375
1 0.29140625 0.46328125 0.0046875 0.008203125
1 0.2015625 0.471875 0.009375 0.021875
1 0.25078125 0.4671875 0.00703125 0.015234375
1 0.31015625 0.46171875 0.001953125 0.00625