3 0.47109375 0.22578125 0.03671875 0.0828125
3 0.8796875 0.3484375 0.031640625 0.080078125
3 0.89765625 0.28359375 0.02109375 0.051953125
3 0.6671875 0.16953125 0.016796875 0.044921875
6 0.1953125 0.06484375 0.019140625 0.037109375
6 0.04765625 0.05078125 0.015625 0.0359375
3 0.32265625 0.03984375 0.01328125 0.02265625
3 0.440625 0.04375 0.005078125 0.018359375
3 0.44921875 0.059375 0.00625 0.019140625
3 0.56484375 0.0640625 0.00546875 0.015234375
3 0.61328125 0.07890625 0.005078125 0.015625
3 0.690625 0.09296875 0.00546875 0.017578125
3 0.71328125 0.10546875 0.005078125 0.019921875
3 0.8390625 0.13671875 0.0046875 0.0140625
3 0.86640625 0.15078125 0.005859375 0.017578125