1 0.690625 0.52578125 0.03828125 0.069921875
1 0.56328125 0.4875 0.01328125 0.025390625
1 0.54296875 0.48203125 0.009375 0.010546875
7 0.16875 0.55234375 0.0421875 0.06328125
7 0.3609375 0.4984375 0.01640625 0.023046875
7 0.40859375 0.4875 0.007421875 0.012109375
4 0.7515625 0.48125 0.015625 0.016015625
5 0.6453125 0.475 0.006640625 0.00703125
5 0.66484375 0.4765625 0.007421875 0.008984375
5 0.63671875 0.4734375 0.005078125 0.006640625
5 0.6203125 0.471875 0.00390625 0.008984375
7 0.4328125 0.4796875 0.0046875 0.01015625
1 0.521875 0.4765625 0.00390625 0.009375
1 0.51484375 0.47578125 0.001953125 0.007421875
5 0.4453125 0.47890625 0.003125 0.005078125