7 0.7046875 0.55390625 0.03515625 0.08125
7 0.67578125 0.50546875 0.015234375 0.02578125
1 0.42734375 0.4890625 0.0171875 0.028515625
1 0.2625 0.4984375 0.030859375 0.048828125
7 0.61015625 0.49453125 0.009765625 0.01875
1 0.46328125 0.48984375 0.005859375 0.014453125
1 0.4671875 0.49140625 0.003125 0.0109375
1 0.54375 0.4875 0.004296875 0.009375
1 0.58046875 0.48671875 0.003125 0.008203125
1 0.57734375 0.4859375 0.001953125 0.00625
7 0.57421875 0.4890625 0.00546875 0.0125
7 0.62109375 0.48984375 0.0046875 0.0125
7 0.65546875 0.49140625 0.004296875 0.0109375
7 0.65859375 0.4890625 0.001953125 0.00859375
7 0.625 0.4875 0.002734375 0.006640625
1 0.5671875 0.48515625 0.003515625 0.007421875