2 0.17265625 0.5484375 0.044140625 0.087890625
2 0.7171875 0.5390625 0.041015625 0.071484375
5 0.75234375 0.55625 0.045703125 0.069140625
5 0.22109375 0.5390625 0.041015625 0.064453125
1 0.35625 0.50546875 0.015625 0.02890625
1 0.4046875 0.49375 0.00625 0.015625
7 0.5859375 0.50859375 0.015234375 0.030078125
7 0.5390625 0.496875 0.00703125 0.015625
7 0.5203125 0.4890625 0.003515625 0.0125
4 0.12421875 0.503125 0.015234375 0.01953125
4 0.23671875 0.49375 0.00859375 0.012890625
1 0.21484375 0.48984375 0.004296875 0.0125
1 0.26640625 0.48671875 0.004296875 0.0109375
1 0.41875 0.4890625 0.006640625 0.012109375
7 0.49140625 0.484375 0.001953125 0.009765625
7 0.43828125 0.48046875 0.00390625 0.009375
5 0.14609375 0.4921875 0.005078125 0.009765625