7 0.33828125 0.31015625 0.00234375 0.00625
7 0.625 0.375 0.003125 0.0078125
4 0.36875 0.31875 0.0046875 0.01015625
7 0.22578125 0.3 0.00390625 0.01015625
4 0.6875 0.41171875 0.0046875 0.0140625
7 0.27265625 0.30546875 0.00390625 0.009375
4 0.5984375 0.37890625 0.00546875 0.0140625
4 0.31171875 0.31328125 0.00390625 0.009375
7 0.78828125 0.49296875 0.00703125 0.02421875
4 0.21953125 0.30625 0.0046875 0.01171875
4 0.11171875 0.296875 0.00390625 0.01328125
4 0.478125 0.3484375 0.00625 0.015625
7 0.61015625 0.3984375 0.009375 0.01953125
4 0.16640625 0.3 0.00390625 0.0109375
7 0.68984375 0.43125 0.009375 0.02109375
4 0.40078125 0.3453125 0.0078125 0.01953125
7 0.5578125 0.39296875 0.0109375 0.02578125
7 0.603125 0.44140625 0.0203125 0.04140625
4 0.34296875 0.3671875 0.01484375 0.0328125
7 0.83203125 0.6359375 0.03515625 0.078125
4 0.23359375 0.50625 0.0453125 0.096875