7 0.39921875 0.63984375 0.103125 0.17109375
7 0.58515625 0.5625 0.075 0.1296875
7 0.43984375 0.4359375 0.044140625 0.078515625
1 0.38359375 0.55 0.070703125 0.126953125
1 0.54296875 0.41796875 0.02578125 0.073046875
1 0.31796875 0.4703125 0.05625 0.09140625
4 0.2890625 0.515625 0.0671875 0.113671875
4 0.58984375 0.45625 0.0421875 0.087109375
4 0.65390625 0.50234375 0.06015625 0.1078125
2 0.36484375 0.39296875 0.0578125 0.114453125
2 0.64921875 0.41015625 0.0609375 0.129296875
2 0.5296875 0.48046875 0.065234375 0.16953125