1 0.5578125 0.3296875 0.031640625 0.0640625
1 0.2296875 0.340625 0.0390625 0.06171875
1 0.1359375 0.23515625 0.01015625 0.026171875
1 0.23671875 0.21328125 0.010546875 0.0203125
1 0.3453125 0.19765625 0.009375 0.01875
1 0.4484375 0.1890625 0.00703125 0.01640625
1 0.56328125 0.18828125 0.008203125 0.01875
1 0.671875 0.1875 0.0078125 0.01953125
1 0.79140625 0.19140625 0.011328125 0.023828125
1 0.8828125 0.28046875 0.030078125 0.05625
1 0.9140625 0.21015625 0.014453125 0.03046875
4 0.490625 0.21875 0.012890625 0.03125
7 0.1578125 0.21484375 0.00859375 0.01875
7 0.30859375 0.19375 0.0078125 0.01875
7 0.43828125 0.184375 0.00625 0.01796875
7 0.58046875 0.18046875 0.00859375 0.01875
7 0.7140625 0.17734375 0.0109375 0.02109375
7 0.88203125 0.18203125 0.0109375 0.023828125
2 0.85 0.26875 0.050390625 0.096484375
2 0.90234375 0.25625 0.03203125 0.085546875