1 0.2390625 0.3609375 0.031640625 0.075
1 0.59296875 0.26015625 0.029296875 0.053125
1 0.66953125 0.2078125 0.01953125 0.038671875
1 0.6171875 0.18203125 0.012890625 0.028125
1 0.50625 0.16953125 0.01171875 0.024609375
1 0.390625 0.1703125 0.008984375 0.019140625
1 0.27421875 0.1765625 0.0078125 0.01875
1 0.140625 0.18359375 0.00859375 0.019921875
2 0.56171875 0.25234375 0.036328125 0.093359375
2 0.60703125 0.23359375 0.02890625 0.0859375
4 0.1828125 0.2171875 0.015234375 0.034375
4 0.87109375 0.16328125 0.016796875 0.03046875
4 0.91484375 0.15078125 0.0109375 0.023046875
7 0.753125 0.16875 0.0125 0.028125
7 0.58828125 0.15625 0.009375 0.01953125
7 0.43359375 0.15703125 0.0078125 0.01875
7 0.2953125 0.16640625 0.008203125 0.0171875
7 0.13125 0.17734375 0.007421875 0.01875