7 0.16640625 0.3828125 0.037890625 0.062109375
7 0.2359375 0.36640625 0.034375 0.054296875
7 0.5265625 0.36796875 0.028125 0.055859375
2 0.2875 0.36171875 0.04921875 0.095703125
2 0.3375 0.3421875 0.035546875 0.0765625
2 0.43671875 0.35703125 0.039453125 0.084765625
1 0.42109375 0.35 0.016796875 0.043359375
1 0.46484375 0.35546875 0.021484375 0.04296875
1 0.37578125 0.378125 0.032421875 0.053515625
4 0.4078125 0.35859375 0.0234375 0.045703125
4 0.321875 0.4 0.045703125 0.06875
4 0.4640625 0.3875 0.03203125 0.05859375