2 0.7125 0.60390625 0.10703125 0.2421875
2 0.47890625 0.46171875 0.055078125 0.140625
2 0.5578125 0.41875 0.050390625 0.11484375
4 0.62578125 0.46875 0.05625 0.087890625
4 0.3265625 0.48671875 0.06328125 0.097265625
7 0.421875 0.62265625 0.080078125 0.145703125
7 0.3328125 0.4484375 0.0375 0.07578125
7 0.42265625 0.43359375 0.044140625 0.07265625
1 0.5625 0.52421875 0.056640625 0.103125
1 0.39140625 0.53359375 0.048046875 0.10859375
1 0.23359375 0.6171875 0.091015625 0.146875
4 0.49375 0.45 0.024609375 0.075