1 0.478125 0.5171875 0.01328125 0.022265625
1 0.503125 0.50625 0.0125 0.018359375
1 0.603125 0.51015625 0.009375 0.019921875
7 0.4453125 0.55234375 0.020703125 0.03359375
7 0.53125 0.4984375 0.009375 0.016015625
7 0.59140625 0.5 0.0109375 0.01875
4 0.60859375 0.52421875 0.0140625 0.023828125
4 0.6234375 0.54140625 0.016015625 0.028125
4 0.465625 0.534375 0.01640625 0.02578125
2 0.63828125 0.5515625 0.02890625 0.05546875
2 0.66875 0.59140625 0.034765625 0.074609375
2 0.4171875 0.58359375 0.036328125 0.075