2 0.3703125 0.46640625 0.02265625 0.0421875
2 0.396875 0.5125 0.033203125 0.063671875
2 0.525 0.46328125 0.01640625 0.0359375
4 0.24921875 0.5296875 0.032421875 0.04375
4 0.4671875 0.56640625 0.028515625 0.05
4 0.740625 0.54140625 0.030859375 0.043359375
1 0.20390625 0.57109375 0.041015625 0.0578125
1 0.60859375 0.49609375 0.019140625 0.027734375
1 0.8234375 0.60625 0.048046875 0.062109375
7 0.3375 0.49453125 0.0203125 0.03203125
7 0.48671875 0.48515625 0.0171875 0.0265625
7 0.55546875 0.5203125 0.02578125 0.037109375