7 0.37421875 0.45625 0.038671875 0.0640625
1 0.5296875 0.46015625 0.038671875 0.069140625
4 0.5453125 0.5421875 0.053125 0.10546875
4 0.4296875 0.49609375 0.049609375 0.08359375
4 0.37109375 0.4265625 0.033984375 0.055078125
7 0.25703125 0.56171875 0.06796875 0.11171875
7 0.628125 0.43671875 0.0296875 0.059375
1 0.66484375 0.47734375 0.044140625 0.08046875
1 0.18984375 0.48828125 0.044140625 0.07890625
2 0.26484375 0.4296875 0.0453125 0.098046875
2 0.4515625 0.40390625 0.033203125 0.07890625
2 0.52734375 0.4109375 0.03515625 0.086328125