7 0.66484375 0.33515625 0.0390625 0.073046875
7 0.61328125 0.240625 0.01953125 0.04140625
7 0.59453125 0.20546875 0.015234375 0.026953125
7 0.584375 0.1828125 0.01015625 0.021875
7 0.5765625 0.16875 0.006640625 0.01875
1 0.31015625 0.35859375 0.033203125 0.064453125
1 0.409375 0.26015625 0.021484375 0.03828125
1 0.45 0.21875 0.010546875 0.02578125
1 0.471875 0.19375 0.00859375 0.01953125
1 0.48515625 0.178125 0.00625 0.015625
1 0.49453125 0.16875 0.00703125 0.012109375
1 0.5015625 0.16171875 0.00625 0.011328125
7 0.57265625 0.1609375 0.005078125 0.012890625
7 0.56875 0.15546875 0.002734375 0.008203125
1 0.50625 0.1546875 0.003515625 0.009765625
1 0.51015625 0.15078125 0.00546875 0.010546875
7 0.646875 0.1359375 0.00703125 0.012109375