2 0.80625 0.46640625 0.06640625 0.1609375
2 0.42890625 0.42109375 0.04296875 0.11875
2 0.47734375 0.465625 0.05625 0.15234375
4 0.39921875 0.4703125 0.03984375 0.08515625
4 0.36328125 0.55625 0.05390625 0.121875
4 0.525 0.44140625 0.03359375 0.07421875
1 0.59765625 0.48671875 0.05 0.09609375
1 0.53203125 0.5484375 0.05 0.11796875
1 0.63203125 0.6734375 0.0953125 0.18046875
7 0.24609375 0.5328125 0.06640625 0.1125
7 0.29140625 0.48046875 0.0453125 0.0921875
7 0.7140625 0.57734375 0.07578125 0.13515625