0 0.275 0.37265625 0.05546875 0.130859375
0 0.0875 0.63359375 0.13828125 0.2890625
3 0.3609375 0.278125 0.034375 0.073828125
3 0.38046875 0.23828125 0.0234375 0.051953125
3 0.3953125 0.22265625 0.016015625 0.044921875
6 0.4015625 0.21015625 0.016796875 0.039453125
6 0.6765625 0.3515625 0.05546875 0.12421875
6 0.5984375 0.28046875 0.03671875 0.0796875
3 0.5515625 0.23828125 0.0265625 0.0546875
3 0.53515625 0.22265625 0.015234375 0.045703125
6 0.51796875 0.20625 0.015234375 0.037109375
6 0.94296875 0.6359375 0.1140625 0.3125