3 0.5515625 0.30703125 0.011328125 0.023828125
3 0.5578125 0.3078125 0.0109375 0.03984375
3 0.55703125 0.33515625 0.01328125 0.03125
3 0.53203125 0.38828125 0.01640625 0.0453125
3 0.4984375 0.3046875 0.009375 0.021484375
3 0.48984375 0.3171875 0.011328125 0.025
3 0.4296875 0.35625 0.027734375 0.06328125
6 0.56015625 0.36328125 0.01875 0.040234375
6 0.57421875 0.32578125 0.0125 0.03125
6 0.53203125 0.3046875 0.0078125 0.02109375
6 0.4546875 0.3140625 0.01015625 0.025
0 0.46640625 0.3234375 0.0109375 0.028515625
0 0.37890625 0.39453125 0.021484375 0.049609375