6 0.678125 0.29609375 0.03046875 0.073046875
6 0.7109375 0.20234375 0.021875 0.04765625
6 0.65390625 0.15 0.012109375 0.027734375
6 0.54140625 0.1609375 0.011328125 0.034375
6 0.51171875 0.14453125 0.012109375 0.026953125
0 0.31875 0.34921875 0.037109375 0.0921875
0 0.5484375 0.18359375 0.0171875 0.042578125
3 0.6140625 0.3765625 0.03359375 0.096875
3 0.44765625 0.26484375 0.050390625 0.116015625
3 0.68125 0.21953125 0.024609375 0.049609375
3 0.6875 0.1640625 0.015625 0.055859375
3 0.67890625 0.1578125 0.013671875 0.031640625
3 0.58828125 0.17109375 0.01796875 0.03671875
3 0.609375 0.14609375 0.014453125 0.02890625