1 0.3953125 0.58828125 0.037109375 0.0609375
1 0.575 0.49453125 0.014453125 0.02578125
1 0.62890625 0.46953125 0.0078125 0.016796875
1 0.65078125 0.459375 0.007421875 0.0125
1 0.66796875 0.45234375 0.005078125 0.0109375
1 0.67734375 0.4484375 0.005859375 0.009375
1 0.6921875 0.44609375 0.00390625 0.0078125
1 0.7015625 0.44296875 0.004296875 0.0078125
1 0.70625 0.440625 0.003515625 0.00625
1 0.71171875 0.43984375 0.003125 0.00625
1 0.71796875 0.4390625 0.004296875 0.00625
1 0.73125 0.4375 0.003515625 0.005859375
1 0.790625 0.434375 0.003515625 0.00625
7 0.809375 0.434375 0.002734375 0.00625
7 0.78671875 0.496875 0.01796875 0.030859375
7 0.75859375 0.46796875 0.0109375 0.018359375
7 0.75625 0.45703125 0.00703125 0.0125
7 0.7546875 0.45 0.004296875 0.008984375
7 0.85234375 0.4328125 0.0046875 0.00859375
1 0.81953125 0.43359375 0.004296875 0.00625
1 0.9078125 0.4296875 0.003515625 0.00625
7 0.90234375 0.43125 0.0046875 0.00703125
1 0.859375 0.43203125 0.003125 0.007421875
7 0.75234375 0.446875 0.0015625 0.009375
7 0.7546875 0.43984375 0.004296875 0.009375
7 0.7578125 0.43828125 0.002734375 0.00625
7 0.77890625 0.43515625 0.004296875 0.00625
7 0.76015625 0.43671875 0.004296875 0.007421875