2 0.33671875 0.54453125 0.034375 0.07421875
2 0.64140625 0.53046875 0.040234375 0.075390625
7 0.74375 0.628125 0.0546875 0.084375
7 0.6015625 0.5109375 0.016015625 0.031640625
7 0.5859375 0.48984375 0.012109375 0.023046875
7 0.57578125 0.4765625 0.008203125 0.01640625
7 0.5859375 0.46796875 0.006640625 0.0140625
7 0.603125 0.4625 0.007421875 0.0125
7 0.64296875 0.45859375 0.005078125 0.0109375
1 0.63046875 0.4546875 0.0046875 0.009375
1 0.5734375 0.459375 0.0046875 0.009765625
1 0.52890625 0.4640625 0.00546875 0.009765625
1 0.3859375 0.52109375 0.01640625 0.032421875
1 0.421875 0.4953125 0.0125 0.02109375
1 0.4578125 0.4796875 0.009765625 0.015625
1 0.49765625 0.4703125 0.007421875 0.0125
7 0.70703125 0.4546875 0.00625 0.012109375
7 0.76328125 0.45234375 0.00625 0.0125
7 0.8296875 0.45 0.007421875 0.012890625
7 0.9078125 0.44765625 0.006640625 0.0125
1 0.9203125 0.44375 0.006640625 0.0125
1 0.81796875 0.446875 0.00703125 0.01171875
1 0.74375 0.45 0.006640625 0.009375
1 0.68828125 0.4515625 0.0046875 0.008984375