1 0.178125 0.61875 0.040625 0.07265625
1 0.34375 0.53359375 0.01953125 0.03671875
1 0.43984375 0.4921875 0.01015625 0.021875
1 0.49921875 0.47578125 0.00859375 0.01640625
1 0.5390625 0.4671875 0.00703125 0.01328125
1 0.58984375 0.46015625 0.00625 0.0125
1 0.6296875 0.45546875 0.00625 0.0109375
1 0.6921875 0.4515625 0.0046875 0.009375
1 0.77265625 0.44765625 0.00546875 0.0109375
1 0.90625 0.4453125 0.0078125 0.01171875
7 0.83671875 0.45078125 0.00703125 0.01328125
7 0.74375 0.453125 0.00625 0.0125
7 0.68515625 0.4578125 0.00625 0.01328125
7 0.6484375 0.46484375 0.00703125 0.0140625
7 0.6140625 0.4796875 0.01015625 0.01953125
7 0.59765625 0.49921875 0.01328125 0.0265625
7 0.61875 0.5609375 0.02578125 0.053125
1 0.83515625 0.4453125 0.00625 0.01171875