7 0.703125 0.67109375 0.123046875 0.24375
7 0.32734375 0.190625 0.012890625 0.021875
7 0.48671875 0.17421875 0.0078125 0.01875
1 0.30234375 0.1859375 0.01015625 0.01640625
1 0.38125 0.178125 0.009375 0.01796875
1 0.45546875 0.16875 0.008203125 0.015234375
1 0.3703125 0.1703125 0.0046875 0.01015625
1 0.42578125 0.165625 0.00546875 0.012109375
1 0.13125 0.2 0.013671875 0.01875
1 0.21875 0.19375 0.009375 0.016015625
7 0.07890625 0.21015625 0.0140625 0.021875
7 0.22109375 0.20234375 0.0125 0.02109375
7 0.56171875 0.1640625 0.005859375 0.012890625
7 0.61015625 0.15625 0.00546875 0.0125
1 0.5 0.1625 0.00546875 0.01328125
1 0.52421875 0.159375 0.00546875 0.012890625
1 0.33125 0.17109375 0.004296875 0.008203125
1 0.31953125 0.17421875 0.0046875 0.009375
1 0.30859375 0.17421875 0.00625 0.010546875
7 0.41640625 0.16484375 0.004296875 0.010546875
7 0.47265625 0.1609375 0.0046875 0.01015625
7 0.853125 0.14375 0.00859375 0.019140625
7 0.8390625 0.13828125 0.007421875 0.019921875
7 0.9296875 0.1421875 0.0125 0.024609375
7 0.89921875 0.13125 0.008203125 0.018359375
7 0.63515625 0.1515625 0.005078125 0.012109375
7 0.61796875 0.1515625 0.004296875 0.0125
1 0.37421875 0.1671875 0.004296875 0.00859375
1 0.39765625 0.16484375 0.003125 0.007421875
1 0.3875 0.16484375 0.002734375 0.007421875
1 0.39140625 0.16484375 0.003125 0.00625
1 0.40703125 0.1625 0.001953125 0.005859375
7 0.4453125 0.16015625 0.002734375 0.0078125
7 0.46328125 0.16015625 0.003125 0.0078125
7 0.46015625 0.16015625 0.001953125 0.0078125
1 0.4421875 0.16015625 0.002734375 0.00625
1 0.48515625 0.16171875 0.005859375 0.011328125
7 0.47734375 0.1578125 0.003125 0.00625
1 0.48125 0.15703125 0.002734375 0.00625
1 0.52734375 0.1578125 0.005078125 0.0125
7 0.5328125 0.15625 0.00390625 0.01171875
7 0.51171875 0.1546875 0.003125 0.006640625
7 0.54921875 0.15234375 0.001953125 0.00625
7 0.58046875 0.15390625 0.005078125 0.011328125
1 0.56484375 0.1515625 0.001953125 0.005859375
1 0.5984375 0.14921875 0.002734375 0.005078125
7 0.5921875 0.15078125 0.002734375 0.00625
1 0.64140625 0.146875 0.001953125 0.00625
7 0.759375 0.13671875 0.00390625 0.0078125