7 0.49921875 0.46796875 0.0765625 0.1390625
1 0.24609375 0.203125 0.0125 0.025
1 0.3734375 0.19140625 0.0125 0.0234375
1 0.4953125 0.18125 0.0125 0.025
1 0.6140625 0.16796875 0.0125 0.02265625
1 0.734375 0.15 0.0109375 0.02109375
7 0.76171875 0.16484375 0.01328125 0.02734375
7 0.66484375 0.1828125 0.015625 0.03125
7 0.48203125 0.20078125 0.015625 0.03125
7 0.33828125 0.2109375 0.0171875 0.03203125
7 0.1125 0.23125 0.02265625 0.03359375
7 0.8890625 0.1375 0.0125 0.0234375
1 0.82578125 0.13515625 0.009375 0.0171875
2 0.4921875 0.13125 0.00234375 0.0078125
2 0.50078125 0.1296875 0.00234375 0.00859375