1 0.3203125 0.59765625 0.04765625 0.0703125
1 0.43046875 0.50625 0.015234375 0.028125
1 0.45625 0.48359375 0.01015625 0.019921875
1 0.471875 0.4703125 0.006640625 0.01484375
1 0.47890625 0.46484375 0.00625 0.011328125
1 0.48515625 0.459375 0.005078125 0.009375
1 0.86953125 0.44921875 0.004296875 0.0078125
1 0.92578125 0.45 0.0046875 0.00703125
7 0.68203125 0.54296875 0.0296875 0.044140625
7 0.61015625 0.4984375 0.01484375 0.02578125
7 0.58828125 0.48359375 0.01015625 0.019921875
7 0.57265625 0.4734375 0.00859375 0.015234375
7 0.5609375 0.46640625 0.006640625 0.0125
7 0.553125 0.46171875 0.004296875 0.010546875
7 0.79609375 0.44921875 0.004296875 0.007421875
7 0.840625 0.45 0.003515625 0.00703125
7 0.88125 0.4515625 0.003515625 0.00859375
7 0.55 0.45859375 0.003125 0.0078125
2 0.5484375 0.453125 0.005078125 0.0125
2 0.49140625 0.45390625 0.006640625 0.0140625
1 0.49765625 0.453125 0.004296875 0.00703125
1 0.49375 0.4546875 0.003515625 0.008984375
1 0.50703125 0.4515625 0.001953125 0.006640625
1 0.5234375 0.45 0.002734375 0.00625
1 0.53984375 0.4484375 0.001953125 0.00625
1 0.5640625 0.44765625 0.002734375 0.005078125
1 0.6296875 0.446875 0.00234375 0.00546875
1 0.6984375 0.446875 0.002734375 0.005859375
1 0.73984375 0.44765625 0.001953125 0.005078125
1 0.77734375 0.446875 0.003125 0.00703125
1 0.825 0.44765625 0.003515625 0.007421875
7 0.75 0.44921875 0.003125 0.00625
7 0.7203125 0.44765625 0.003125 0.007421875
7 0.69140625 0.44765625 0.00390625 0.007421875
7 0.66015625 0.44765625 0.001953125 0.0078125
7 0.63125 0.44765625 0.002734375 0.007421875
7 0.596875 0.44765625 0.003125 0.00625
7 0.57421875 0.4484375 0.003125 0.00859375
7 0.5625 0.45 0.002734375 0.005859375
7 0.55390625 0.45078125 0.002734375 0.0078125
7 0.5515625 0.45234375 0.002734375 0.0078125
7 0.36953125 0.43359375 0.004296875 0.0078125