1 0.32109375 0.625 0.04609375 0.0734375
1 0.40859375 0.54609375 0.02421875 0.0421875
1 0.47578125 0.50390625 0.0140625 0.025
1 0.5203125 0.4890625 0.01015625 0.0203125
1 0.503125 0.471875 0.00703125 0.0125
1 0.4484375 0.47734375 0.00703125 0.01328125
1 0.39296875 0.48515625 0.0078125 0.015625
1 0.28203125 0.50234375 0.01015625 0.01875
1 0.08828125 0.53125 0.01796875 0.02578125
7 0.17421875 0.50703125 0.0125 0.0171875
7 0.30859375 0.4890625 0.0078125 0.0140625
7 0.375 0.48046875 0.00703125 0.0125
7 0.45703125 0.4703125 0.00625 0.01015625
7 0.53125 0.465625 0.00703125 0.0125
7 0.5828125 0.45625 0.00546875 0.00859375
7 0.590625 0.4625 0.0078125 0.0125
1 0.56640625 0.47421875 0.0078125 0.01484375
1 0.553125 0.48046875 0.00859375 0.0171875
7 0.6546875 0.4625 0.00703125 0.0125
7 0.68125 0.46640625 0.009375 0.015625
7 0.69921875 0.47421875 0.009375 0.0171875
7 0.6921875 0.4828125 0.01171875 0.021875
7 0.68515625 0.49921875 0.015625 0.0265625
7 0.7203125 0.5390625 0.025 0.04296875
1 0.55234375 0.4703125 0.0078125 0.0125
7 0.1703125 0.48828125 0.00625 0.01015625
7 0.228125 0.48203125 0.0046875 0.0078125
7 0.28984375 0.475 0.00390625 0.0078125
7 0.33984375 0.4703125 0.00390625 0.00703125
7 0.51015625 0.45859375 0.003125 0.00625
7 0.51328125 0.45703125 0.00234375 0.00703125
7 0.53671875 0.45859375 0.003125 0.0078125
1 0.55546875 0.4546875 0.003125 0.0078125
1 0.553125 0.45390625 0.00234375 0.00703125
1 0.55078125 0.45390625 0.003125 0.00625
1 0.54765625 0.453125 0.003125 0.00625
1 0.56875 0.4546875 0.00390625 0.00703125
1 0.6 0.45390625 0.00390625 0.00703125
1 0.63984375 0.4515625 0.00234375 0.0078125
7 0.63828125 0.453125 0.0046875 0.009375
7 0.70703125 0.4515625 0.0046875 0.01015625
1 0.68359375 0.45 0.0046875 0.00859375
1 0.7171875 0.4484375 0.00390625 0.00703125
1 0.721875 0.4484375 0.003125 0.0078125
7 0.76015625 0.44921875 0.0046875 0.009375
7 0.76953125 0.44375 0.0046875 0.0078125
7 0.7765625 0.4453125 0.0046875 0.00703125
7 0.790625 0.446875 0.0046875 0.00859375
7 0.78828125 0.4453125 0.00390625 0.0078125
7 0.796875 0.44140625 0.003125 0.00625
7 0.834375 0.43984375 0.00390625 0.00703125
7 0.875 0.43828125 0.00390625 0.0078125
1 0.86640625 0.4375 0.00390625 0.00703125
1 0.909375 0.43671875 0.0046875 0.00703125
1 0.93515625 0.43515625 0.00234375 0.00625
7 0.928125 0.43671875 0.0046875 0.0078125
1 0.13359375 0.48984375 0.0046875 0.0078125
1 0.20234375 0.4828125 0.00390625 0.0078125
1 0.2625 0.47734375 0.003125 0.00625
1 0.3125 0.471875 0.003125 0.00625
1 0.40625 0.4625 0.00234375 0.00390625
1 0.540625 0.453125 0.00234375 0.00546875
1 0.71875 0.44609375 0.00234375 0.00625
1 0.72890625 0.44453125 0.003125 0.00703125
1 0.74921875 0.44296875 0.00234375 0.00546875
1 0.778125 0.4421875 0.00234375 0.00546875
1 0.8140625 0.43984375 0.003125 0.00703125
7 0.77265625 0.44296875 0.003125 0.0078125
7 0.49765625 0.45625 0.00234375 0.00625
7 0.47890625 0.45703125 0.00234375 0.0046875
7 0.45390625 0.45859375 0.00234375 0.00546875
7 0.43125 0.4609375 0.00234375 0.0046875
7 0.41015625 0.4625 0.003125 0.00546875
7 0.3828125 0.465625 0.00234375 0.00546875
1 0.38046875 0.465625 0.0015625 0.00390625
1 0.42890625 0.46015625 0.00234375 0.0046875
1 0.45625 0.45859375 0.00234375 0.00390625
1 0.4828125 0.45625 0.0015625 0.00390625
1 0.5015625 0.45546875 0.0015625 0.00390625
1 0.52109375 0.4546875 0.00234375 0.0046875