7 0.2296875 0.31953125 0.038671875 0.06328125
7 0.25 0.21484375 0.015234375 0.023828125
7 0.35703125 0.2 0.01171875 0.019140625
7 0.596875 0.1671875 0.0078125 0.015234375
1 0.3984375 0.1859375 0.009375 0.016015625
1 0.49921875 0.1734375 0.00546875 0.0125
7 0.50234375 0.178125 0.00859375 0.016015625
1 0.2703125 0.20234375 0.009765625 0.0171875
1 0.16171875 0.2125 0.010546875 0.018359375
7 0.09296875 0.22734375 0.015625 0.0234375
7 0.65390625 0.16015625 0.00703125 0.011328125
7 0.6890625 0.15625 0.00625 0.012109375
7 0.7234375 0.1515625 0.0046875 0.009375
7 0.75390625 0.146875 0.005078125 0.009765625
1 0.575 0.16484375 0.00546875 0.010546875
1 0.62578125 0.159375 0.00546875 0.009765625
1 0.67421875 0.153125 0.005078125 0.009375
1 0.70625 0.1484375 0.005859375 0.01015625
1 0.73828125 0.14453125 0.0046875 0.009375
1 0.78671875 0.13828125 0.004296875 0.0078125
2 0.76875 0.1375 0.00546875 0.015234375
2 0.82421875 0.134375 0.0078125 0.01796875
7 0.78125 0.14296875 0.00625 0.011328125
7 0.80625 0.13984375 0.00546875 0.011328125
7 0.84140625 0.13359375 0.00703125 0.0125
7 0.86640625 0.1328125 0.004296875 0.00859375
7 0.89296875 0.12890625 0.004296875 0.0078125
1 0.88125 0.12734375 0.004296875 0.0078125
7 0.92734375 0.12421875 0.00390625 0.007421875
1 0.92109375 0.12265625 0.003125 0.007421875
1 0.81015625 0.13515625 0.003125 0.0078125