1 0.23828125 0.71796875 0.08203125 0.12109375
1 0.42734375 0.56171875 0.0296875 0.05
1 0.48046875 0.5171875 0.02109375 0.03359375
1 0.46875 0.4984375 0.0125 0.0265625
1 0.41640625 0.4890625 0.009375 0.0203125
1 0.35390625 0.48515625 0.009375 0.0171875
1 0.290625 0.4875 0.00703125 0.015625
1 0.15625 0.5 0.01015625 0.01640625
1 0.23515625 0.49140625 0.0078125 0.01640625
1 0.6640625 0.4515625 0.00625 0.01015625
1 0.62578125 0.45390625 0.0046875 0.009375
1 0.58671875 0.45390625 0.0046875 0.0078125
1 0.590625 0.4546875 0.00390625 0.009375
1 0.5953125 0.45234375 0.00390625 0.00859375
1 0.684375 0.45 0.00390625 0.009375
1 0.70546875 0.446875 0.003125 0.0078125
1 0.72421875 0.44453125 0.00390625 0.0078125
1 0.75625 0.440625 0.003125 0.0078125
1 0.8640625 0.43359375 0.00390625 0.00703125
1 0.91328125 0.43203125 0.00390625 0.00703125
1 0.83359375 0.43515625 0.00234375 0.0078125
7 0.7765625 0.52734375 0.0296875 0.04296875
7 0.70390625 0.49609375 0.0171875 0.0296875
7 0.5921875 0.47890625 0.0109375 0.0203125
7 0.50390625 0.475 0.0078125 0.0171875
7 0.4296875 0.47421875 0.00703125 0.0140625
7 0.51328125 0.459375 0.00390625 0.0109375
7 0.51796875 0.45859375 0.00390625 0.01015625
7 0.53203125 0.45625 0.00390625 0.0078125
7 0.54921875 0.46015625 0.0046875 0.01015625
7 0.5671875 0.45234375 0.00390625 0.0078125
7 0.57734375 0.45078125 0.00234375 0.0078125
7 0.60625 0.45859375 0.00625 0.01171875
7 0.73671875 0.45078125 0.0046875 0.01015625
7 0.759375 0.44765625 0.00546875 0.01015625
7 0.78203125 0.44296875 0.00390625 0.00859375
7 0.7984375 0.440625 0.00390625 0.0078125
7 0.81640625 0.43828125 0.003125 0.0078125
7 0.85234375 0.4359375 0.003125 0.00703125
7 0.8859375 0.434375 0.0046875 0.00703125
7 0.92890625 0.4328125 0.00390625 0.0078125
7 0.12734375 0.496875 0.009375 0.0140625
7 0.20703125 0.48828125 0.009375 0.01328125
7 0.36015625 0.4765625 0.0046875 0.0125
7 0.684375 0.45546875 0.00546875 0.01171875
1 0.7359375 0.44296875 0.00390625 0.0078125
7 0.28671875 0.4828125 0.00625 0.01328125
1 0.096875 0.4875 0.00390625 0.0078125
1 0.60859375 0.45078125 0.00234375 0.00703125
1 0.61953125 0.44921875 0.003125 0.00703125
1 0.63125 0.4453125 0.00234375 0.00546875
1 0.61640625 0.44453125 0.0015625 0.0046875
1 0.6234375 0.44765625 0.00234375 0.00625
1 0.62578125 0.44453125 0.0015625 0.00546875
1 0.8015625 0.4375 0.00234375 0.00625
1 0.7796875 0.4390625 0.003125 0.00703125
7 0.5859375 0.446875 0.00234375 0.00546875
7 0.590625 0.4484375 0.00234375 0.00625
7 0.5890625 0.446875 0.00234375 0.00546875
7 0.58046875 0.446875 0.0015625 0.00546875
7 0.5734375 0.44765625 0.00234375 0.0046875
7 0.57578125 0.45 0.00234375 0.00625
7 0.55078125 0.45390625 0.00234375 0.00703125
7 0.44375 0.45703125 0.0015625 0.00546875
7 0.46328125 0.4546875 0.0015625 0.00390625
7 0.21875 0.47734375 0.00234375 0.0078125
7 0.14140625 0.484375 0.00390625 0.00859375