7 0.5296875 0.63359375 0.103125 0.212890625
7 0.22421875 0.36484375 0.05703125 0.092578125
7 0.27890625 0.28515625 0.03515625 0.058984375
7 0.3484375 0.21875 0.01640625 0.03203125
7 0.38984375 0.19140625 0.0125 0.023828125
7 0.41953125 0.178125 0.010546875 0.01953125
7 0.43984375 0.16875 0.009375 0.015625
7 0.45 0.1640625 0.007421875 0.01484375
1 0.134375 0.23359375 0.0234375 0.037109375
1 0.2421875 0.20234375 0.013671875 0.0234375
1 0.29375 0.1875 0.011328125 0.021484375
1 0.3328125 0.17734375 0.009375 0.0171875
7 0.4625 0.159375 0.00625 0.009765625
7 0.471875 0.15546875 0.005859375 0.0109375
7 0.4796875 0.15234375 0.003515625 0.008203125
7 0.48828125 0.15 0.004296875 0.00703125
1 0.35703125 0.171875 0.00625 0.012890625
1 0.38515625 0.165625 0.00546875 0.0125
1 0.40546875 0.16015625 0.0046875 0.0109375
1 0.41796875 0.1578125 0.00546875 0.01015625
1 0.4296875 0.15546875 0.004296875 0.007421875
1 0.44140625 0.15234375 0.004296875 0.0078125
1 0.46171875 0.14921875 0.004296875 0.0078125
7 0.4953125 0.14765625 0.004296875 0.0078125
7 0.5203125 0.14453125 0.003515625 0.008203125
1 0.53671875 0.1421875 0.005078125 0.00859375
1 0.57109375 0.13984375 0.003125 0.0078125
1 0.6125 0.1375 0.003515625 0.006640625
1 0.66015625 0.134375 0.004296875 0.00703125
1 0.69375 0.1328125 0.00546875 0.00859375
1 0.72265625 0.13046875 0.00546875 0.008203125
1 0.75078125 0.1296875 0.005078125 0.008984375
1 0.7796875 0.12734375 0.005859375 0.009375
1 0.8203125 0.12421875 0.006640625 0.0109375
1 0.88046875 0.11953125 0.008203125 0.011328125
7 0.83125 0.1265625 0.00546875 0.01015625
7 0.746875 0.13125 0.00625 0.0125
7 0.71328125 0.13359375 0.00546875 0.011328125
7 0.6796875 0.13515625 0.0046875 0.009375
7 0.65 0.1359375 0.00390625 0.009375
7 0.6015625 0.1390625 0.003515625 0.00859375
7 0.55703125 0.14140625 0.004296875 0.008203125