1 0.64140625 0.4625 0.008203125 0.0125
7 0.6421875 0.47109375 0.009375 0.014453125
7 0.70859375 0.4671875 0.0078125 0.015234375
1 0.91953125 0.4640625 0.009375 0.015234375
1 0.7921875 0.4625 0.007421875 0.0125
1 0.70234375 0.46171875 0.00625 0.011328125
1 0.5734375 0.46484375 0.00625 0.0125
7 0.8265625 0.46875 0.01015625 0.01796875
1 0.5109375 0.47109375 0.009375 0.015234375
7 0.60546875 0.47734375 0.008984375 0.017578125
1 0.47109375 0.4796875 0.008203125 0.01640625
7 0.62734375 0.49296875 0.0125 0.023828125
1 0.4421875 0.4984375 0.01640625 0.02578125
7 0.6859375 0.53359375 0.02578125 0.0421875
1 0.37578125 0.54765625 0.030078125 0.044921875