1 0.4609375 0.571875 0.03125 0.056640625
1 0.45625 0.47578125 0.010546875 0.0171875
1 0.49765625 0.48515625 0.01328125 0.0234375
1 0.89765625 0.4515625 0.01015625 0.01484375
1 0.82265625 0.45078125 0.0078125 0.0140625
7 0.83984375 0.49765625 0.022265625 0.033984375
7 0.84296875 0.45546875 0.009375 0.015625
7 0.92421875 0.459375 0.0125 0.018359375
1 0.45625 0.46875 0.007421875 0.012890625
1 0.4796875 0.46171875 0.007421875 0.011328125
7 0.7 0.484375 0.013671875 0.023046875
7 0.74609375 0.45546875 0.005078125 0.011328125
1 0.73828125 0.45234375 0.004296875 0.0078125
7 0.60703125 0.475 0.009375 0.019140625