1 0.51875 0.5640625 0.0625 0.111328125
1 0.57734375 0.38828125 0.017578125 0.0296875
1 0.41484375 0.38515625 0.0203125 0.03203125
1 0.12734375 0.37890625 0.023828125 0.035546875
1 0.1703125 0.3234375 0.006640625 0.009765625
1 0.28203125 0.328125 0.004296875 0.008984375
1 0.71953125 0.40625 0.017578125 0.034375
1 0.80078125 0.503125 0.05234375 0.07578125
1 0.83984375 0.44609375 0.040234375 0.05234375
1 0.8703125 0.34921875 0.003515625 0.007421875
7 0.88828125 0.396875 0.01875 0.028515625
7 0.91015625 0.35234375 0.004296875 0.0078125
7 0.69921875 0.37578125 0.012109375 0.0203125
1 0.925 0.35234375 0.003515625 0.007421875
7 0.140625 0.325 0.007421875 0.012109375
7 0.18359375 0.35546875 0.013671875 0.023828125
7 0.271875 0.33046875 0.00625 0.009375
7 0.38984375 0.3625 0.012109375 0.02265625
7 0.45703125 0.3359375 0.005078125 0.00859375
7 0.51796875 0.3671875 0.012890625 0.023046875
7 0.859375 0.35 0.003515625 0.00703125
7 0.815625 0.3484375 0.004296875 0.00859375
7 0.7734375 0.34765625 0.003125 0.007421875
7 0.65859375 0.34375 0.003125 0.00703125
7 0.72578125 0.3453125 0.004296875 0.006640625
1 0.6875 0.3421875 0.003125 0.006640625
1 0.73515625 0.34453125 0.004296875 0.007421875
1 0.57109375 0.33828125 0.004296875 0.0078125
1 0.6328125 0.33984375 0.003125 0.0078125
7 0.58828125 0.340625 0.003125 0.00703125
7 0.51484375 0.3390625 0.004296875 0.00859375
1 0.50859375 0.33515625 0.004296875 0.0078125
1 0.44609375 0.3328125 0.004296875 0.00859375
1 0.77890625 0.3453125 0.003125 0.00625
7 0.3640625 0.3328125 0.00703125 0.012109375