1 0.4953125 0.5640625 0.059765625 0.10546875
1 0.55546875 0.44453125 0.027734375 0.049609375
1 0.56171875 0.390625 0.016015625 0.0265625
1 0.56875 0.371875 0.009765625 0.01796875
1 0.57265625 0.36328125 0.0046875 0.015625
1 0.58203125 0.35625 0.00703125 0.0125
1 0.60390625 0.35234375 0.005859375 0.0109375
1 0.62421875 0.35078125 0.0046875 0.010546875
1 0.6546875 0.35 0.00390625 0.00703125
7 0.9203125 0.4546875 0.034375 0.051171875
7 0.75 0.39453125 0.01796875 0.026953125
7 0.68828125 0.37421875 0.011328125 0.01875
7 0.671875 0.3640625 0.007421875 0.012890625
7 0.69765625 0.3546875 0.005078125 0.01015625
7 0.678125 0.359375 0.005859375 0.0125
7 0.7234375 0.353125 0.00625 0.009375
7 0.76796875 0.3546875 0.005078125 0.008984375
7 0.9109375 0.3625 0.007421875 0.01171875
7 0.83515625 0.35703125 0.00625 0.010546875
1 0.68359375 0.35 0.004296875 0.00703125
1 0.8921875 0.3578125 0.006640625 0.008984375
1 0.8421875 0.3546875 0.006640625 0.008984375
1 0.79375 0.35234375 0.00546875 0.0078125
1 0.73125 0.35078125 0.00546875 0.0078125
1 0.1765625 0.39609375 0.023046875 0.033984375
1 0.2578125 0.378125 0.015234375 0.025390625
1 0.28984375 0.36328125 0.010546875 0.01875
1 0.29609375 0.3578125 0.0078125 0.015234375
1 0.3046875 0.35234375 0.008984375 0.0140625
1 0.31015625 0.34921875 0.007421875 0.0109375
1 0.33125 0.34609375 0.00625 0.0109375
1 0.32109375 0.34296875 0.005859375 0.010546875
1 0.30859375 0.33984375 0.005078125 0.008203125
1 0.2953125 0.3375 0.00390625 0.00703125
7 0.12890625 0.36484375 0.015234375 0.02109375
7 0.16171875 0.35625 0.012890625 0.019140625
7 0.1765625 0.3515625 0.009765625 0.015234375
7 0.2328125 0.346875 0.00625 0.0125
7 0.22421875 0.3375 0.0046875 0.00703125
7 0.19921875 0.33671875 0.0046875 0.0078125
1 0.27734375 0.3359375 0.004296875 0.00859375
7 0.2390625 0.34453125 0.003515625 0.008203125
7 0.24375 0.33984375 0.004296875 0.010546875
7 0.23515625 0.33671875 0.0015625 0.005078125
7 0.1125 0.33515625 0.003125 0.0078125
7 0.16328125 0.33515625 0.003125 0.0078125
1 0.246875 0.3359375 0.002734375 0.00625
1 0.20859375 0.33515625 0.003125 0.005078125
1 0.16484375 0.334375 0.001953125 0.005859375