1 0.07890625 0.5515625 0.0328125 0.0421875
1 0.19609375 0.62578125 0.060546875 0.08203125
1 0.22890625 0.55546875 0.03515625 0.049609375
1 0.3921875 0.4640625 0.0046875 0.009765625
1 0.37265625 0.46171875 0.00390625 0.0078125
1 0.375 0.4640625 0.00546875 0.00859375
1 0.43828125 0.4625 0.005078125 0.01171875
1 0.56328125 0.459375 0.005859375 0.01171875
1 0.596875 0.45234375 0.004296875 0.0078125
1 0.6046875 0.45234375 0.00390625 0.0109375
1 0.6109375 0.45625 0.0046875 0.009375
1 0.61015625 0.4578125 0.005078125 0.01015625
7 0.6078125 0.46484375 0.007421875 0.0140625
1 0.6265625 0.4484375 0.004296875 0.00859375
7 0.9015625 0.4421875 0.00390625 0.006640625
7 0.88984375 0.44296875 0.0046875 0.0078125
7 0.87578125 0.44453125 0.004296875 0.0078125
7 0.8609375 0.4453125 0.00390625 0.008984375
7 0.8171875 0.446875 0.00390625 0.008984375
7 0.76328125 0.44765625 0.00546875 0.0078125
7 0.7203125 0.44765625 0.003515625 0.0078125
7 0.709375 0.45859375 0.00703125 0.0125
7 0.6984375 0.4546875 0.00625 0.012109375
7 0.68046875 0.44765625 0.0046875 0.0078125
7 0.67421875 0.45234375 0.0046875 0.009375
7 0.6796875 0.4625 0.007421875 0.012890625
1 0.9078125 0.43984375 0.003125 0.00625
1 0.86640625 0.44140625 0.003125 0.007421875
1 0.83828125 0.4421875 0.004296875 0.00625
1 0.82265625 0.44375 0.003125 0.00703125
1 0.81015625 0.4453125 0.004296875 0.00625
1 0.78828125 0.4453125 0.005078125 0.00859375
1 0.74453125 0.44609375 0.003125 0.007421875
1 0.65546875 0.44765625 0.001953125 0.00625
7 0.659375 0.4515625 0.003515625 0.00859375
1 0.6921875 0.446875 0.002734375 0.00625
7 0.26328125 0.5015625 0.01484375 0.024609375
7 0.3203125 0.4625 0.003515625 0.006640625
7 0.3140625 0.46484375 0.003515625 0.00625
7 0.29921875 0.4671875 0.0046875 0.008984375
7 0.2953125 0.46875 0.005859375 0.01171875
7 0.3328125 0.47109375 0.005859375 0.011328125
7 0.40703125 0.46953125 0.008203125 0.0125
7 0.40234375 0.49375 0.01484375 0.025
7 0.5 0.4671875 0.00625 0.0125
7 0.55078125 0.50546875 0.01640625 0.029296875
7 0.65234375 0.5390625 0.024609375 0.04609375
7 0.0796875 0.47734375 0.00625 0.009375
1 0.09375 0.47421875 0.003515625 0.0078125
1 0.36328125 0.45859375 0.004296875 0.00625
1 0.3375 0.45859375 0.003125 0.00625
7 0.90546875 0.68515625 0.075 0.12421875
7 0.14609375 0.47109375 0.0046875 0.0078125
7 0.19296875 0.46640625 0.004296875 0.0078125
7 0.23359375 0.4640625 0.003125 0.00859375
7 0.2734375 0.46171875 0.002734375 0.007421875
1 0.15234375 0.46875 0.004296875 0.00703125
1 0.1953125 0.465625 0.003125 0.00625
1 0.24296875 0.4625 0.003125 0.00625
1 0.28359375 0.46015625 0.001953125 0.00625
1 0.3109375 0.45859375 0.002734375 0.005078125
7 0.2984375 0.4609375 0.003515625 0.006640625
1 0.5 0.46015625 0.00625 0.011328125