7 0.78515625 0.5921875 0.048046875 0.07421875
7 0.515625 0.54765625 0.02734375 0.04921875
7 0.30546875 0.52734375 0.025390625 0.0390625
7 0.29765625 0.47734375 0.008203125 0.0171875
7 0.38125 0.4703125 0.0078125 0.015625
7 0.4578125 0.4640625 0.00625 0.0125
7 0.48828125 0.459375 0.00625 0.012109375
7 0.47734375 0.45546875 0.005078125 0.010546875
7 0.46875 0.45234375 0.004296875 0.008203125
1 0.41640625 0.45078125 0.003125 0.0078125
1 0.3984375 0.45703125 0.0046875 0.009375
1 0.40390625 0.46015625 0.005078125 0.0109375
1 0.315625 0.46875 0.006640625 0.0125
1 0.1015625 0.4890625 0.01328125 0.0171875
7 0.20625 0.4890625 0.012890625 0.019140625
7 0.14453125 0.50390625 0.01640625 0.02578125
7 0.1828125 0.51640625 0.01640625 0.03125
1 0.91640625 0.4421875 0.007421875 0.01015625
1 0.79296875 0.44453125 0.00546875 0.009375
1 0.7359375 0.44453125 0.005859375 0.0078125
1 0.70234375 0.44375 0.0046875 0.00703125
1 0.44453125 0.4484375 0.004296875 0.00859375
7 0.72109375 0.44921875 0.00625 0.011328125
7 0.7984375 0.44765625 0.00390625 0.0109375
7 0.64609375 0.44609375 0.004296875 0.009375
7 0.66875 0.44765625 0.00546875 0.009375
7 0.61015625 0.44453125 0.003125 0.008203125
7 0.565625 0.4453125 0.004296875 0.00859375
7 0.52421875 0.44609375 0.005078125 0.0078125
7 0.48359375 0.4484375 0.004296875 0.008984375
7 0.46328125 0.45078125 0.0046875 0.008203125
1 0.67109375 0.4421875 0.001953125 0.00859375
1 0.6296875 0.4421875 0.002734375 0.006640625
1 0.57890625 0.44296875 0.001953125 0.00625
1 0.5328125 0.44453125 0.002734375 0.00625
1 0.48828125 0.446875 0.003125 0.006640625
1 0.4 0.45390625 0.003125 0.0078125
1 0.384375 0.46328125 0.006640625 0.011328125
1 0.2078125 0.478125 0.009375 0.015625