7 0.8515625 0.65390625 0.06875 0.10234375
7 0.34765625 0.56171875 0.03203125 0.04921875
7 0.1796875 0.54453125 0.028125 0.040625
1 0.896875 0.4375 0.00625 0.0109375
1 0.77578125 0.44375 0.00703125 0.01015625
7 0.796875 0.446875 0.0078125 0.01328125
7 0.67109375 0.45234375 0.00703125 0.01171875
7 0.58828125 0.45625 0.00859375 0.01328125
7 0.28203125 0.47109375 0.00625 0.01015625
7 0.38515625 0.465625 0.00625 0.0109375
7 0.47578125 0.4609375 0.0046875 0.009375
7 0.17578125 0.4765625 0.0046875 0.009375
7 0.12734375 0.4796875 0.00625 0.0109375
1 0.10703125 0.478125 0.0046875 0.0078125
1 0.16875 0.47421875 0.0046875 0.0078125
1 0.23515625 0.47109375 0.00390625 0.00703125
1 0.32421875 0.465625 0.00390625 0.0078125
1 0.4140625 0.46015625 0.00390625 0.0078125
1 0.4953125 0.45546875 0.00390625 0.00859375
1 0.59140625 0.45234375 0.00390625 0.009375
1 0.67734375 0.44765625 0.00390625 0.009375