1 0.42265625 0.65 0.084765625 0.148046875
1 0.8453125 0.378125 0.009375 0.01328125
1 0.75703125 0.37109375 0.00703125 0.011328125
7 0.8921875 0.37734375 0.01015625 0.0125
7 0.86796875 0.3671875 0.0046875 0.00859375
7 0.6953125 0.3625 0.00625 0.009375
7 0.675 0.35859375 0.00703125 0.009375
1 0.68125 0.36328125 0.00625 0.0109375
1 0.63515625 0.35859375 0.00625 0.010546875
1 0.61171875 0.3546875 0.004296875 0.008984375
1 0.62265625 0.353125 0.004296875 0.00703125
1 0.64140625 0.35390625 0.00390625 0.0078125
1 0.6640625 0.3546875 0.003125 0.006640625
1 0.7 0.35703125 0.003125 0.0078125
1 0.75625 0.36015625 0.00390625 0.007421875
1 0.84375 0.36484375 0.00390625 0.0078125
1 0.93515625 0.36875 0.0015625 0.00703125
7 0.68984375 0.3578125 0.005078125 0.009375
7 0.73125 0.36015625 0.003515625 0.008203125
7 0.77109375 0.3625 0.004296875 0.00703125
7 0.75859375 0.3671875 0.00625 0.01015625