7 0.65546875 0.5375 0.031640625 0.045703125
7 0.48203125 0.509375 0.0140625 0.028515625
7 0.8734375 0.465625 0.012890625 0.018359375
7 0.77265625 0.46328125 0.0109375 0.01640625
7 0.65859375 0.46171875 0.008203125 0.0125
7 0.49453125 0.475 0.0046875 0.015234375
7 0.5703125 0.465625 0.003515625 0.01171875
1 0.23359375 0.56328125 0.034375 0.048828125
1 0.2046875 0.52265625 0.01875 0.03046875
1 0.24296875 0.5 0.0125 0.021484375
1 0.30390625 0.48359375 0.00859375 0.016796875
1 0.39375 0.4734375 0.006640625 0.0125
1 0.47578125 0.465625 0.005078125 0.015234375
1 0.55390625 0.46015625 0.00546875 0.0109375
1 0.64375 0.45703125 0.00546875 0.009375
1 0.73515625 0.4546875 0.005859375 0.012109375
1 0.8171875 0.4546875 0.006640625 0.0125
1 0.91640625 0.4546875 0.012109375 0.016015625