1 0.27421875 0.640625 0.034375 0.054296875
1 0.39609375 0.54609375 0.015234375 0.02421875
1 0.29765625 0.53203125 0.0125 0.017578125
7 0.72421875 0.57109375 0.025 0.03828125
7 0.6296875 0.5265625 0.01640625 0.02265625
7 0.55 0.51875 0.01328125 0.019921875
1 0.19453125 0.528125 0.008203125 0.015625
1 0.11328125 0.528125 0.008203125 0.01328125
7 0.109375 0.5171875 0.006640625 0.01015625
7 0.196875 0.5125 0.00703125 0.01171875
7 0.29609375 0.5109375 0.007421875 0.012890625
7 0.3984375 0.5125 0.00859375 0.015234375