2 0.3171875 0.64921875 0.068359375 0.114453125
2 0.21328125 0.54609375 0.02265625 0.044921875
2 0.30546875 0.5296875 0.017578125 0.037109375
2 0.48984375 0.5234375 0.019140625 0.034765625
2 0.50078125 0.55546875 0.030078125 0.053515625
2 0.70859375 0.56796875 0.03828125 0.0640625
4 0.803125 0.67265625 0.05703125 0.07421875
4 0.6953125 0.5515625 0.019921875 0.026171875
4 0.54453125 0.56484375 0.02578125 0.034765625
4 0.12890625 0.62265625 0.040234375 0.050390625
7 0.84453125 0.50234375 0.008203125 0.0140625
7 0.759375 0.49765625 0.00703125 0.0125
7 0.71953125 0.49140625 0.00625 0.010546875
7 0.7125 0.4875 0.005859375 0.009375
1 0.8578125 0.51328125 0.01015625 0.015625
1 0.746875 0.5078125 0.008984375 0.01484375
1 0.67734375 0.50234375 0.0078125 0.013671875
1 0.6375 0.496875 0.007421875 0.012109375
1 0.625 0.490625 0.00625 0.009765625