7 0.15546875 0.54609375 0.03125 0.06015625
7 0.90859375 0.60234375 0.01875 0.054296875
7 0.83671875 0.3765625 0.036328125 0.065234375
1 0.13515625 0.73828125 0.069921875 0.126953125
1 0.3203125 0.42890625 0.016796875 0.03671875
1 0.53203125 0.36953125 0.018359375 0.037109375
1 0.18828125 0.46015625 0.0109375 0.030078125
1 0.703125 0.31484375 0.011328125 0.030078125
1 0.77421875 0.28515625 0.012109375 0.025
2 0.69296875 0.31015625 0.0265625 0.053125
2 0.7140625 0.303125 0.018359375 0.048046875
2 0.90078125 0.30078125 0.0234375 0.0671875
2 0.91328125 0.29140625 0.013671875 0.061328125
1 0.14609375 0.46015625 0.008984375 0.025
7 0.90078125 0.25 0.00859375 0.019140625
7 0.8234375 0.25078125 0.007421875 0.015625
1 0.76328125 0.271875 0.0078125 0.021484375
1 0.7234375 0.26953125 0.006640625 0.0203125
1 0.66171875 0.27578125 0.006640625 0.016796875
1 0.59765625 0.2859375 0.006640625 0.016015625
1 0.51640625 0.3046875 0.005078125 0.01484375
1 0.1546875 0.44296875 0.01015625 0.02109375
1 0.20234375 0.41640625 0.0078125 0.0171875
1 0.2703125 0.38515625 0.006640625 0.014453125
1 0.35 0.3546875 0.00625 0.01484375
1 0.43359375 0.32734375 0.005078125 0.0125
7 0.4265625 0.325 0.00390625 0.009765625
7 0.321875 0.36015625 0.003125 0.010546875
7 0.11015625 0.44921875 0.00546875 0.0109375
7 0.2140625 0.4015625 0.00390625 0.009375
7 0.5328125 0.296875 0.003125 0.009765625
7 0.728125 0.25859375 0.00625 0.0109375
7 0.90703125 0.30625 0.012890625 0.040625