7 0.76953125 0.42421875 0.04609375 0.09609375
7 0.75546875 0.3265625 0.028125 0.05703125
1 0.50234375 0.36484375 0.01953125 0.040625
7 0.2453125 0.4578125 0.02578125 0.04609375
7 0.82734375 0.26484375 0.01953125 0.040625
1 0.63125 0.29765625 0.01484375 0.03203125
1 0.83828125 0.2234375 0.01015625 0.025
4 0.440625 0.3453125 0.0125 0.02890625
4 0.26953125 0.41171875 0.0140625 0.02890625
4 0.4109375 0.334375 0.00859375 0.02109375
4 0.39296875 0.33125 0.0078125 0.01484375
4 0.28203125 0.384375 0.01015625 0.021875
4 0.26953125 0.378125 0.00859375 0.01875
4 0.3796875 0.32890625 0.00625 0.0140625
4 0.35625 0.33828125 0.0046875 0.0109375
4 0.32265625 0.35078125 0.00625 0.01328125
4 0.29140625 0.36328125 0.00546875 0.01171875