4 0.178125 0.7203125 0.027734375 0.051953125
4 0.3234375 0.79765625 0.031640625 0.069921875
4 0.56875 0.72578125 0.031640625 0.0546875
4 0.85859375 0.8140625 0.038671875 0.081640625
1 0.3265625 0.6546875 0.015234375 0.028125
1 0.4875 0.62890625 0.013671875 0.023828125
1 0.67109375 0.59140625 0.00625 0.015625
1 0.67734375 0.58984375 0.005859375 0.014453125
1 0.7296875 0.58125 0.003125 0.012890625
1 0.7265625 0.58203125 0.0046875 0.013671875
4 0.82265625 0.5875 0.008203125 0.01796875
4 0.87421875 0.57890625 0.008203125 0.015625
4 0.946875 0.5859375 0.00859375 0.016015625
4 0.89375 0.56875 0.007421875 0.012890625
1 0.596875 0.65234375 0.019921875 0.033203125
1 0.73359375 0.62578125 0.015234375 0.029296875
1 0.91875 0.653125 0.023828125 0.0375