1 0.40234375 0.8296875 0.0578125 0.115234375
1 0.54921875 0.7625 0.0375 0.080859375
1 0.60078125 0.709375 0.028515625 0.060546875
1 0.56953125 0.6640625 0.023828125 0.041015625
1 0.48515625 0.64296875 0.020703125 0.03671875
1 0.32578125 0.6375 0.019140625 0.0328125
1 0.2484375 0.6359375 0.01953125 0.034765625
1 0.1703125 0.63359375 0.01796875 0.03359375
1 0.08359375 0.634375 0.0171875 0.03203125
7 0.1296875 0.61015625 0.0125 0.023046875
7 0.2078125 0.60859375 0.01484375 0.025
7 0.27265625 0.61015625 0.01640625 0.02734375
7 0.33046875 0.61015625 0.0140625 0.025
7 0.40078125 0.61328125 0.0125 0.026171875
7 0.48671875 0.6171875 0.017578125 0.028515625
7 0.57734375 0.62421875 0.014453125 0.030078125
7 0.703125 0.64140625 0.023828125 0.036328125
7 0.8390625 0.6734375 0.031640625 0.0484375