4 0.090625 0.7578125 0.0515625 0.084765625
4 0.14375 0.659375 0.031640625 0.0453125
4 0.28515625 0.640625 0.0203125 0.037890625
4 0.34921875 0.65234375 0.023046875 0.042578125
4 0.39375 0.66484375 0.013671875 0.042578125
4 0.3578125 0.58828125 0.006640625 0.017578125
7 0.20703125 0.853125 0.046484375 0.090234375
7 0.19453125 0.75546875 0.048828125 0.083203125
7 0.90078125 0.63671875 0.02578125 0.037109375
7 0.759375 0.63125 0.0203125 0.034765625
7 0.678125 0.62265625 0.016796875 0.03125
7 0.61796875 0.6109375 0.01484375 0.02578125
7 0.57734375 0.60234375 0.0125 0.02265625
7 0.53046875 0.59296875 0.009375 0.01875
7 0.503125 0.58671875 0.007421875 0.017578125
1 0.725 0.815625 0.061328125 0.112890625
1 0.63984375 0.74609375 0.044921875 0.07890625
1 0.534375 0.7046875 0.030078125 0.062109375
1 0.55234375 0.63515625 0.01640625 0.033203125
1 0.50703125 0.6203125 0.012890625 0.028125
1 0.41875 0.68046875 0.02890625 0.053125
1 0.465625 0.60859375 0.01171875 0.0234375
1 0.4328125 0.59765625 0.01015625 0.01875
1 0.41328125 0.590625 0.007421875 0.018359375
1 0.39609375 0.584375 0.007421875 0.016015625
1 0.3796875 0.58125 0.0078125 0.015234375
2 0.13671875 0.7375 0.06796875 0.137890625
2 0.4015625 0.65859375 0.0265625 0.07734375
1 0.67421875 0.65859375 0.027734375 0.044140625
1 0.81875 0.678125 0.024609375 0.05
7 0.48046875 0.58203125 0.00625 0.0140625
7 0.46171875 0.578125 0.00546875 0.01171875
7 0.446875 0.57578125 0.00625 0.010546875
7 0.43203125 0.5734375 0.0046875 0.009375
7 0.4109375 0.571875 0.003515625 0.009375
7 0.3859375 0.57109375 0.003125 0.008203125
7 0.3578125 0.57109375 0.003515625 0.008203125
7 0.31328125 0.57109375 0.005078125 0.007421875
7 0.21953125 0.57578125 0.00546875 0.0125
7 0.22890625 0.57421875 0.0046875 0.010546875
7 0.2515625 0.57890625 0.005859375 0.0125
7 0.2640625 0.57265625 0.003515625 0.009375
7 0.27265625 0.58125 0.00546875 0.0125
2 0.26640625 0.57890625 0.00859375 0.023046875
2 0.3546875 0.578125 0.009375 0.022265625
1 0.28046875 0.575 0.00703125 0.012109375
1 0.30703125 0.57578125 0.005859375 0.011328125
1 0.32109375 0.5734375 0.004296875 0.009375
1 0.32734375 0.57734375 0.0046875 0.011328125
1 0.3703125 0.5765625 0.0046875 0.01015625
1 0.34375 0.58046875 0.006640625 0.0125
1 0.36015625 0.57421875 0.00546875 0.008203125
4 0.2734375 0.590625 0.00859375 0.018359375
4 0.31796875 0.5890625 0.007421875 0.015625
4 0.35234375 0.584375 0.00625 0.015234375
4 0.34765625 0.58203125 0.00625 0.013671875
4 0.28515625 0.57109375 0.00390625 0.009375