1 0.7796875 0.84140625 0.06796875 0.116015625
1 0.70546875 0.75 0.042578125 0.07578125
1 0.65078125 0.70390625 0.031640625 0.059765625
1 0.61796875 0.6703125 0.020703125 0.04453125
1 0.57578125 0.64609375 0.014453125 0.033203125
1 0.54609375 0.6296875 0.0109375 0.02890625
1 0.53203125 0.61875 0.0078125 0.025
1 0.46875 0.62109375 0.0125 0.028125
1 0.409375 0.62109375 0.009375 0.0265625
1 0.4015625 0.6328125 0.01015625 0.03125
1 0.40234375 0.65390625 0.015625 0.036328125
1 0.38828125 0.69375 0.0265625 0.05390625
1 0.365625 0.75390625 0.04765625 0.08125
2 0.384375 0.63671875 0.0234375 0.05703125
2 0.4203125 0.6125 0.015234375 0.041015625
2 0.52265625 0.61171875 0.01171875 0.038671875
2 0.57734375 0.63359375 0.02265625 0.05078125