1 0.32265625 0.78984375 0.05078125 0.096875
1 0.3578125 0.70859375 0.02734375 0.0578125
1 0.37890625 0.6578125 0.01796875 0.04140625
1 0.3796875 0.6359375 0.0140625 0.0328125
1 0.38828125 0.62421875 0.009375 0.0296875
1 0.4515625 0.621875 0.0125 0.028125
1 0.51875 0.6203125 0.01171875 0.028125
1 0.534375 0.63203125 0.0125 0.03203125
2 0.35859375 0.64140625 0.02109375 0.06015625
2 0.4 0.6125 0.01484375 0.040625
2 0.50859375 0.6125 0.01484375 0.04296875
2 0.56796875 0.63671875 0.02265625 0.05859375
1 0.56484375 0.6515625 0.015625 0.03671875
1 0.6125 0.6796875 0.0234375 0.053125
1 0.65234375 0.72265625 0.0328125 0.06796875
1 0.72109375 0.7828125 0.05234375 0.09296875
1 0.83046875 0.87109375 0.02578125 0.05234375