1 0.359375 0.7734375 0.053515625 0.09375
1 0.4546875 0.67734375 0.03203125 0.05078125
1 0.46484375 0.6484375 0.01484375 0.037890625
1 0.46953125 0.625 0.010546875 0.027734375
1 0.4640625 0.61171875 0.008984375 0.023828125
1 0.4703125 0.6046875 0.0078125 0.021875
2 0.45234375 0.6125 0.01875 0.04453125
2 0.47890625 0.59609375 0.0125 0.033203125
1 0.5203125 0.6046875 0.009375 0.02109375
2 0.56640625 0.5984375 0.01171875 0.031640625
1 0.57578125 0.60390625 0.0078125 0.020703125
1 0.58828125 0.6125 0.012109375 0.024609375
1 0.61015625 0.625 0.01484375 0.03125
2 0.615625 0.61484375 0.015625 0.04375
1 0.64140625 0.640625 0.016796875 0.0328125
1 0.6609375 0.6609375 0.021875 0.041796875
1 0.6921875 0.68671875 0.0296875 0.053125
1 0.7171875 0.728125 0.039453125 0.071875
1 0.74140625 0.80546875 0.055859375 0.103125