7 0.1375 0.69765625 0.060546875 0.10625
7 0.2984375 0.540625 0.03125 0.0484375
7 0.296875 0.484375 0.018359375 0.0265625
7 0.25078125 0.475 0.013671875 0.021484375
4 0.33515625 0.45625 0.010546875 0.019140625
4 0.44921875 0.4421875 0.009765625 0.01640625
1 0.41171875 0.46015625 0.012109375 0.02109375
7 0.50546875 0.4875 0.020703125 0.033984375
7 0.53671875 0.46796875 0.015234375 0.027734375
1 0.5125 0.45234375 0.014453125 0.02109375
1 0.534375 0.4421875 0.010546875 0.016796875
4 0.5515625 0.43046875 0.00625 0.015625
4 0.64296875 0.4203125 0.005859375 0.012890625
1 0.6390625 0.434375 0.008984375 0.016015625
1 0.63671875 0.43125 0.01171875 0.012890625
7 0.684375 0.45703125 0.016015625 0.0265625
7 0.69453125 0.440625 0.011328125 0.021484375
1 0.69921875 0.425 0.00859375 0.01328125
4 0.7125 0.4125 0.00703125 0.0125
1 0.72265625 0.41796875 0.007421875 0.013671875
1 0.7578125 0.41484375 0.006640625 0.013671875
4 0.76484375 0.40703125 0.005859375 0.0078125
4 0.88671875 0.5671875 0.059375 0.08828125
4 0.86328125 0.48671875 0.0296875 0.048828125
4 0.9359375 0.44765625 0.0234375 0.036328125
4 0.9609375 0.39453125 0.009765625 0.0140625
4 0.921875 0.390625 0.005859375 0.009765625
7 0.92421875 0.40390625 0.008203125 0.0140625
7 0.93125 0.4109375 0.0109375 0.016796875
1 0.89296875 0.3953125 0.005078125 0.009375
1 0.86015625 0.4015625 0.00625 0.01015625
1 0.84375 0.4015625 0.00703125 0.009765625
4 0.85078125 0.39453125 0.0046875 0.009375
7 0.86640625 0.42265625 0.014453125 0.01953125
7 0.8375 0.4140625 0.009375 0.015234375
7 0.7875 0.4375 0.01328125 0.021484375
7 0.7734375 0.4265625 0.010546875 0.018359375
1 0.790625 0.409375 0.00703125 0.012109375
4 0.81171875 0.39921875 0.0046875 0.009375