7 0.17109375 0.74375 0.08125 0.1171875
7 0.32421875 0.58515625 0.026171875 0.037890625
7 0.421875 0.52265625 0.015625 0.027734375
7 0.44765625 0.49921875 0.012890625 0.02109375
7 0.4609375 0.48671875 0.008984375 0.015625
7 0.4671875 0.48046875 0.009375 0.0140625
7 0.48125 0.47421875 0.006640625 0.011328125
7 0.52578125 0.46796875 0.005859375 0.010546875
7 0.578125 0.46328125 0.00625 0.009375
7 0.640625 0.45859375 0.00625 0.009375
7 0.71640625 0.453125 0.0046875 0.008984375
7 0.8015625 0.44921875 0.00390625 0.008203125
7 0.88203125 0.44609375 0.005078125 0.008203125
7 0.97421875 0.4421875 0.005078125 0.009375
1 0.9234375 0.446875 0.00703125 0.009375
1 0.82890625 0.45 0.005859375 0.009375
1 0.74375 0.4546875 0.00546875 0.009765625
1 0.6703125 0.459375 0.00390625 0.009765625
1 0.60703125 0.465625 0.005078125 0.009765625
1 0.5703125 0.47265625 0.00625 0.0125
1 0.5859375 0.4796875 0.009375 0.015625
1 0.60859375 0.490625 0.011328125 0.019921875
1 0.646875 0.51171875 0.016796875 0.02734375
1 0.73359375 0.55859375 0.03125 0.046484375