4 0.325 0.40625 0.023046875 0.0390625
7 0.4671875 0.33125 0.00390625 0.009765625
7 0.46953125 0.334375 0.005078125 0.012109375
7 0.47734375 0.3375 0.008203125 0.012890625
7 0.49453125 0.34453125 0.00859375 0.014453125
7 0.50859375 0.35234375 0.01015625 0.017578125
7 0.51875 0.359375 0.007421875 0.01953125
7 0.52265625 0.36484375 0.0140625 0.02421875
7 0.4453125 0.33203125 0.003515625 0.0078125
2 0.45390625 0.328125 0.0046875 0.012109375
2 0.403125 0.33203125 0.00625 0.011328125
7 0.39921875 0.33515625 0.003125 0.0078125
1 0.396875 0.3375 0.00546875 0.009375
1 0.3875 0.34140625 0.006640625 0.010546875
1 0.38125 0.3453125 0.00625 0.012109375
1 0.378125 0.35234375 0.008203125 0.0140625
1 0.365625 0.3625 0.0078125 0.01796875
1 0.3609375 0.37734375 0.0140625 0.02421875
4 0.5875 0.384375 0.01953125 0.0375