1 0.35546875 0.50625 0.030078125 0.04921875
1 0.4265625 0.45078125 0.016796875 0.0296875
4 0.46171875 0.42265625 0.012109375 0.023828125
4 0.4765625 0.41171875 0.010546875 0.02109375
4 0.4875 0.403125 0.009765625 0.01796875
4 0.496875 0.3953125 0.00625 0.01484375
4 0.50390625 0.38984375 0.005859375 0.0125
4 0.509375 0.38671875 0.00625 0.0109375
4 0.51328125 0.3828125 0.004296875 0.009375
4 0.7890625 0.4859375 0.03125 0.036328125
7 0.67578125 0.43359375 0.016796875 0.03125
7 0.63828125 0.41171875 0.0125 0.023046875
4 0.62109375 0.4015625 0.012890625 0.022265625
4 0.60859375 0.39375 0.0078125 0.01796875
4 0.59765625 0.38828125 0.00625 0.0140625
4 0.59140625 0.38359375 0.00546875 0.0125
4 0.58203125 0.378125 0.004296875 0.009375
4 0.5171875 0.38046875 0.003515625 0.008203125
4 0.5203125 0.378125 0.003125 0.00703125
2 0.52265625 0.375 0.003125 0.01171875
2 0.57421875 0.37109375 0.003125 0.010546875
4 0.5765625 0.37421875 0.002734375 0.0078125
4 0.578125 0.37578125 0.003125 0.008203125
4 0.5875 0.38046875 0.003515625 0.0109375