7 0.25703125 0.65078125 0.060546875 0.09296875
7 0.81953125 0.65390625 0.046484375 0.086328125
7 0.66953125 0.540625 0.02734375 0.04453125
7 0.7390625 0.50859375 0.018359375 0.03125
7 0.81640625 0.49296875 0.019140625 0.025390625
7 0.8296875 0.4859375 0.016796875 0.016015625
7 0.74453125 0.47421875 0.0109375 0.0171875
1 0.6046875 0.47734375 0.0125 0.019921875
7 0.63515625 0.465625 0.008203125 0.015234375
7 0.571875 0.45859375 0.006640625 0.013671875
4 0.5453125 0.45 0.004296875 0.012109375
7 0.5484375 0.45390625 0.00703125 0.011328125
4 0.46953125 0.4484375 0.005859375 0.01015625
1 0.459375 0.453125 0.005859375 0.01171875
1 0.446875 0.45859375 0.009765625 0.013671875
1 0.35625 0.53359375 0.028125 0.0421875
1 0.528125 0.49453125 0.016796875 0.026171875
1 0.50546875 0.46640625 0.01015625 0.016796875