7 0.75078125 0.58515625 0.07578125 0.12734375
7 0.59765625 0.39921875 0.053125 0.08671875
7 0.48984375 0.27734375 0.03203125 0.0578125
7 0.4671875 0.2265625 0.02734375 0.046875
7 0.44140625 0.190625 0.0234375 0.0390625
7 0.41875 0.1671875 0.02109375 0.034375
7 0.40234375 0.15234375 0.01796875 0.02421875
1 0.1078125 0.4296875 0.0359375 0.08671875
1 0.14921875 0.30625 0.034375 0.06328125
1 0.17578125 0.246875 0.0265625 0.05
1 0.209375 0.20234375 0.02265625 0.0390625
1 0.21953125 0.17734375 0.01953125 0.0328125
1 0.23515625 0.1578125 0.0171875 0.02890625
1 0.2421875 0.14765625 0.01640625 0.015625