1 0.38359375 0.2546875 0.062890625 0.0953125
7 0.340625 0.3421875 0.069140625 0.11484375
1 0.3265625 0.47421875 0.10078125 0.14609375
7 0.2671875 0.67578125 0.096484375 0.175
1 0.51484375 0.69921875 0.1171875 0.187109375
7 0.515625 0.4859375 0.084765625 0.142578125
1 0.4828125 0.3484375 0.07578125 0.117578125
7 0.51171875 0.26171875 0.050390625 0.09296875
1 0.64921875 0.26953125 0.0453125 0.0953125
7 0.66875 0.35625 0.080859375 0.12265625
1 0.728125 0.48515625 0.07265625 0.141015625
7 0.80234375 0.70546875 0.11640625 0.194140625