7 0.8734375 0.54140625 0.037890625 0.050390625
1 0.55078125 0.540625 0.023828125 0.044140625
1 0.58671875 0.48828125 0.013671875 0.026171875
7 0.71328125 0.4796875 0.015234375 0.02578125
7 0.53046875 0.47109375 0.0109375 0.020703125
7 0.42421875 0.4625 0.008203125 0.016015625
7 0.41171875 0.45390625 0.007421875 0.013671875
2 0.26328125 0.48203125 0.02109375 0.04140625
1 0.33515625 0.47734375 0.015234375 0.021484375
7 0.315625 0.45234375 0.00625 0.011328125
4 0.31015625 0.46328125 0.0109375 0.01875
4 0.26328125 0.45546875 0.008203125 0.015625
4 0.2078125 0.4515625 0.006640625 0.012890625
2 0.03125 0.50625 0.018359375 0.05546875
4 0.06640625 0.45625 0.0078125 0.01328125
4 0.10078125 0.46015625 0.008203125 0.016796875
4 0.1 0.48046875 0.01796875 0.024609375