4 0.24921875 0.85546875 0.1015625 0.198828125
4 0.4609375 0.57109375 0.03359375 0.062109375
4 0.50703125 0.509375 0.019140625 0.035546875
4 0.51875 0.48515625 0.01171875 0.023828125
4 0.53359375 0.47421875 0.011328125 0.0125
4 0.528125 0.46015625 0.0078125 0.0140625
4 0.5390625 0.45546875 0.006640625 0.0125
4 0.6328125 0.459375 0.006640625 0.012890625
1 0.6453125 0.465625 0.006640625 0.012890625
1 0.6625 0.47578125 0.010546875 0.017578125
1 0.69296875 0.4921875 0.013671875 0.021484375
1 0.7109375 0.48125 0.0109375 0.018359375
1 0.74921875 0.521875 0.01796875 0.03125
1 0.7703125 0.5140625 0.01953125 0.028125
4 0.8328125 0.4828125 0.01015625 0.01875
7 0.946875 0.50546875 0.01796875 0.0234375
1 0.94765625 0.56953125 0.0328125 0.0453125
1 0.91328125 0.60390625 0.05234375 0.04921875