4 0.1828125 0.63125 0.041796875 0.069140625
4 0.096875 0.54609375 0.019921875 0.030078125
4 0.10625 0.52109375 0.01171875 0.0203125
4 0.1859375 0.53046875 0.015625 0.0234375
4 0.26328125 0.51875 0.008984375 0.018359375
4 0.30546875 0.56484375 0.020703125 0.0359375
4 0.44375 0.53359375 0.01171875 0.023046875
4 0.425 0.52265625 0.008984375 0.017578125
4 0.5453125 0.59453125 0.031640625 0.049609375
4 0.5859375 0.5265625 0.010546875 0.01875
4 0.61171875 0.53828125 0.01171875 0.0234375
4 0.76015625 0.53125 0.01171875 0.019140625
4 0.8484375 0.54921875 0.016015625 0.0265625
4 0.96484375 0.58515625 0.0265625 0.0421875
7 0.93984375 0.546875 0.0125 0.021484375
2 0.90625 0.70703125 0.0890625 0.15
2 0.06953125 0.78125 0.120703125 0.221875