4 0.790625 0.4578125 0.0359375 0.06796875
4 0.6984375 0.39453125 0.01796875 0.0390625
4 0.6640625 0.3703125 0.01328125 0.02734375
4 0.6375 0.35703125 0.00859375 0.02109375
2 0.6109375 0.33515625 0.00859375 0.0171875
4 0.6171875 0.3421875 0.0078125 0.0140625
4 0.6234375 0.3484375 0.00859375 0.0171875
4 0.33046875 0.49296875 0.0375 0.0671875
4 0.4265625 0.41796875 0.01875 0.03984375
4 0.46875 0.38515625 0.01484375 0.0265625
4 0.49296875 0.36875 0.009375 0.0203125
4 0.50625 0.35703125 0.0078125 0.01640625
4 0.51640625 0.34921875 0.00625 0.0140625
2 0.52265625 0.3421875 0.0078125 0.01796875