2 0.7875 0.753125 0.06171875 0.1359375
2 0.1546875 0.76640625 0.065625 0.13828125
4 0.33671875 0.67421875 0.02265625 0.05
4 0.409375 0.63515625 0.01640625 0.03125
4 0.44140625 0.615625 0.0109375 0.02421875
4 0.4578125 0.60234375 0.00859375 0.01953125
4 0.475 0.59375 0.00703125 0.015625
4 0.48515625 0.5875 0.00625 0.01328125
7 0.49921875 0.57578125 0.003125 0.0046875
7 0.50234375 0.5765625 0.003125 0.00703125
7 0.4984375 0.57890625 0.003125 0.0078125
4 0.49609375 0.58046875 0.0046875 0.01015625
4 0.49140625 0.58359375 0.0046875 0.01171875
7 0.50859375 0.5734375 0.003125 0.00703125
7 0.51484375 0.56953125 0.0015625 0.00546875
7 0.51328125 0.5703125 0.00234375 0.00546875
7 0.5109375 0.571875 0.00234375 0.00625
7 0.51875 0.56875 0.00234375 0.00546875
1 0.55390625 0.56875 0.00234375 0.00546875
1 0.55546875 0.5703125 0.00234375 0.00546875
1 0.5578125 0.57109375 0.00234375 0.00546875
1 0.559375 0.57265625 0.00234375 0.00625
1 0.5609375 0.57421875 0.00234375 0.00703125
1 0.56328125 0.57578125 0.003125 0.0078125
4 0.565625 0.57734375 0.003125 0.009375
4 0.56796875 0.5796875 0.00390625 0.01015625
4 0.57265625 0.5828125 0.00546875 0.01171875
4 0.57734375 0.58671875 0.00625 0.01328125
4 0.5828125 0.5921875 0.00625 0.01484375
4 0.59296875 0.60078125 0.00859375 0.01875
4 0.60703125 0.61328125 0.01015625 0.0234375
4 0.63203125 0.63359375 0.0171875 0.0328125
4 0.67890625 0.675 0.025 0.05234375
7 0.5375 0.56796875 0.003125 0.00546875
7 0.5625 0.56796875 0.003125 0.00546875
1 0.571875 0.56796875 0.00234375 0.00546875
1 0.603125 0.5671875 0.00234375 0.00546875
7 0.59375 0.56640625 0.003125 0.00546875
7 0.63203125 0.565625 0.00234375 0.0046875
1 0.63984375 0.56640625 0.003125 0.00546875
1 0.6796875 0.565625 0.00234375 0.0046875
7 0.67421875 0.565625 0.00234375 0.0046875
7 0.7125 0.565625 0.003125 0.0046875
1 0.721875 0.565625 0.003125 0.00546875
1 0.77109375 0.565625 0.003125 0.0046875
7 0.75234375 0.56484375 0.003125 0.00546875
7 0.7875 0.5640625 0.003125 0.0046875
4 0.790625 0.56484375 0.003125 0.00625
4 0.825 0.56328125 0.003125 0.00625