2 0.20625 0.62578125 0.016796875 0.030078125
2 0.2703125 0.609375 0.01328125 0.024609375
4 0.29921875 0.62421875 0.014453125 0.023046875
4 0.35234375 0.62890625 0.01953125 0.030078125
4 0.39609375 0.6421875 0.0203125 0.03828125
4 0.37890625 0.70546875 0.03828125 0.065625
7 0.3765625 0.603125 0.01015625 0.01796875
7 0.478125 0.59765625 0.013671875 0.02109375
7 0.62109375 0.584375 0.01171875 0.02421875
7 0.70078125 0.59296875 0.018359375 0.030859375
7 0.75703125 0.62890625 0.032421875 0.0484375
7 0.84453125 0.58828125 0.026171875 0.037890625
7 0.95859375 0.54765625 0.022265625 0.030859375