7 0.1234375 0.5578125 0.03203125 0.04765625
1 0.40234375 0.56328125 0.03046875 0.05
7 0.415625 0.4484375 0.00703125 0.01015625
7 0.43046875 0.45234375 0.00703125 0.01171875
1 0.47421875 0.44765625 0.00625 0.00859375
7 0.475 0.44453125 0.0046875 0.00859375
7 0.50859375 0.49609375 0.015625 0.028125
1 0.4984375 0.45078125 0.00546875 0.01015625
7 0.5359375 0.45625 0.0078125 0.0140625
7 0.5515625 0.4421875 0.00546875 0.00859375
1 0.57109375 0.44296875 0.00546875 0.00859375
1 0.5796875 0.453125 0.00703125 0.0125
4 0.61875 0.44296875 0.0046875 0.0109375
4 0.62421875 0.440625 0.00390625 0.009375
7 0.64375 0.4578125 0.009375 0.01484375
7 0.675 0.48203125 0.0140625 0.02109375
1 0.6796875 0.50859375 0.01953125 0.03046875
1 0.6984375 0.45546875 0.00859375 0.0125
7 0.721875 0.4609375 0.009375 0.015625
7 0.74609375 0.4734375 0.0125 0.0203125
7 0.76484375 0.46640625 0.01015625 0.0171875
1 0.81328125 0.459375 0.00859375 0.01484375
1 0.86484375 0.484375 0.01484375 0.02265625
1 0.89375 0.47109375 0.015625 0.0140625
1 0.50703125 0.44453125 0.0046875 0.00859375