7 0.10703125 0.4203125 0.0234375 0.03515625
7 0.26640625 0.49375 0.012109375 0.023046875
1 0.309375 0.56171875 0.044140625 0.078515625
1 0.3796875 0.5125 0.025 0.04765625
1 0.4078125 0.4984375 0.0109375 0.021484375
4 0.4171875 0.49921875 0.01875 0.033203125
7 0.453125 0.49921875 0.01171875 0.025
7 0.51171875 0.50234375 0.0125 0.029296875
4 0.51875 0.5046875 0.0203125 0.040234375
1 0.55546875 0.53203125 0.02578125 0.052734375
1 0.60234375 0.5046875 0.012109375 0.023046875
2 0.6859375 0.5109375 0.03515625 0.071875
2 0.7484375 0.59765625 0.079296875 0.153515625
4 0.7296875 0.41640625 0.019921875 0.0390625
1 0.32578125 0.73203125 0.1125 0.1875