4 0.80390625 0.6953125 0.2015625 0.308984375
1 0.5625 0.5125 0.067578125 0.122265625
4 0.59296875 0.4359375 0.038671875 0.061328125
1 0.57890625 0.41875 0.019140625 0.046484375
1 0.5765625 0.4078125 0.0140625 0.037109375
1 0.5921875 0.396875 0.0125 0.028125
2 0.62578125 0.38125 0.019921875 0.04140625
2 0.48125 0.38828125 0.015625 0.03671875
1 0.43671875 0.40234375 0.01484375 0.026953125
1 0.3890625 0.41328125 0.01640625 0.03203125
7 0.36171875 0.425 0.025390625 0.041796875
7 0.30390625 0.4453125 0.039453125 0.05625
7 0.2296875 0.48515625 0.058203125 0.0859375