7 0.16171875 0.5546875 0.12109375 0.178515625
7 0.28984375 0.46328125 0.059375 0.088671875
4 0.45 0.428125 0.0390625 0.062890625
7 0.6046875 0.4078125 0.023828125 0.047265625
7 0.6765625 0.3984375 0.01875 0.03984375
7 0.7375 0.3921875 0.01640625 0.034375
1 0.78125 0.38671875 0.01640625 0.0296875
1 0.8484375 0.3828125 0.013671875 0.025390625
4 0.88984375 0.41328125 0.033203125 0.05625
1 0.74609375 0.43515625 0.04375 0.071875
4 0.69375 0.4671875 0.05703125 0.0984375
7 0.79765625 0.57578125 0.109765625 0.20546875