2 0.6125 0.6484375 0.018359375 0.040625
1 0.59140625 0.64453125 0.009375 0.020703125
1 0.56015625 0.63671875 0.008984375 0.0171875
7 0.52421875 0.63203125 0.008984375 0.017578125
7 0.5015625 0.628125 0.00859375 0.015625
7 0.47265625 0.62578125 0.00859375 0.014453125
1 0.46640625 0.65078125 0.007421875 0.0203125
2 0.46015625 0.65625 0.015625 0.040625
1 0.44921875 0.6421875 0.009765625 0.01875
1 0.434375 0.6375 0.0078125 0.01796875
4 0.446875 0.621875 0.006640625 0.012890625
4 0.42109375 0.63359375 0.009375 0.014453125
7 0.42109375 0.62109375 0.005078125 0.011328125
1 0.41171875 0.628125 0.00625 0.012890625
4 0.39140625 0.6265625 0.0078125 0.015234375
7 0.3859375 0.62265625 0.005859375 0.013671875
7 0.35859375 0.6265625 0.005078125 0.012890625