7 0.73046875 0.4921875 0.05546875 0.09296875
1 0.5328125 0.446875 0.00859375 0.025
4 0.45703125 0.45078125 0.01640625 0.03515625
2 0.4734375 0.4484375 0.00546875 0.02109375
4 0.4171875 0.4453125 0.0125 0.028125
2 0.35703125 0.44375 0.01015625 0.03125
7 0.32890625 0.453125 0.01640625 0.03671875
7 0.290625 0.465625 0.0265625 0.05234375
1 0.159375 0.5078125 0.05234375 0.09609375
1 0.09765625 0.4609375 0.015625 0.0421875
7 0.85703125 0.3546875 0.02734375 0.053125
7 0.809375 0.340625 0.02265625 0.040625
4 0.309375 0.38125 0.0078125 0.02421875