1 0.59375 0.55078125 0.00546875 0.0203125
2 0.5890625 0.57265625 0.01640625 0.042578125
1 0.521875 0.54921875 0.01015625 0.017578125
1 0.5125 0.56953125 0.010546875 0.023046875
7 0.45859375 0.54765625 0.0109375 0.0203125
1 0.4390625 0.565625 0.012109375 0.022265625
7 0.4078125 0.54765625 0.01015625 0.0171875
1 0.384375 0.56328125 0.009765625 0.021875
7 0.34921875 0.5484375 0.008984375 0.01640625
4 0.33671875 0.56171875 0.009375 0.0203125
4 0.28828125 0.54765625 0.009375 0.015625
1 0.2796875 0.559375 0.008984375 0.018359375
7 0.23515625 0.55 0.008203125 0.015625
4 0.23046875 0.5609375 0.009765625 0.018359375
7 0.18125 0.55546875 0.009765625 0.0171875
7 0.1703125 0.5640625 0.01015625 0.01640625