1 0.42421875 0.71015625 0.0890625 0.162890625
1 0.44296875 0.45 0.044140625 0.08125
1 0.4296875 0.37265625 0.034375 0.05859375
4 0.4171875 0.33125 0.01875 0.04375
7 0.33828125 0.265625 0.01328125 0.028125
4 0.39453125 0.278125 0.01640625 0.029296875
7 0.40859375 0.259375 0.011328125 0.025
1 0.42734375 0.29609375 0.0171875 0.03515625
7 0.47265625 0.2671875 0.011328125 0.025
4 0.52109375 0.2828125 0.01328125 0.028125
7 0.56953125 0.31171875 0.01640625 0.035546875
7 0.6453125 0.35 0.025390625 0.0453125
7 0.725 0.40390625 0.02890625 0.05859375
1 0.89921875 0.5328125 0.021484375 0.046484375