4 0.4703125 0.53125 0.00390625 0.012109375
1 0.46328125 0.53671875 0.005078125 0.014453125
1 0.46015625 0.5453125 0.008984375 0.015625
1 0.4546875 0.5546875 0.007421875 0.01640625
7 0.446875 0.54765625 0.005859375 0.014453125
1 0.44609375 0.5625 0.0078125 0.01875
4 0.4375 0.56328125 0.007421875 0.017578125
1 0.4375 0.57578125 0.00703125 0.020703125
1 0.434375 0.5859375 0.010546875 0.021875
2 0.4265625 0.58828125 0.01640625 0.0421875
4 0.59921875 0.515625 0.005859375 0.01328125
7 0.60703125 0.52265625 0.008203125 0.015625
7 0.61875 0.52734375 0.010546875 0.01796875
7 0.628125 0.5328125 0.009765625 0.02109375
7 0.64453125 0.53828125 0.012890625 0.021484375
7 0.6578125 0.5484375 0.01171875 0.025
2 0.7125 0.56796875 0.019140625 0.045703125