0 0.6001157407407407 0.68828125 0.056712962962962965 0.2859375
0 0.6909722222222222 0.43828125 0.033950617283950615 0.1765625
0 0.7158564814814815 0.3359375 0.02353395061728395 0.13125
0 0.7289737654320988 0.25859375 0.01890432098765432 0.0984375
0 0.7407407407407407 0.18828125 0.013117283950617283 0.0671875
0 0.7833719135802469 0.14609375 0.010416666666666666 0.0515625
0 0.8657407407407407 0.1203125 0.008487654320987654 0.04375
0 0.9791666666666666 0.10078125 0.009259259259259259 0.0421875
4 0.9955632716049383 0.1453125 0.008873456790123456 0.0625
4 0.9942129629629629 0.1765625 0.011574074074074073 0.078125
3 0.9820601851851852 0.053125 0.003472222222222222 0.021875
3 0.8846450617283951 0.06171875 0.0038580246913580245 0.0203125
3 0.8153935185185185 0.06328125 0.003472222222222222 0.0140625