2 0.9191743827160493 0.071875 0.009645061728395061 0.040625
2 0.8748070987654321 0.146875 0.013503086419753086 0.06875
2 0.9035493827160493 0.1 0.012345679012345678 0.05
2 0.8182870370370371 0.2421875 0.021604938271604937 0.109375
2 0.7638888888888888 0.3328125 0.029320987654320986 0.146875
2 0.7357253086419753 0.32734375 0.027777777777777776 0.1390625
2 0.9440586419753086 0.03203125 0.004629629629629629 0.0265625
2 0.6294367283950617 0.5578125 0.05131172839506173 0.240625
2 0.9378858024691358 0.040625 0.005401234567901234 0.028125
2 0.9297839506172839 0.05390625 0.007716049382716049 0.0328125
2 0.9486882716049383 0.02734375 0.0030864197530864196 0.0203125
2 0.9538966049382716 0.01484375 0.002700617283950617 0.0171875
2 0.9502314814814815 0.01953125 0.0038580246913580245 0.0203125
2 0.9565972222222222 0.01171875 0.0019290123456790122 0.0171875
2 0.9587191358024691 0.00859375 0.0023148148148148147 0.0140625