0 0.30632716049382713 0.27421875 0.020833333333333332 0.0890625
0 0.6402391975308642 0.26953125 0.011188271604938271 0.0578125
4 0.4683641975308642 0.49140625 0.033950617283950615 0.1734375
4 0.8362268518518519 0.29140625 0.009645061728395061 0.0453125
0 0.9074074074074074 0.2953125 0.007716049382716049 0.040625
0 0.7891589506172839 0.296875 0.010416666666666666 0.053125
0 0.06828703703703703 0.38203125 0.040123456790123455 0.1609375
0 0.47665895061728397 0.25625 0.01427469135802469 0.06875
0 0.9481095679012346 0.31953125 0.008873456790123456 0.0453125
4 0.8751929012345679 0.3484375 0.01273148148148148 0.065625
4 0.5304783950617284 0.3640625 0.023919753086419752 0.1125
2 0.5709876543209876 0.2171875 0.008487654320987654 0.04375
0 0.9469521604938271 0.290625 0.006558641975308642 0.03125
2 0.6280864197530864 0.21953125 0.008487654320987654 0.0390625
4 0.6246141975308642 0.32734375 0.017746913580246913 0.0828125
4 0.8773148148148148 0.26484375 0.006944444444444444 0.0296875
4 0.8047839506172839 0.2640625 0.008487654320987654 0.0375
4 0.7405478395061729 0.3265625 0.015817901234567902 0.071875
2 0.7258873456790124 0.25390625 0.008873456790123456 0.0421875
4 0.953125 0.28125 0.0073302469135802465 0.03125
2 0.673804012345679 0.253125 0.010416666666666666 0.046875
4 0.8248456790123457 0.2578125 0.007716049382716049 0.03125
0 0.9122299382716049 0.2859375 0.006558641975308642 0.0375
4 0.5783179012345679 0.89765625 0.029320987654320986 0.2046875