0 0.5034722222222222 0.2515625 0.017746913580246913 0.084375
4 0.8204089506172839 0.178125 0.011188271604938271 0.071875
0 0.6103395061728395 0.184375 0.010802469135802469 0.0625
0 0.4756944444444444 0.384375 0.02700617283950617 0.140625
0 0.9253472222222222 0.09140625 0.008101851851851851 0.0421875
0 0.44521604938271603 0.53359375 0.043209876543209874 0.2046875
0 0.8042052469135802 0.1140625 0.008101851851851851 0.04375
4 0.9018132716049383 0.303125 0.03202160493827161 0.13125
4 0.8157793209876543 0.22890625 0.02044753086419753 0.0953125
0 0.6977237654320988 0.14375 0.008873456790123456 0.05
4 0.939429012345679 0.121875 0.012345679012345678 0.05625
4 0.8645833333333334 0.1453125 0.013888888888888888 0.0625
0 0.22260802469135801 0.86796875 0.04552469135802469 0.2609375