0 0.8447145061728395 0.16171875 0.009645061728395061 0.0546875
0 0.9490740740740741 0.1390625 0.010802469135802469 0.05
4 0.9695216049382716 0.26015625 0.024691358024691357 0.1046875
0 0.5748456790123457 0.44765625 0.029320987654320986 0.1671875
0 0.14506172839506173 0.2265625 0.006172839506172839 0.03125
0 0.7255015432098766 0.2 0.011959876543209876 0.0625
0 0.6383101851851852 0.2734375 0.017361111111111112 0.090625
0 0.02199074074074074 0.25078125 0.006944444444444444 0.0359375
4 0.12287808641975309 0.20625 0.005787037037037037 0.028125
0 0.2355324074074074 0.1984375 0.005787037037037037 0.03125
4 0.2038966049382716 0.121875 0.002700617283950617 0.015625
0 0.36863425925925924 0.146875 0.003472222222222222 0.021875
4 0.15104166666666666 0.13359375 0.003472222222222222 0.0171875
4 0.2511574074074074 0.1671875 0.004629629629629629 0.025
0 0.38445216049382713 0.11015625 0.002700617283950617 0.0171875
0 0.35165895061728397 0.10546875 0.0019290123456790122 0.0140625
4 0.024112654320987654 0.2203125 0.005787037037037037 0.028125
4 0.30439814814814814 0.11171875 0.0023148148148148147 0.0140625
0 0.3869598765432099 0.13359375 0.0030864197530864196 0.0171875
4 0.04031635802469136 0.1546875 0.003472222222222222 0.01875
0 0.02199074074074074 0.1515625 0.0030864197530864196 0.01875
4 0.3097993827160494 0.1375 0.0030864197530864196 0.01875
0 0.30343364197530864 0.1734375 0.004243827160493827 0.025
0 0.39776234567901236 0.11484375 0.0023148148148148147 0.0171875
4 0.28337191358024694 0.15078125 0.003472222222222222 0.0203125
4 0.19849537037037038 0.18828125 0.005787037037037037 0.0265625
0 0.37037037037037035 0.10703125 0.0023148148148148147 0.0171875
4 0.25771604938271603 0.11484375 0.0030864197530864196 0.0140625
4 0.32426697530864196 0.1265625 0.002700617283950617 0.015625
0 0.3082561728395062 0.10625 0.0023148148148148147 0.0125
0 0.3942901234567901 0.12265625 0.0030864197530864196 0.0171875
0 0.13290895061728394 0.13125 0.002700617283950617 0.015625
4 0.09683641975308642 0.14453125 0.0030864197530864196 0.0171875
0 0.3433641975308642 0.159375 0.0038580246913580245 0.021875
0 0.2681327160493827 0.10703125 0.0023148148148148147 0.0140625
4 0.32677469135802467 0.1171875 0.0023148148148148147 0.015625
0 0.17978395061728394 0.1203125 0.0030864197530864196 0.0125
0 0.07966820987654322 0.14140625 0.002700617283950617 0.0171875
0 0.21296296296296297 0.11328125 0.0023148148148148147 0.0140625
0 0.2322530864197531 0.11015625 0.0023148148148148147 0.0140625