4 0.6118827160493827 0.353125 0.018518518518518517 0.1
0 0.2795138888888889 0.43515625 0.03665123456790124 0.1671875
4 0.37808641975308643 0.30625 0.019290123456790122 0.1
0 0.767554012345679 0.5234375 0.03510802469135803 0.1625
4 0.7729552469135802 0.353125 0.016589506172839507 0.084375
4 0.21180555555555555 0.24609375 0.015432098765432098 0.0890625
4 0.8248456790123457 0.32578125 0.012345679012345678 0.0671875
2 0.5393518518518519 0.871875 0.035493827160493825 0.253125
0 0.11959876543209877 0.13046875 0.007716049382716049 0.0421875
1 0.14718364197530864 0.16953125 0.011188271604938271 0.1046875
2 0.0030864197530864196 0.0890625 0.005401234567901234 0.034375
1 0.16126543209876543 0.184375 0.017746913580246913 0.115625
2 0.010609567901234568 0.0765625 0.005015432098765432 0.028125
4 0.14969135802469136 0.19609375 0.009259259259259259 0.0671875
2 0.10416666666666667 0.10078125 0.006172839506172839 0.0328125
2 0.11342592592592593 0.11953125 0.007716049382716049 0.0390625
2 0.09702932098765432 0.08828125 0.003472222222222222 0.0265625
2 0.09104938271604938 0.07734375 0.0030864197530864196 0.0234375
2 0.06925154320987655 0.075 0.003472222222222222 0.025
2 0.043209876543209874 0.0703125 0.0030864197530864196 0.025
2 0.016589506172839507 0.0671875 0.0038580246913580245 0.025
4 0.21161265432098766 0.15390625 0.008873456790123456 0.0484375
0 0.2170138888888889 0.13125 0.006558641975308642 0.0375
4 0.2804783950617284 0.1515625 0.006944444444444444 0.040625
0 0.3221450617283951 0.13984375 0.005401234567901234 0.0328125
4 0.3587962962962963 0.1578125 0.006944444444444444 0.0375
0 0.43209876543209874 0.15703125 0.004629629629629629 0.0296875
4 0.4444444444444444 0.16953125 0.006172839506172839 0.0359375
4 0.5314429012345679 0.1859375 0.005787037037037037 0.034375
0 0.5418595679012346 0.178125 0.005787037037037037 0.03125
4 0.6134259259259259 0.2078125 0.006172839506172839 0.0375
0 0.6477623456790124 0.20390625 0.006172839506172839 0.0328125
4 0.689429012345679 0.23046875 0.007716049382716049 0.0421875
4 0.7588734567901234 0.2609375 0.007716049382716049 0.046875
0 0.7503858024691358 0.23515625 0.006944444444444444 0.0359375
4 0.8099922839506173 0.29296875 0.009645061728395061 0.0546875
0 0.8545524691358025 0.27578125 0.008487654320987654 0.0421875
0 0.9581404320987654 0.32890625 0.011959876543209876 0.0546875