0 0.7544367283950617 0.55078125 0.055169753086419755 0.2453125
3 0.005015432098765432 0.20703125 0.004629629629629629 0.0328125
3 0.07330246913580248 0.203125 0.006172839506172839 0.0375
3 0.16878858024691357 0.16328125 0.004243827160493827 0.0265625
3 0.19753086419753085 0.165625 0.0038580246913580245 0.03125
3 0.32426697530864196 0.1390625 0.003472222222222222 0.028125
3 0.32137345679012347 0.13046875 0.0030864197530864196 0.0265625
3 0.44405864197530864 0.12109375 0.0038580246913580245 0.0296875
3 0.466820987654321 0.10859375 0.0038580246913580245 0.0265625
3 0.560570987654321 0.11171875 0.004629629629629629 0.0328125
3 0.6126543209876543 0.096875 0.0038580246913580245 0.028125
3 0.6657021604938271 0.1140625 0.005015432098765432 0.0375
3 0.7328317901234568 0.09765625 0.005015432098765432 0.0328125
3 0.8042052469135802 0.11953125 0.006558641975308642 0.0453125
3 0.8578317901234568 0.09765625 0.005787037037037037 0.0390625