0 0.4876543209876543 0.48984375 0.02700617283950617 0.1140625
0 0.794945987654321 0.4328125 0.015046296296296295 0.08125
0 0.24807098765432098 0.6203125 0.043209876543209874 0.184375
0 0.9434799382716049 0.43984375 0.015046296296296295 0.0765625
0 0.6570216049382716 0.45078125 0.019290123456790122 0.0921875
4 0.8499228395061729 0.67109375 0.041666666666666664 0.1890625
2 0.9048996913580247 0.32734375 0.005015432098765432 0.0296875
2 0.8638117283950617 0.325 0.005401234567901234 0.028125
2 0.9473379629629629 0.33125 0.005787037037037037 0.028125
2 0.5150462962962963 0.30078125 0.004629629629629629 0.0234375
2 0.5540123456790124 0.2984375 0.004629629629629629 0.025
2 0.8221450617283951 0.31953125 0.004629629629629629 0.0296875
4 0.9909336419753086 0.5625 0.018132716049382717 0.13125
2 0.4816743827160494 0.29765625 0.004243827160493827 0.0265625
2 0.44155092592592593 0.296875 0.005015432098765432 0.028125
2 0.390625 0.2953125 0.005015432098765432 0.028125
2 0.41261574074074076 0.27578125 0.003472222222222222 0.0203125
2 0.2964891975308642 0.27109375 0.003472222222222222 0.0203125
0 0.30536265432098764 0.2671875 0.003472222222222222 0.01875
4 0.2586805555555556 0.26796875 0.003472222222222222 0.0234375
2 0.3449074074074074 0.2734375 0.0038580246913580245 0.021875
0 0.34992283950617287 0.2703125 0.0038580246913580245 0.021875
0 0.4037422839506173 0.27265625 0.003472222222222222 0.0203125
0 0.4386574074074074 0.27265625 0.0030864197530864196 0.0203125
4 0.4837962962962963 0.27265625 0.0030864197530864196 0.0171875