4 0.23746141975308643 0.2640625 0.015046296296296295 0.078125
4 0.2654320987654321 0.22890625 0.012345679012345678 0.0609375
0 0.04378858024691358 0.1953125 0.011959876543209876 0.059375
4 0.28703703703703703 0.365625 0.024691358024691357 0.11875
0 0.16126543209876543 0.184375 0.009259259259259259 0.046875
0 0.2820216049382716 0.15859375 0.006172839506172839 0.0328125
4 0.5109953703703703 0.771875 0.061342592592592594 0.29375
0 0.3254243827160494 0.15625 0.005015432098765432 0.028125
4 0.3331404320987654 0.2078125 0.009645061728395061 0.046875
4 0.3856095679012346 0.17578125 0.005787037037037037 0.0359375
0 0.24093364197530864 0.1703125 0.0073302469135802465 0.040625
0 0.3705632716049383 0.1515625 0.004243827160493827 0.025
4 0.3784722222222222 0.1921875 0.007716049382716049 0.040625
4 0.7737268518518519 0.190625 0.002700617283950617 0.01875
0 0.5005787037037037 0.140625 0.002700617283950617 0.01875
4 0.404320987654321 0.16328125 0.004629629629629629 0.0296875
0 0.4222608024691358 0.14765625 0.003472222222222222 0.0234375
4 0.44155092592592593 0.16484375 0.004243827160493827 0.0265625
0 0.44521604938271603 0.1421875 0.0030864197530864196 0.01875
0 0.47164351851851855 0.14140625 0.002700617283950617 0.0171875
4 0.48823302469135804 0.16171875 0.003472222222222222 0.0203125
0 0.7785493827160493 0.21875 0.005401234567901234 0.03125
4 0.7789351851851852 0.1875 0.0030864197530864196 0.01875
4 0.7905092592592593 0.18671875 0.0030864197530864196 0.0171875
4 0.7901234567901234 0.2375 0.007716049382716049 0.040625
0 0.8094135802469136 0.2046875 0.0030864197530864196 0.021875
0 0.8375771604938271 0.20625 0.0038580246913580245 0.021875
0 0.8422067901234568 0.2328125 0.006172839506172839 0.034375
0 0.8520447530864198 0.2046875 0.002700617283950617 0.01875
0 0.8564814814814815 0.20078125 0.0030864197530864196 0.0171875
0 0.8748070987654321 0.19921875 0.002700617283950617 0.0171875
4 0.9755015432098766 0.278125 0.011188271604938271 0.05
0 0.9629629629629629 0.25859375 0.008487654320987654 0.0390625
4 0.6813271604938271 0.18125 0.0030864197530864196 0.021875
4 0.5050154320987654 0.1578125 0.0030864197530864196 0.021875
4 0.5183256172839507 0.153125 0.002700617283950617 0.01875
0 0.7472993827160493 0.209375 0.005401234567901234 0.028125
0 0.7417052469135802 0.19609375 0.004243827160493827 0.0234375
0 0.7266589506172839 0.19921875 0.004243827160493827 0.0265625
4 0.7320601851851852 0.18671875 0.002700617283950617 0.0203125
4 0.6884645061728395 0.20625 0.005787037037037037 0.034375
4 0.6493055555555556 0.1921875 0.0038580246913580245 0.028125
4 0.6516203703703703 0.18359375 0.0023148148148148147 0.0234375