0 0.5524691358024691 0.27421875 0.016975308641975308 0.0984375
0 0.5868055555555556 0.390625 0.026234567901234566 0.15
0 0.4791666666666667 0.215625 0.012345679012345678 0.065625
0 0.32060185185185186 0.171875 0.006944444444444444 0.034375
0 0.4037422839506173 0.1921875 0.008873456790123456 0.05
4 0.6547067901234568 0.15703125 0.009259259259259259 0.0546875
4 0.5385802469135802 0.15078125 0.008487654320987654 0.0453125
0 0.4390432098765432 0.75546875 0.05169753086419753 0.3046875
0 0.35455246913580246 0.15234375 0.005401234567901234 0.0296875
4 0.45621141975308643 0.15 0.006558641975308642 0.0375
0 0.39351851851851855 0.1359375 0.004629629629629629 0.025
4 0.9427083333333334 0.0765625 0.005787037037037037 0.028125
4 0.4972993827160494 0.1171875 0.004629629629629629 0.028125
0 0.5106095679012346 0.10625 0.004243827160493827 0.021875
0 0.33352623456790126 0.1875 0.008101851851851851 0.040625
0 0.4444444444444444 0.11796875 0.0038580246913580245 0.0234375
4 0.5470679012345679 0.11015625 0.004629629629629629 0.0265625
0 0.7361111111111112 0.08515625 0.0038580246913580245 0.0234375
0 0.9942129629629629 0.059375 0.005401234567901234 0.028125
0 0.5808256172839507 0.1 0.003472222222222222 0.021875
4 0.8599537037037037 0.08203125 0.005401234567901234 0.0265625
4 0.8117283950617284 0.19296875 0.014660493827160493 0.0828125
4 0.4581404320987654 0.1359375 0.005787037037037037 0.03125
4 0.6950231481481481 0.09921875 0.004243827160493827 0.0234375
0 0.9112654320987654 0.0625 0.004629629629629629 0.025
4 0.7750771604938271 0.0921875 0.004629629629629629 0.025
4 0.621141975308642 0.103125 0.0038580246913580245 0.025
0 0.6556712962962963 0.09375 0.003472222222222222 0.021875
0 0.8148148148148148 0.075 0.0038580246913580245 0.021875