4 0.8913966049382716 0.1484375 0.016589506172839507 0.06875
2 0.7874228395061729 0.2 0.019290123456790122 0.0875
4 0.9162808641975309 0.08828125 0.010030864197530864 0.0453125
4 0.8707561728395061 0.11171875 0.011574074074074073 0.0515625
2 0.45447530864197533 0.2484375 0.020061728395061727 0.096875
2 0.7295524691358025 0.2859375 0.023919753086419752 0.121875
0 0.7669753086419753 0.57109375 0.05632716049382716 0.2671875
2 0.5671296296296297 0.1828125 0.015432098765432098 0.071875
3 0.26871141975308643 0.2296875 0.01427469135802469 0.06875
3 0.36651234567901236 0.1796875 0.012345679012345678 0.05625
3 0.13097993827160495 0.20234375 0.011959876543209876 0.0515625
3 0.05131172839506173 0.246875 0.015432098765432098 0.065625