4 0.017746913580246913 0.3828125 0.035493827160493825 0.13125
2 0.5140817901234568 0.1140625 0.0073302469135802465 0.040625
2 0.6194058641975309 0.10546875 0.0073302469135802465 0.0390625
2 0.4349922839506173 0.21328125 0.016589506172839507 0.0828125
2 0.2970679012345679 0.38046875 0.031635802469135804 0.1421875
0 0.7156635802469136 0.61953125 0.06172839506172839 0.2828125
2 0.6707175925925926 0.36953125 0.02970679012345679 0.1578125
2 0.4866898148148148 0.14765625 0.009645061728395061 0.0515625
2 0.6265432098765432 0.1359375 0.009259259259259259 0.053125
2 0.5871913580246914 0.1078125 0.006944444444444444 0.040625
2 0.5503472222222222 0.1109375 0.0073302469135802465 0.040625
2 0.6381172839506173 0.19765625 0.013888888888888888 0.0828125
4 0.13310185185185186 0.5921875 0.044753086419753084 0.240625