0 0.19791666666666666 0.2625 0.020833333333333332 0.115625
0 0.7986111111111112 0.196875 0.008487654320987654 0.05
0 0.49691358024691357 0.171875 0.010802469135802469 0.0625
0 0.6450617283950617 0.175 0.006944444444444444 0.05
0 0.35185185185185186 0.19453125 0.013888888888888888 0.0796875
0 0.9664351851851852 0.23125 0.010030864197530864 0.05
4 0.4832175925925926 0.33046875 0.02353395061728395 0.1265625
4 0.6213348765432098 0.2203125 0.01273148148148148 0.071875
4 0.7303240740740741 0.2171875 0.010802469135802469 0.0625
4 0.5515046296296297 0.5703125 0.047453703703703706 0.2375
2 0.05381944444444445 0.0890625 0.009645061728395061 0.053125
2 0.08680555555555555 0.128125 0.012345679012345678 0.065625
2 0.14795524691358025 0.203125 0.019675925925925927 0.09375
4 0.5341435185185185 0.25 0.015817901234567902 0.090625
4 0.8564814814814815 0.23359375 0.010030864197530864 0.0578125
2 0.03279320987654321 0.06171875 0.006944444444444444 0.0390625
1 0.9793595679012346 0.84609375 0.04050925925925926 0.3046875
4 0.9969135802469136 0.265625 0.005401234567901234 0.05
3 0.03125 0.03828125 0.0038580246913580245 0.0234375
3 0.47800925925925924 0.08203125 0.0030864197530864196 0.0203125
3 0.04070216049382716 0.0546875 0.004243827160493827 0.034375
3 0.0954861111111111 0.04765625 0.003472222222222222 0.0265625
3 0.1753472222222222 0.0515625 0.002700617283950617 0.01875
3 0.26697530864197533 0.05390625 0.0030864197530864196 0.0234375
3 0.35648148148148145 0.06484375 0.0030864197530864196 0.0234375
3 0.3707561728395062 0.06015625 0.0030864197530864196 0.0203125
3 0.4409722222222222 0.0796875 0.0038580246913580245 0.025
3 0.5104166666666666 0.09609375 0.0030864197530864196 0.0265625
3 0.5569058641975309 0.0984375 0.003472222222222222 0.025
3 0.5895061728395061 0.115625 0.0038580246913580245 0.03125
3 0.6304012345679012 0.1171875 0.0030864197530864196 0.025
3 0.25887345679012347 0.04765625 0.0023148148148148147 0.0234375
3 0.1427469135802469 0.03984375 0.0030864197530864196 0.0234375