0 0.4523533950617284 0.35625 0.025848765432098766 0.115625
0 0.3385416666666667 0.2515625 0.011959876543209876 0.065625
0 0.1267361111111111 0.246875 0.008873456790123456 0.046875
0 0.5040509259259259 0.528125 0.03896604938271605 0.19375
0 0.018132716049382717 0.2609375 0.008487654320987654 0.04375
0 0.2347608024691358 0.2421875 0.010416666666666666 0.053125
0 0.9293981481481481 0.09609375 0.006944444444444444 0.0328125
4 0.7912808641975309 0.11328125 0.006944444444444444 0.0328125
4 0.6186342592592593 0.20546875 0.017361111111111112 0.0671875
4 0.1232638888888889 0.20625 0.006558641975308642 0.03125
4 0.8055555555555556 0.278125 0.02700617283950617 0.109375
4 0.2322530864197531 0.203125 0.005401234567901234 0.0375
4 0.7351466049382716 0.11171875 0.005787037037037037 0.0296875
4 0.9054783950617284 0.12421875 0.009259259259259259 0.0421875
0 0.026041666666666668 0.21875 0.005787037037037037 0.028125
4 0.3462577160493827 0.19140625 0.008873456790123456 0.0421875
0 0.8740354938271605 0.08984375 0.005787037037037037 0.0296875
4 0.47588734567901236 0.19140625 0.011959876543209876 0.0515625
0 0.41338734567901236 0.27890625 0.015046296296296295 0.0828125
4 0.15084876543209877 0.1890625 0.005401234567901234 0.028125
4 0.13734567901234568 0.21484375 0.008487654320987654 0.0359375
4 0.8487654320987654 0.1203125 0.007716049382716049 0.0375
0 0.078125 0.19765625 0.005015432098765432 0.0265625
4 0.19328703703703703 0.18046875 0.004629629629629629 0.0234375
4 0.5152391975308642 0.128125 0.003472222222222222 0.021875
4 0.5810185185185185 0.12265625 0.0038580246913580245 0.0234375
0 0.21354166666666666 0.171875 0.004243827160493827 0.021875
4 0.32272376543209874 0.16171875 0.004243827160493827 0.0234375
0 0.28260030864197533 0.1609375 0.002700617283950617 0.01875
4 0.3896604938271605 0.15 0.0038580246913580245 0.021875
4 0.25829475308641975 0.1703125 0.004243827160493827 0.021875
0 0.48977623456790126 0.12109375 0.002700617283950617 0.0171875
0 0.7015817901234568 0.10234375 0.004243827160493827 0.0234375
0 0.7667824074074074 0.096875 0.004243827160493827 0.025
4 0.45601851851851855 0.1375 0.0038580246913580245 0.021875
4 0.6576003086419753 0.11640625 0.005015432098765432 0.0265625
0 0.544945987654321 0.11484375 0.003472222222222222 0.0203125
0 0.6134259259259259 0.109375 0.0038580246913580245 0.021875
0 0.4176311728395062 0.1359375 0.003472222222222222 0.01875
0 0.35320216049382713 0.1484375 0.003472222222222222 0.01875
0 0.14525462962962962 0.18203125 0.004243827160493827 0.0203125
0 0.6552854938271605 0.10625 0.0019290123456790122 0.025