0 0.2347608024691358 0.290625 0.01890432098765432 0.1
0 0.4224537037037037 0.25078125 0.013117283950617283 0.0734375
0 0.5829475308641975 0.25 0.010802469135802469 0.05625
0 0.7349537037037037 0.26875 0.010030864197530864 0.053125
4 0.5779320987654321 0.3171875 0.015432098765432098 0.084375
0 0.8931327160493827 0.30390625 0.009259259259259259 0.0515625
4 0.6892361111111112 0.303125 0.01427469135802469 0.06875
4 0.48919753086419754 0.375 0.022376543209876542 0.11875
4 0.8103780864197531 0.315625 0.011959876543209876 0.0625
4 0.9461805555555556 0.34609375 0.013503086419753086 0.0640625
4 0.46315586419753085 0.55859375 0.03510802469135803 0.2015625