0 0.41435185185185186 0.4609375 0.020061728395061727 0.109375
4 0.6684027777777778 0.4609375 0.02044753086419753 0.1
4 0.5989583333333334 0.3609375 0.009645061728395061 0.05625
4 0.7739197530864198 0.63046875 0.03935185185185185 0.1828125
4 0.6323302469135802 0.396875 0.013888888888888888 0.071875
0 0.3119212962962963 0.61640625 0.03279320987654321 0.1796875
0 0.07368827160493827 0.39921875 0.013888888888888888 0.0671875
0 0.4506172839506173 0.396875 0.013117283950617283 0.075
0 0.3722993827160494 0.3546875 0.010030864197530864 0.053125
0 0.23958333333333334 0.37421875 0.010802469135802469 0.0546875
4 0.2681327160493827 0.3484375 0.008487654320987654 0.046875
4 0.1398533950617284 0.36953125 0.010416666666666666 0.0515625
0 0.44733796296296297 0.36484375 0.009645061728395061 0.0578125
4 0.5077160493827161 0.3328125 0.007716049382716049 0.046875
4 0.39891975308641975 0.3328125 0.007716049382716049 0.04375