0 0.9185956790123457 0.32109375 0.029320987654320986 0.1265625
0 0.5788966049382716 0.5703125 0.052083333333333336 0.234375
4 0.5109953703703703 0.1234375 0.003472222222222222 0.021875
4 0.4182098765432099 0.1328125 0.0030864197530864196 0.01875
4 0.47357253086419754 0.0984375 0.0019290123456790122 0.0125
4 0.9392361111111112 0.03203125 0.002700617283950617 0.0171875
4 0.9818672839506173 0.0125 0.0030864197530864196 0.015625
4 0.5825617283950617 0.11171875 0.0038580246913580245 0.0203125
0 0.6030092592592593 0.0953125 0.0030864197530864196 0.01875
4 0.42920524691358025 0.14453125 0.003472222222222222 0.0234375
4 0.9774305555555556 0.02265625 0.002700617283950617 0.0140625
4 0.45775462962962965 0.12734375 0.003472222222222222 0.0203125
4 0.5013503086419753 0.11875 0.003472222222222222 0.01875
4 0.9612268518518519 0.0171875 0.002700617283950617 0.0125
0 0.9344135802469136 0.02578125 0.0023148148148148147 0.0140625
4 0.9743441358024691 0.03984375 0.003472222222222222 0.0203125
4 0.5497685185185185 0.1078125 0.0030864197530864196 0.01875
0 0.4672067901234568 0.10390625 0.0023148148148148147 0.0140625
4 0.9340277777777778 0.0109375 0.0023148148148148147 0.0125
0 0.9303626543209876 0.0296875 0.0019290123456790122 0.0125