4 0.5455246913580247 0.3515625 0.015432098765432098 0.090625
0 0.3697916666666667 0.26796875 0.01427469135802469 0.0734375
0 0.1736111111111111 0.3078125 0.02546296296296296 0.115625
4 0.7814429012345679 0.35390625 0.011959876543209876 0.0640625
0 0.5399305555555556 0.2734375 0.010416666666666666 0.059375
4 0.919945987654321 0.390625 0.013503086419753086 0.0625
0 0.8238811728395061 0.3125 0.0073302469135802465 0.040625
4 0.6558641975308642 0.33828125 0.012345679012345678 0.0703125
2 0.566358024691358 0.25234375 0.008487654320987654 0.0484375
0 0.6871141975308642 0.2984375 0.008487654320987654 0.05
0 0.7826003086419753 0.28828125 0.005787037037037037 0.0328125
0 0.9319058641975309 0.36171875 0.008873456790123456 0.0484375
4 0.7249228395061729 0.28828125 0.008487654320987654 0.0453125
0 0.9913194444444444 0.3296875 0.005015432098765432 0.028125
2 0.6138117283950617 0.25 0.007716049382716049 0.04375
4 0.7015817901234568 0.25 0.005015432098765432 0.03125
2 0.511766975308642 0.2125 0.005787037037037037 0.0375
4 0.43344907407407407 0.64453125 0.04205246913580247 0.2359375
4 0.46064814814814814 0.415625 0.022376543209876542 0.13125
0 0.9174382716049383 0.30546875 0.005401234567901234 0.0296875
4 0.8900462962962963 0.29140625 0.004629629629629629 0.0265625
0 0.8566743827160493 0.28984375 0.005015432098765432 0.0265625
2 0.4548611111111111 0.2109375 0.006944444444444444 0.04375
3 0.3566743827160494 0.1796875 0.004243827160493827 0.03125
4 0.6869212962962963 0.25859375 0.005787037037037037 0.0359375
4 0.7459490740740741 0.2546875 0.005015432098765432 0.028125
0 0.8099922839506173 0.2796875 0.005015432098765432 0.028125
3 0.2569444444444444 0.13828125 0.0038580246913580245 0.0265625
4 0.9845679012345679 0.3203125 0.004629629629629629 0.025
3 0.40065586419753085 0.17890625 0.003472222222222222 0.0265625
3 0.2337962962962963 0.14609375 0.004629629629629629 0.0296875
3 0.0626929012345679 0.09921875 0.005015432098765432 0.0296875
3 0.08101851851851852 0.11484375 0.004629629629629629 0.0296875
4 0.8115354938271605 0.2703125 0.002700617283950617 0.025