0 0.6361882716049383 0.25703125 0.016203703703703703 0.0828125
0 0.9135802469135802 0.13828125 0.009259259259259259 0.0453125
0 0.8182870370370371 0.16015625 0.009259259259259259 0.0515625
0 0.5987654320987654 0.39609375 0.027777777777777776 0.1421875
0 0.7094907407407407 0.19375 0.010802469135802469 0.059375
4 0.9322916666666666 0.23984375 0.01890432098765432 0.0921875
4 0.9918981481481481 0.18671875 0.015432098765432098 0.0734375
0 0.22492283950617284 0.20234375 0.006172839506172839 0.0296875
0 0.01273148148148148 0.253125 0.007716049382716049 0.034375
4 0.18595679012345678 0.19140625 0.005401234567901234 0.0265625
4 0.2673611111111111 0.1546875 0.0038580246913580245 0.021875
0 0.36921296296296297 0.1375 0.0030864197530864196 0.01875
0 0.3285108024691358 0.16171875 0.004243827160493827 0.0234375
0 0.35204475308641975 0.15 0.003472222222222222 0.021875
4 0.11149691358024691 0.209375 0.006944444444444444 0.028125
4 0.009837962962962963 0.2234375 0.005015432098765432 0.03125
4 0.18344907407407407 0.128125 0.002700617283950617 0.015625
0 0.29012345679012347 0.17734375 0.004629629629629629 0.0234375
4 0.2368827160493827 0.17109375 0.004629629629629629 0.0234375
4 0.017361111111111112 0.159375 0.0038580246913580245 0.01875
0 0.13638117283950618 0.22890625 0.006558641975308642 0.0328125
0 0.2330246913580247 0.8921875 0.033179012345679014 0.2125
4 0.2924382716049383 0.1421875 0.0030864197530864196 0.01875