4 0.7958333333333333 0.5992647058823529 0.036458333333333336 0.07720588235294118
4 0.6541666666666667 0.5165441176470589 0.016666666666666666 0.04044117647058824
4 0.6057291666666667 0.49080882352941174 0.010416666666666666 0.025735294117647058
4 0.58359375 0.4774816176470588 0.0078125 0.019301470588235295
4 0.5716145833333334 0.4710477941176471 0.005729166666666666 0.015625
4 0.33229166666666665 0.5294117647058824 0.013541666666666667 0.03308823529411765
4 0.115625 0.5643382352941176 0.01875 0.04044117647058824
4 0.5627604166666667 0.4678308823529412 0.005729166666666666 0.012867647058823529
0 0.05546875 0.5477941176470589 0.0140625 0.027573529411764705
0 0.26145833333333335 0.5165441176470589 0.010416666666666666 0.02389705882352941
0 0.2598958333333333 0.6360294117647058 0.03229166666666667 0.07352941176470588
0 0.37395833333333334 0.5496323529411765 0.015625 0.03860294117647059
0 0.4197916666666667 0.5105698529411765 0.009375 0.021139705882352942
0 0.43776041666666665 0.4921875 0.0067708333333333336 0.015625
0 0.45 0.4820772058823529 0.005208333333333333 0.013786764705882353
0 0.4583333333333333 0.4742647058823529 0.004166666666666667 0.011029411764705883
4 0.5541666666666667 0.46369485294117646 0.004166666666666667 0.011948529411764705
0 0.46536458333333336 0.47012867647058826 0.0036458333333333334 0.011948529411764705
4 0.5481770833333334 0.4586397058823529 0.0036458333333333334 0.011029411764705883