1 0.03828125 0.6138888888888889 0.0234375 0.07222222222222222
1 0.065234375 0.6111111111111112 0.02265625 0.06944444444444445
1 0.303515625 0.5854166666666667 0.01953125 0.059722222222222225
1 0.321875 0.5847222222222223 0.01875 0.058333333333333334
4 0.24375 0.5791666666666667 0.0125 0.030555555555555555
4 0.357421875 0.6222222222222222 0.02265625 0.05
4 0.58203125 0.7347222222222223 0.0453125 0.10277777777777777
0 0.01875 0.66875 0.028125 0.0625
4 0.16015625 0.5618055555555556 0.009375 0.020833333333333332
4 0.221875 0.5666666666666667 0.009375 0.022222222222222223
0 0.072265625 0.5791666666666667 0.01015625 0.025
0 0.0296875 0.5722222222222222 0.0078125 0.022222222222222223
4 0.075 0.5604166666666667 0.0078125 0.015277777777777777
0 0.0734375 0.5506944444444445 0.0046875 0.0125
4 0.02421875 0.5631944444444444 0.0046875 0.020833333333333332
4 0.154296875 0.5465277777777777 0.00546875 0.018055555555555554