2 0.415625 0.5472222222222223 0.00625 0.018518518518518517
0 0.515625 0.55 0.00625 0.018518518518518517
4 0.340625 0.5509259259259259 0.008333333333333333 0.018518518518518517
2 0.2953125 0.5564814814814815 0.009375 0.020370370370370372
2 0.5453125 0.5592592592592592 0.008333333333333333 0.020370370370370372
0 0.5072916666666667 0.562962962962963 0.010416666666666666 0.020370370370370372
4 0.428125 0.5666666666666667 0.009375 0.022222222222222223
2 0.740625 0.5675925925925925 0.008333333333333333 0.022222222222222223
0 0.528125 0.5722222222222222 0.008333333333333333 0.024074074074074074
2 0.60625 0.5768518518518518 0.010416666666666666 0.025925925925925925
0 0.36875 0.5796296296296296 0.011458333333333333 0.025925925925925925
2 0.46041666666666664 0.5814814814814815 0.013541666666666667 0.025925925925925925
1 0.62109375 0.5916666666666667 0.008854166666666666 0.037037037037037035
2 0.7822916666666667 0.587037037037037 0.0125 0.02962962962962963
4 0.715625 0.5925925925925926 0.014583333333333334 0.02962962962962963
0 0.4856770833333333 0.5935185185185186 0.0140625 0.02962962962962963
1 0.6036458333333333 0.5944444444444444 0.01875 0.05185185185185185
4 0.9260416666666667 0.6027777777777777 0.016666666666666666 0.03333333333333333
2 0.4583333333333333 0.6027777777777777 0.014583333333333334 0.02962962962962963
2 0.7473958333333334 0.6055555555555555 0.015625 0.037037037037037035
4 0.5354166666666667 0.6074074074074074 0.016666666666666666 0.037037037037037035
2 0.440625 0.6129629629629629 0.014583333333333334 0.03888888888888889
2 0.6854166666666667 0.6175925925925926 0.016666666666666666 0.03888888888888889
1 0.6020833333333333 0.6185185185185185 0.025 0.07407407407407407
0 0.8958333333333334 0.6277777777777778 0.01875 0.044444444444444446
2 0.42994791666666665 0.6310185185185185 0.0171875 0.04537037037037037
1 0.25625 0.6398148148148148 0.03125 0.08703703703703704
0 0.396875 0.6606481481481481 0.013541666666666667 0.05462962962962963
0 0.4864583333333333 0.6611111111111111 0.026041666666666668 0.05555555555555555
4 0.9583333333333334 0.6648148148148149 0.027083333333333334 0.05925925925925926
2 0.7010416666666667 0.6648148148148149 0.026041666666666668 0.05555555555555555
1 0.7416666666666667 0.6736111111111112 0.03958333333333333 0.11018518518518519
2 0.83125 0.6888888888888889 0.03333333333333333 0.06666666666666667
0 0.31979166666666664 0.6962962962962963 0.03333333333333333 0.06666666666666667
2 0.37864583333333335 0.7018518518518518 0.029166666666666667 0.07037037037037037
0 0.778125 0.7027777777777777 0.020833333333333332 0.06851851851851852
2 0.76875 0.7296296296296296 0.03958333333333333 0.08148148148148149
2 0.4979166666666667 0.7648148148148148 0.036458333333333336 0.0962962962962963
4 0.7390625 0.8009259259259259 0.06145833333333333 0.08333333333333333
0 0.5208333333333334 0.5421296296296296 0.00625 0.01574074074074074
0 0.5268229166666667 0.5351851851851852 0.0046875 0.012962962962962963
0 0.5302083333333333 0.5296296296296297 0.004166666666666667 0.011111111111111112
0 0.534375 0.525 0.004166666666666667 0.009259259259259259
4 0.6052083333333333 0.5268518518518519 0.004166666666666667 0.009259259259259259
4 0.60234375 0.5226851851851851 0.0026041666666666665 0.008333333333333333