0 0.994921875 0.5277777777777778 0.01015625 0.019444444444444445
4 0.91875 0.5222222222222223 0.009375 0.019444444444444445
4 0.8203125 0.5333333333333333 0.0078125 0.016666666666666666
0 0.8515625 0.5416666666666666 0.009375 0.022222222222222223
4 0.6890625 0.5472222222222223 0.00625 0.016666666666666666
0 0.75078125 0.5513888888888889 0.0078125 0.019444444444444445
4 0.44765625 0.5666666666666667 0.0078125 0.022222222222222223
4 0.35 0.5736111111111111 0.0078125 0.019444444444444445
4 0.209375 0.5847222222222223 0.0078125 0.019444444444444445
0 0.46875 0.575 0.00625 0.022222222222222223
4 0.096875 0.5972222222222222 0.0078125 0.019444444444444445
0 0.3265625 0.5881944444444445 0.009375 0.020833333333333332
0 0.18203125 0.6 0.009375 0.022222222222222223
0 0.0125 0.6243055555555556 0.0125 0.02638888888888889
0 0.084765625 0.6090277777777777 0.00859375 0.02361111111111111
0 0.8296875 0.6701388888888888 0.03125 0.07083333333333333
0 0.4875 0.7208333333333333 0.0375 0.08333333333333333
0 0.1421875 0.875 0.078125 0.14444444444444443
0 0.624609375 0.5638888888888889 0.00546875 0.019444444444444445
2 0.615234375 0.5631944444444444 0.00703125 0.020833333333333332
2 0.630078125 0.5611111111111111 0.00546875 0.022222222222222223
2 0.58671875 0.55625 0.00625 0.015277777777777777
2 0.574609375 0.5569444444444445 0.00546875 0.016666666666666666
4 0.57890625 0.5555555555555556 0.0046875 0.016666666666666666