4 0.2515625 0.5916666666666667 0.0125 0.027777777777777776
4 0.184375 0.5944444444444444 0.0125 0.025
4 0.2984375 0.5944444444444444 0.0125 0.027777777777777776
4 0.325 0.6041666666666666 0.015625 0.03333333333333333
4 0.0640625 0.6055555555555555 0.015625 0.027777777777777776
4 0.38671875 0.6111111111111112 0.015625 0.03888888888888889
4 0.484375 0.6194444444444445 0.021875 0.044444444444444446
4 0.60703125 0.6444444444444445 0.028125 0.058333333333333334
0 0.0609375 0.6555555555555556 0.021875 0.05
0 0.01875 0.7 0.028125 0.06111111111111111
0 0.1890625 0.7055555555555556 0.03125 0.06944444444444445
4 0.77109375 0.7222222222222222 0.0484375 0.10277777777777777
0 0.19140625 0.7791666666666667 0.0515625 0.10555555555555556