4 0.42578125 0.5888888888888889 0.009375 0.022222222222222223
4 0.353125 0.5888888888888889 0.009375 0.022222222222222223
4 0.5 0.5916666666666667 0.0125 0.027777777777777776
4 0.2703125 0.5944444444444444 0.009375 0.022222222222222223
4 0.54296875 0.6 0.0140625 0.03333333333333333
4 0.16875 0.6041666666666666 0.0125 0.022222222222222223
0 0.278125 0.6138888888888889 0.015625 0.027777777777777776
4 0.615625 0.6152777777777778 0.01875 0.044444444444444446
4 0.0515625 0.6194444444444445 0.009375 0.022222222222222223
0 0.334375 0.6194444444444445 0.015625 0.03611111111111111
0 0.1609375 0.6277777777777778 0.015625 0.03333333333333333
0 0.0609375 0.6402777777777777 0.015625 0.03333333333333333
0 0.34765625 0.6444444444444445 0.0203125 0.044444444444444446
4 0.6578125 0.6555555555555556 0.028125 0.06388888888888888
0 0.21875 0.7388888888888889 0.040625 0.08333333333333333
4 0.86640625 0.8180555555555555 0.0765625 0.14444444444444443