2 0.1923469387755102 0.5436363636363636 0.007142857142857143 0.025454545454545455
2 0.29591836734693877 0.5436363636363636 0.006122448979591836 0.01818181818181818
2 0.20561224489795918 0.55 0.011224489795918367 0.02727272727272727
2 0.32448979591836735 0.5481818181818182 0.00816326530612245 0.02
2 0.2229591836734694 0.5609090909090909 0.011224489795918367 0.034545454545454546
2 0.373469387755102 0.5563636363636364 0.01020408163265306 0.02909090909090909
4 0.049489795918367344 0.5727272727272728 0.025510204081632654 0.05454545454545454
0 0.24693877551020407 0.5690909090909091 0.0163265306122449 0.04363636363636364
2 0.43214285714285716 0.5681818181818182 0.015306122448979591 0.034545454545454546
4 0.5076530612244898 0.5754545454545454 0.017346938775510204 0.038181818181818185
4 0.22704081632653061 0.5936363636363636 0.02959183673469388 0.06363636363636363
0 0.6566326530612245 0.5990909090909091 0.02346938775510204 0.056363636363636366
2 0.34744897959183674 0.6190909090909091 0.02142857142857143 0.08181818181818182
4 0.3566326530612245 0.6254545454545455 0.025510204081632654 0.08727272727272728
2 0.37704081632653064 0.6336363636363637 0.04183673469387755 0.09636363636363636
2 0.7418367346938776 0.6218181818181818 0.0326530612244898 0.07272727272727272
0 0.7760204081632653 0.6281818181818182 0.03163265306122449 0.07454545454545454
2 0.8127551020408164 0.6345454545454545 0.03979591836734694 0.08
4 0.3704081632653061 0.7163636363636363 0.08775510204081632 0.16727272727272727