0 0.1510204081632653 0.5554545454545454 0.00816326530612245 0.023636363636363636
2 0.06173469387755102 0.5572727272727273 0.009183673469387756 0.023636363636363636
4 0.08979591836734693 0.5563636363636364 0.00816326530612245 0.02181818181818182
0 0.09744897959183674 0.5645454545454546 0.015306122448979591 0.038181818181818185
4 0.125 0.5736363636363636 0.025510204081632654 0.05272727272727273
0 0.3454081632653061 0.5718181818181818 0.017346938775510204 0.04181818181818182
2 0.65 0.5718181818181818 0.00816326530612245 0.023636363636363636
2 0.6362244897959184 0.5772727272727273 0.013265306122448979 0.034545454545454546
2 0.8081632653061225 0.5781818181818181 0.00816326530612245 0.02181818181818182
4 0.2857142857142857 0.6018181818181818 0.03469387755102041 0.06909090909090909
2 0.6112244897959184 0.5918181818181818 0.014285714285714285 0.045454545454545456
0 0.5979591836734693 0.6045454545454545 0.022448979591836733 0.056363636363636366
2 0.8489795918367347 0.5918181818181818 0.012244897959183673 0.034545454545454546
2 0.9051020408163265 0.6136363636363636 0.024489795918367346 0.04909090909090909
4 0.3826530612244898 0.6518181818181819 0.05510204081632653 0.10727272727272727
2 0.32551020408163267 0.7645454545454545 0.11020408163265306 0.22
4 0.22193877551020408 0.8118181818181818 0.1377551020408163 0.27454545454545454
2 0.6566326530612245 0.5645454545454546 0.00510204081632653 0.02
2 0.7872448979591836 0.5718181818181818 0.007142857142857143 0.016363636363636365
2 0.08061224489795918 0.8545454545454545 0.14081632653061224 0.2909090909090909