0 0.27326388888888886 0.2865740740740741 0.007638888888888889 0.012037037037037037
0 0.16875 0.2884259259259259 0.008333333333333333 0.012037037037037037
0 0.39166666666666666 0.28703703703703703 0.006944444444444444 0.011111111111111112
4 0.2902777777777778 0.2898148148148148 0.008333333333333333 0.014814814814814815
0 0.515625 0.2884259259259259 0.00625 0.012037037037037037
0 0.6277777777777778 0.28888888888888886 0.006944444444444444 0.012962962962962963
0 0.07777777777777778 0.2898148148148148 0.008333333333333333 0.012962962962962963
4 0.4236111111111111 0.29074074074074074 0.008333333333333333 0.014814814814814815
4 0.5618055555555556 0.2916666666666667 0.006944444444444444 0.014814814814814815
0 0.7638888888888888 0.29074074074074074 0.008333333333333333 0.014814814814814815
0 0.8666666666666667 0.29305555555555557 0.008333333333333333 0.013888888888888888
4 0.1875 0.2935185185185185 0.008333333333333333 0.016666666666666666
4 0.7986111111111112 0.2953703703703704 0.009722222222222222 0.016666666666666666
0 0.006944444444444444 0.29444444444444445 0.008333333333333333 0.014814814814814815
4 0.95625 0.29814814814814816 0.011111111111111112 0.018518518518518517
4 0.225 0.30185185185185187 0.011111111111111112 0.018518518518518517
0 0.0125 0.3055555555555556 0.011111111111111112 0.018518518518518517
4 0.2972222222222222 0.30925925925925923 0.011111111111111112 0.022222222222222223
0 0.05416666666666667 0.31296296296296294 0.0125 0.022222222222222223
4 0.3819444444444444 0.3148148148148148 0.013888888888888888 0.022222222222222223
0 0.15833333333333333 0.3212962962962963 0.013888888888888888 0.025925925925925925
4 0.475 0.32222222222222224 0.015277777777777777 0.025925925925925925
0 0.30277777777777776 0.3333333333333333 0.016666666666666666 0.02962962962962963
4 0.6513888888888889 0.33796296296296297 0.019444444444444445 0.03333333333333333
0 0.375 0.3509259259259259 0.022222222222222223 0.037037037037037035
4 0.8534722222222222 0.3675925925925926 0.02638888888888889 0.046296296296296294
0 0.39305555555555555 0.38657407407407407 0.029166666666666667 0.05277777777777778
0 0.24722222222222223 0.4597222222222222 0.05416666666666667 0.08425925925925926