0 0.665625 0.5138888888888888 0.0171875 0.03888888888888889
4 0.790625 0.6069444444444444 0.034375 0.075
0 0.75625 0.5159722222222223 0.01875 0.0375
0 0.563671875 0.5229166666666667 0.01953125 0.043055555555555555
0 0.90859375 0.5361111111111111 0.025 0.044444444444444446
0 0.498828125 0.5458333333333333 0.02578125 0.05277777777777778
0 0.3875 0.6159722222222223 0.03125 0.07916666666666666
4 0.885546875 0.6006944444444444 0.03671875 0.07361111111111111
4 0.766015625 0.6666666666666666 0.04921875 0.09444444444444444
0 0.224609375 0.8423611111111111 0.08828125 0.16805555555555557
4 0.95703125 0.9465277777777777 0.0859375 0.10416666666666667