1 0.14609375 0.4826388888888889 0.0203125 0.05416666666666667
4 0.995703125 0.46458333333333335 0.00859375 0.020833333333333332
1 0.2484375 0.45208333333333334 0.0140625 0.034722222222222224
0 0.93046875 0.45416666666666666 0.009375 0.019444444444444445
0 0.673828125 0.45555555555555555 0.00859375 0.019444444444444445
0 0.818359375 0.4527777777777778 0.00859375 0.019444444444444445
0 0.87734375 0.4527777777777778 0.009375 0.016666666666666666
0 0.7578125 0.4534722222222222 0.009375 0.020833333333333332
0 0.113671875 0.45555555555555555 0.01328125 0.027777777777777776
4 0.8515625 0.4701388888888889 0.0125 0.02638888888888889
0 0.473828125 0.4534722222222222 0.01015625 0.02361111111111111
0 0.3703125 0.45416666666666666 0.0109375 0.022222222222222223
4 0.809765625 0.48194444444444445 0.01484375 0.030555555555555555
0 0.581640625 0.45555555555555555 0.01015625 0.022222222222222223
4 0.6796875 0.49027777777777776 0.015625 0.03333333333333333
4 0.5296875 0.4930555555555556 0.0171875 0.03611111111111111
4 0.33515625 0.49166666666666664 0.0171875 0.03611111111111111
4 0.0484375 0.5375 0.0375 0.058333333333333334
4 0.232421875 0.5493055555555556 0.02890625 0.0625
4 0.486328125 0.5895833333333333 0.03359375 0.0763888888888889
4 0.70390625 0.6631944444444444 0.0484375 0.10694444444444444
1 0.16875 0.48125 0.0234375 0.05694444444444444
0 0.99375 0.4576388888888889 0.0078125 0.018055555555555554
4 0.93515625 0.46597222222222223 0.0109375 0.02361111111111111