0 0.191015625 0.41388888888888886 0.00859375 0.016666666666666666
0 0.836328125 0.44583333333333336 0.00859375 0.022222222222222223
4 0.353125 0.4083333333333333 0.00625 0.016666666666666666
4 0.3109375 0.41597222222222224 0.009375 0.018055555555555554
4 0.787890625 0.4548611111111111 0.01015625 0.02361111111111111
4 0.744140625 0.4409722222222222 0.00703125 0.018055555555555554
0 0.99609375 0.48680555555555555 0.00625 0.02361111111111111
4 0.4578125 0.43194444444444446 0.009375 0.022222222222222223
0 0.9078125 0.4625 0.0109375 0.025
4 0.39609375 0.43194444444444446 0.0109375 0.025
4 0.959375 0.5097222222222222 0.0203125 0.03888888888888889
0 0.401953125 0.4618055555555556 0.01640625 0.034722222222222224
0 0.44921875 0.46944444444444444 0.0171875 0.03888888888888889
0 0.05859375 0.42430555555555555 0.0109375 0.020833333333333332
4 0.329296875 0.4361111111111111 0.01484375 0.027777777777777776
4 0.524609375 0.44027777777777777 0.01015625 0.025
4 0.605859375 0.45555555555555555 0.01328125 0.027777777777777776
4 0.242578125 0.42569444444444443 0.01015625 0.02361111111111111
4 0.848046875 0.4756944444444444 0.01484375 0.029166666666666667
4 0.6796875 0.4798611111111111 0.015625 0.034722222222222224
4 0.185546875 0.45208333333333334 0.01796875 0.03194444444444444
0 0.313671875 0.4701388888888889 0.02109375 0.04027777777777778
0 0.197265625 0.5041666666666667 0.02890625 0.05277777777777778
4 0.0140625 0.4791666666666667 0.0234375 0.041666666666666664
4 0.09609375 0.44513888888888886 0.0171875 0.029166666666666667
0 0.432421875 0.5020833333333333 0.02109375 0.04861111111111111
4 0.696875 0.5520833333333334 0.0296875 0.0625
0 0.340625 0.58125 0.0375 0.07916666666666666
4 0.708203125 0.4284722222222222 0.00546875 0.015277777777777777
4 0.69140625 0.4222222222222222 0.0046875 0.013888888888888888
4 0.68203125 0.41875 0.0046875 0.0125
4 0.358984375 0.4027777777777778 0.00546875 0.013888888888888888
0 0.25625 0.40625 0.00625 0.015277777777777777
4 0.384765625 0.39791666666666664 0.00546875 0.0125
4 0.402734375 0.3958333333333333 0.00546875 0.011111111111111112
4 0.4375 0.39652777777777776 0.0046875 0.0125
0 0.303515625 0.40208333333333335 0.00546875 0.0125
0 0.330859375 0.39791666666666664 0.00546875 0.009722222222222222
0 0.523828125 0.4111111111111111 0.00546875 0.013888888888888888
0 0.7953125 0.4354166666666667 0.00625 0.015277777777777777
0 0.764453125 0.42777777777777776 0.00546875 0.013888888888888888
0 0.354296875 0.39861111111111114 0.00546875 0.013888888888888888
0 0.375390625 0.3958333333333333 0.00546875 0.011111111111111112
0 0.396875 0.39444444444444443 0.0046875 0.011111111111111112
0 0.423828125 0.39375 0.00546875 0.0125
0 0.45 0.39444444444444443 0.0046875 0.011111111111111112
0 0.498046875 0.3951388888888889 0.00390625 0.009722222222222222
0 0.530859375 0.39652777777777776 0.00390625 0.0125
0 0.611328125 0.40347222222222223 0.00390625 0.009722222222222222
0 0.642578125 0.40625 0.00390625 0.009722222222222222
0 0.658203125 0.40625 0.00390625 0.009722222222222222
0 0.678125 0.4097222222222222 0.0046875 0.011111111111111112
0 0.69765625 0.41388888888888886 0.0046875 0.011111111111111112
0 0.718359375 0.4173611111111111 0.00546875 0.0125
0 0.742578125 0.4222222222222222 0.00546875 0.013888888888888888
4 0.658203125 0.4131944444444444 0.00546875 0.0125
4 0.636328125 0.40902777777777777 0.00546875 0.0125
4 0.602734375 0.40347222222222223 0.00546875 0.0125
4 0.5546875 0.4013888888888889 0.0046875 0.011111111111111112
4 0.5109375 0.39791666666666664 0.0046875 0.009722222222222222
4 0.46953125 0.3972222222222222 0.0046875 0.011111111111111112
0 0.47109375 0.39305555555555555 0.0046875 0.011111111111111112