0 0.933203125 0.41458333333333336 0.00859375 0.020833333333333332
4 0.916015625 0.39652777777777776 0.00546875 0.015277777777777777
4 0.959765625 0.39791666666666664 0.00546875 0.015277777777777777
4 0.99296875 0.3958333333333333 0.00625 0.013888888888888888
0 0.891015625 0.4013888888888889 0.00546875 0.013888888888888888
4 0.90546875 0.3951388888888889 0.0078125 0.015277777777777777
0 0.94375 0.4076388888888889 0.0078125 0.018055555555555554
0 0.969140625 0.4125 0.00859375 0.019444444444444445
0 0.87421875 0.4173611111111111 0.0109375 0.02361111111111111
0 0.7984375 0.41875 0.009375 0.020833333333333332
0 0.693359375 0.42083333333333334 0.01171875 0.025
0 0.612109375 0.4284722222222222 0.01328125 0.029166666666666667
0 0.534765625 0.4423611111111111 0.01796875 0.0375
4 0.878125 0.4736111111111111 0.0296875 0.058333333333333334
0 0.446875 0.46458333333333335 0.0265625 0.05138888888888889
4 0.927734375 0.45694444444444443 0.02890625 0.05
0 0.30546875 0.5152777777777777 0.0421875 0.08055555555555556
4 0.849609375 0.5145833333333333 0.03984375 0.08194444444444444
4 0.921875 0.6256944444444444 0.084375 0.14583333333333334
4 0.99765625 0.40208333333333335 0.0046875 0.018055555555555554
0 0.8453125 0.3993055555555556 0.00625 0.015277777777777777
0 0.80859375 0.3951388888888889 0.0046875 0.0125
4 0.937109375 0.39652777777777776 0.00546875 0.0125
4 0.953515625 0.3951388888888889 0.00546875 0.0125