0 0.811328125 0.44722222222222224 0.01015625 0.019444444444444445
4 0.30390625 0.4173611111111111 0.0078125 0.018055555555555554
4 0.7625 0.4548611111111111 0.009375 0.020833333333333332
0 0.9703125 0.48541666666666666 0.01875 0.029166666666666667
0 0.86875 0.46041666666666664 0.0109375 0.02361111111111111
4 0.71484375 0.44027777777777777 0.0078125 0.019444444444444445
4 0.24375 0.42916666666666664 0.0109375 0.022222222222222223
4 0.927734375 0.5090277777777777 0.02265625 0.04027777777777778
0 0.09140625 0.42569444444444443 0.0109375 0.020833333333333332
4 0.82890625 0.47638888888888886 0.0140625 0.027777777777777776
0 0.186328125 0.4166666666666667 0.00859375 0.016666666666666666
4 0.41796875 0.45069444444444445 0.0125 0.029166666666666667
4 0.13515625 0.44305555555555554 0.015625 0.027777777777777776
4 0.503125 0.4618055555555556 0.0140625 0.03194444444444444
4 0.3375 0.4513888888888889 0.0125 0.030555555555555555
4 0.609765625 0.48541666666666666 0.01796875 0.0375
4 0.240234375 0.4583333333333333 0.02109375 0.03888888888888889
4 0.7234375 0.5284722222222222 0.0265625 0.05138888888888889
0 0.383984375 0.5229166666666667 0.02578125 0.05694444444444444
0 0.3171875 0.5097222222222222 0.025 0.05277777777777778
0 0.158984375 0.5298611111111111 0.03671875 0.0625
0 0.328125 0.6111111111111112 0.0390625 0.09166666666666666
4 0.873828125 0.7770833333333333 0.07734375 0.14583333333333334
0 0.77265625 0.43819444444444444 0.00625 0.015277777777777777
4 0.678515625 0.4263888888888889 0.00546875 0.013888888888888888
4 0.691015625 0.4305555555555556 0.00546875 0.013888888888888888
0 0.503515625 0.4201388888888889 0.00546875 0.015277777777777777
0 0.250390625 0.4097222222222222 0.00703125 0.013888888888888888
0 0.286328125 0.4048611111111111 0.00703125 0.0125
4 0.315234375 0.4111111111111111 0.00703125 0.013888888888888888
4 0.34765625 0.4048611111111111 0.00625 0.015277777777777777
4 0.369921875 0.4027777777777778 0.00546875 0.013888888888888888
0 0.316015625 0.40347222222222223 0.00546875 0.0125
4 0.408984375 0.4027777777777778 0.00546875 0.013888888888888888
0 0.744140625 0.43125 0.00546875 0.015277777777777777
0 0.33984375 0.40069444444444446 0.0046875 0.0125
0 0.365234375 0.4 0.00390625 0.011111111111111112
0 0.395703125 0.3993055555555556 0.00546875 0.0125
0 0.42421875 0.3993055555555556 0.0046875 0.0125
0 0.4484375 0.39791666666666664 0.0046875 0.0125
0 0.476953125 0.3993055555555556 0.00546875 0.0125
0 0.5125 0.4013888888888889 0.0046875 0.011111111111111112
0 0.54921875 0.40555555555555556 0.0046875 0.011111111111111112
0 0.59765625 0.4083333333333333 0.0046875 0.011111111111111112
0 0.63125 0.4111111111111111 0.0046875 0.011111111111111112
0 0.6484375 0.4125 0.0046875 0.011111111111111112
0 0.67109375 0.41597222222222224 0.0046875 0.0125
0 0.69140625 0.41875 0.00625 0.0125
0 0.715625 0.42291666666666666 0.0078125 0.015277777777777777
4 0.651953125 0.4173611111111111 0.00390625 0.009722222222222222
4 0.626171875 0.41597222222222224 0.00546875 0.0125
4 0.589453125 0.4097222222222222 0.00546875 0.013888888888888888
4 0.53828125 0.40694444444444444 0.00625 0.013888888888888888
4 0.491015625 0.4027777777777778 0.00546875 0.011111111111111112
4 0.445703125 0.4027777777777778 0.00546875 0.013888888888888888