0 0.8046875 0.6027777777777777 0.03229166666666667 0.06111111111111111
0 0.53359375 0.462037037037037 0.0078125 0.022222222222222223
0 0.6484375 0.4898148148148148 0.008333333333333333 0.016666666666666666
0 0.7416666666666667 0.5305555555555556 0.011458333333333333 0.022222222222222223
0 0.8177083333333334 0.5481481481481482 0.009375 0.022222222222222223
0 0.93515625 0.5819444444444445 0.009895833333333333 0.019444444444444445
0 0.7411458333333333 0.5138888888888888 0.007291666666666667 0.016666666666666666
0 0.7802083333333333 0.524074074074074 0.00625 0.014814814814814815
0 0.7973958333333333 0.5314814814814814 0.00625 0.014814814814814815
0 0.8567708333333334 0.5444444444444444 0.004166666666666667 0.009259259259259259
0 0.7221354166666667 0.5032407407407408 0.005729166666666666 0.013888888888888888
0 0.8473958333333333 0.5472222222222223 0.007291666666666667 0.012962962962962963
4 0.6442708333333333 0.4773148148148148 0.005208333333333333 0.012037037037037037
0 0.67578125 0.4888888888888889 0.0046875 0.011111111111111112
4 0.6864583333333333 0.48703703703703705 0.005208333333333333 0.011111111111111112
0 0.8080729166666667 0.5356481481481481 0.0109375 0.013888888888888888
4 0.5541666666666667 0.44907407407407407 0.003125 0.011111111111111112
4 0.54140625 0.4444444444444444 0.0026041666666666665 0.009259259259259259
4 0.5377604166666666 0.44351851851851853 0.0026041666666666665 0.009259259259259259
0 0.7265625 0.5 0.003125 0.009259259259259259
0 0.8286458333333333 0.5425925925925926 0.009375 0.012962962962962963
0 0.98828125 0.5875 0.008854166666666666 0.010185185185185186
0 0.9578125 0.5777777777777777 0.008333333333333333 0.009259259259259259
0 0.9494791666666667 0.5736111111111111 0.004166666666666667 0.012037037037037037
4 0.5317708333333333 0.4425925925925926 0.004166666666666667 0.011111111111111112