4 0.52109375 0.4912037037037037 0.0109375 0.023148148148148147
2 0.7078125 0.549074074074074 0.01875 0.046296296296296294
2 0.6760416666666667 0.512962962962963 0.010416666666666666 0.02962962962962963
4 0.5518229166666667 0.4759259259259259 0.0067708333333333336 0.016666666666666666
2 0.6841145833333333 0.4708333333333333 0.005729166666666666 0.013888888888888888
2 0.659375 0.4925925925925926 0.009375 0.022222222222222223
2 0.6828125 0.7185185185185186 0.059375 0.1388888888888889
2 0.7130208333333333 0.4634259259259259 0.004166666666666667 0.010185185185185186
4 0.36041666666666666 0.5328703703703703 0.009375 0.028703703703703703
2 0.6604166666666667 0.48333333333333334 0.00625 0.016666666666666666
4 0.6140625 0.4648148148148148 0.00625 0.014814814814814815
4 0.48125 0.5212962962962963 0.015625 0.03888888888888889
4 0.6572916666666667 0.4583333333333333 0.004166666666666667 0.009259259259259259
4 0.70234375 0.4532407407407407 0.0026041666666666665 0.008333333333333333
4 0.74453125 0.4486111111111111 0.0026041666666666665 0.006481481481481481
4 0.796875 0.4449074074074074 0.0020833333333333333 0.006481481481481481
4 0.8296875 0.44212962962962965 0.0020833333333333333 0.004629629629629629
4 0.8520833333333333 0.4412037037037037 0.0020833333333333333 0.004629629629629629
2 0.7513020833333334 0.45787037037037037 0.0036458333333333334 0.008333333333333333
2 0.7885416666666667 0.4537037037037037 0.003125 0.007407407407407408
2 0.8317708333333333 0.44814814814814813 0.0020833333333333333 0.005555555555555556
2 0.85703125 0.4449074074074074 0.0015625 0.004629629629629629
2 0.8802083333333334 0.44212962962962965 0.0020833333333333333 0.004629629629629629
2 0.8953125 0.44027777777777777 0.0020833333333333333 0.004629629629629629
2 0.9177083333333333 0.43842592592592594 0.0020833333333333333 0.004629629629629629
4 0.8744791666666667 0.44027777777777777 0.0020833333333333333 0.004629629629629629
4 0.37421875 0.4652777777777778 0.0026041666666666665 0.008333333333333333
4 0.37083333333333335 0.46296296296296297 0.0020833333333333333 0.007407407407407408
4 0.3625 0.462037037037037 0.0020833333333333333 0.007407407407407408
4 0.3919270833333333 0.45694444444444443 0.0026041666666666665 0.006481481481481481
4 0.40520833333333334 0.45601851851851855 0.0020833333333333333 0.006481481481481481
4 0.41848958333333336 0.4546296296296296 0.0026041666666666665 0.005555555555555556