4 0.7598958333333333 0.5583333333333333 0.011458333333333333 0.027777777777777776
4 0.8419270833333333 0.6171296296296296 0.0359375 0.05462962962962963
4 0.7921875 0.5601851851851852 0.011458333333333333 0.022222222222222223
4 0.8817708333333333 0.5731481481481482 0.0125 0.022222222222222223
2 0.6372395833333333 0.5236111111111111 0.0078125 0.01574074074074074
4 0.8291666666666667 0.5648148148148148 0.014583333333333334 0.022222222222222223
2 0.5546875 0.5157407407407407 0.011458333333333333 0.020370370370370372
4 0.7489583333333333 0.5657407407407408 0.015625 0.03148148148148148
2 0.9950520833333333 0.5851851851851851 0.008854166666666666 0.016666666666666666
2 0.7338541666666667 0.538425925925926 0.007291666666666667 0.01574074074074074
2 0.8283854166666667 0.5546296296296296 0.0078125 0.014814814814814815