0 0.6505208333333333 0.49907407407407406 0.017708333333333333 0.03333333333333333
0 0.7442708333333333 0.6157407407407407 0.04479166666666667 0.09814814814814815
0 0.8010416666666667 0.5398148148148149 0.022916666666666665 0.046296296296296294
0 0.6640625 0.5268518518518519 0.023958333333333335 0.053703703703703705
0 0.7869791666666667 0.5101851851851852 0.0125 0.024074074074074074
0 0.2869791666666667 0.4583333333333333 0.015625 0.03148148148148148
0 0.6786458333333333 0.48333333333333334 0.009375 0.014814814814814815
0 0.6260416666666667 0.46574074074074073 0.008333333333333333 0.014814814814814815
0 0.5333333333333333 0.45 0.008333333333333333 0.011111111111111112
0 0.51875 0.45 0.00625 0.011111111111111112
0 0.5567708333333333 0.44814814814814813 0.00625 0.011111111111111112
0 0.6307291666666667 0.46111111111111114 0.00625 0.011111111111111112
0 0.640625 0.45925925925925926 0.004166666666666667 0.007407407407407408
0 0.74609375 0.5310185185185186 0.027604166666666666 0.030555555555555555
0 0.6942708333333333 0.5166666666666667 0.023958333333333335 0.025925925925925925