4 0.7518229166666667 0.5916666666666667 0.0140625 0.04259259259259259
4 0.6940104166666666 0.6337962962962963 0.0265625 0.0712962962962963
4 0.596875 0.55 0.014583333333333334 0.037037037037037035
4 0.42604166666666665 0.5370370370370371 0.01875 0.04259259259259259
4 0.8416666666666667 0.5851851851851851 0.011458333333333333 0.03148148148148148
4 0.9296875 0.5921296296296297 0.009375 0.026851851851851852
4 0.6572916666666667 0.5458333333333333 0.00625 0.025
2 0.9747395833333333 0.586574074074074 0.005729166666666666 0.019444444444444445
2 0.7869791666666667 0.549537037037037 0.004166666666666667 0.01574074074074074
2 0.7533854166666667 0.5509259259259259 0.0046875 0.018518518518518517
4 0.76171875 0.899537037037037 0.1015625 0.19907407407407407
4 0.4161458333333333 0.48333333333333334 0.00625 0.014814814814814815
4 0.63046875 0.5254629629629629 0.0046875 0.01574074074074074
4 0.5848958333333333 0.5138888888888888 0.00625 0.012962962962962963
2 0.8565104166666667 0.5694444444444444 0.0046875 0.020370370370370372
2 0.69765625 0.5337962962962963 0.0036458333333333334 0.013888888888888888
2 0.8731770833333333 0.5657407407407408 0.0046875 0.016666666666666666
2 0.8098958333333334 0.549537037037037 0.003125 0.013888888888888888
4 0.5302083333333333 0.5018518518518519 0.00625 0.014814814814814815
4 0.47552083333333334 0.49166666666666664 0.00625 0.012962962962962963
2 0.8846354166666667 0.562962962962963 0.0036458333333333334 0.014814814814814815
2 0.5604166666666667 0.5027777777777778 0.004166666666666667 0.012962962962962963
4 0.359375 0.47685185185185186 0.004166666666666667 0.012962962962962963
0 0.7768229166666667 0.5601851851851852 0.005729166666666666 0.020370370370370372
4 0.6596354166666667 0.5356481481481481 0.0046875 0.019444444444444445
2 0.6333333333333333 0.5175925925925926 0.0020833333333333333 0.012962962962962963
0 0.7763020833333333 0.5375 0.0026041666666666665 0.010185185185185186
0 0.8052083333333333 0.5458333333333333 0.0020833333333333333 0.010185185185185186
0 0.8770833333333333 0.5569444444444445 0.0020833333333333333 0.010185185185185186
0 0.8552083333333333 0.5504629629629629 0.0020833333333333333 0.008333333333333333