4 0.6450520833333333 0.5717592592592593 0.028645833333333332 0.04722222222222222
4 0.53046875 0.5268518518518519 0.013020833333333334 0.025925925925925925
4 0.8973958333333333 0.5694444444444444 0.0125 0.024074074074074074
2 0.7276041666666667 0.5453703703703704 0.011458333333333333 0.022222222222222223
2 0.8708333333333333 0.5537037037037037 0.008333333333333333 0.014814814814814815
4 0.6317708333333333 0.5277777777777778 0.009375 0.018518518518518517
4 0.7802083333333333 0.5425925925925926 0.00625 0.014814814814814815
2 0.8390625 0.5462962962962963 0.005208333333333333 0.011111111111111112
4 0.5065104166666666 0.5009259259259259 0.0046875 0.012962962962962963
4 0.5143229166666666 0.49907407407407406 0.0046875 0.009259259259259259
4 0.5200520833333333 0.4976851851851852 0.0036458333333333334 0.008333333333333333
4 0.5255208333333333 0.49722222222222223 0.003125 0.007407407407407408
4 0.5309895833333333 0.49675925925925923 0.0026041666666666665 0.006481481481481481
4 0.53984375 0.49722222222222223 0.0026041666666666665 0.007407407407407408
2 0.8098958333333334 0.5407407407407407 0.005208333333333333 0.012962962962962963