4 0.6484375 0.5083333333333333 0.015625 0.03518518518518519
4 0.7216145833333333 0.575462962962963 0.03177083333333333 0.06388888888888888
4 0.6192708333333333 0.4708333333333333 0.007291666666666667 0.017592592592592594
4 0.8682291666666667 0.5611111111111111 0.0125 0.025925925925925925
4 0.5411458333333333 0.42777777777777776 0.005208333333333333 0.011111111111111112
4 0.58671875 0.449537037037037 0.0046875 0.013888888888888888
4 0.9966145833333333 0.5907407407407408 0.005729166666666666 0.014814814814814815
4 0.2638020833333333 0.36527777777777776 0.0046875 0.010185185185185186
4 0.26901041666666664 0.36157407407407405 0.0036458333333333334 0.010185185185185186
4 0.17213541666666668 0.35324074074074074 0.0036458333333333334 0.008333333333333333
4 0.4786458333333333 0.41574074074074074 0.007291666666666667 0.016666666666666666
4 0.4875 0.4101851851851852 0.003125 0.009259259259259259