4 0.23072916666666668 0.42592592592592593 0.020833333333333332 0.037037037037037035
4 0.85546875 0.5787037037037037 0.024479166666666666 0.053703703703703705
2 0.5536458333333333 0.4648148148148148 0.013541666666666667 0.02962962962962963
4 0.7041666666666667 0.487962962962963 0.009375 0.016666666666666666
4 0.7510416666666667 0.5148148148148148 0.015625 0.03333333333333333
4 0.6794270833333333 0.4740740740740741 0.0067708333333333336 0.014814814814814815
2 0.5869791666666667 0.45092592592592595 0.007291666666666667 0.014814814814814815
4 0.6671875 0.4666666666666667 0.004166666666666667 0.011111111111111112
4 0.659375 0.46111111111111114 0.004166666666666667 0.009259259259259259
4 0.23046875 0.3925925925925926 0.005729166666666666 0.014814814814814815
4 0.23958333333333334 0.38657407407407407 0.005208333333333333 0.012037037037037037
4 0.5317708333333333 0.43287037037037035 0.004166666666666667 0.010185185185185186
4 0.29375 0.387037037037037 0.004166666666666667 0.011111111111111112
4 0.6541666666666667 0.45787037037037037 0.003125 0.010185185185185186