0 0.5680941358024691 0.24296875 0.008873456790123456 0.0515625
3 0.4704861111111111 0.54375 0.03202160493827161 0.190625
0 0.42650462962962965 0.2296875 0.010416666666666666 0.05625
3 0.7914737654320988 0.31640625 0.010416666666666666 0.0578125
3 0.8196373456790124 0.26796875 0.006558641975308642 0.0359375
0 0.28337191358024694 0.2390625 0.01427469135802469 0.075
3 0.5094521604938271 0.31875 0.016589506172839507 0.0875
3 0.7932098765432098 0.25234375 0.004629629629629629 0.0296875
3 0.4670138888888889 0.38203125 0.02199074074074074 0.1171875
3 0.5868055555555556 0.29765625 0.013117283950617283 0.0734375
0 0.10050154320987655 0.2859375 0.02507716049382716 0.109375
0 0.9915123456790124 0.275 0.0038580246913580245 0.01875
3 0.8445216049382716 0.31484375 0.009259259259259259 0.0484375
0 0.5798611111111112 0.178125 0.0038580246913580245 0.021875
0 0.701195987654321 0.23828125 0.005015432098765432 0.0328125
3 0.6639660493827161 0.30078125 0.011574074074074073 0.0640625
0 0.6469907407407407 0.2546875 0.007716049382716049 0.04375
0 0.613233024691358 0.19296875 0.004243827160493827 0.0234375
0 0.6751543209876543 0.21953125 0.005401234567901234 0.0296875
0 0.6045524691358025 0.17265625 0.0030864197530864196 0.0171875
3 0.8362268518518519 0.28125 0.006558641975308642 0.0375
3 0.7330246913580247 0.22578125 0.004629629629629629 0.0265625
3 0.7104552469135802 0.2171875 0.004243827160493827 0.025
3 0.6832561728395061 0.20703125 0.0038580246913580245 0.0234375
3 0.7407407407407407 0.20703125 0.0030864197530864196 0.0171875
0 0.5756172839506173 0.16796875 0.0030864197530864196 0.0171875
0 0.7525077160493827 0.20625 0.002700617283950617 0.015625
3 0.7650462962962963 0.2390625 0.004629629629629629 0.028125
0 0.6795910493827161 0.25546875 0.008101851851851851 0.0421875
3 0.7083333333333334 0.19921875 0.0030864197530864196 0.0171875
0 0.6547067901234568 0.209375 0.004629629629629629 0.025
3 0.9828317901234568 0.2765625 0.004243827160493827 0.021875
0 0.6361882716049383 0.2015625 0.004629629629629629 0.025
3 0.8479938271604939 0.2375 0.0038580246913580245 0.01875
0 0.8628472222222222 0.2375 0.003472222222222222 0.015625
0 0.6898148148148148 0.228125 0.005401234567901234 0.028125
3 0.675733024691358 0.19140625 0.002700617283950617 0.0171875
3 0.6354166666666666 0.1859375 0.0030864197530864196 0.021875
3 0.7895447530864198 0.22109375 0.002700617283950617 0.0171875
0 0.8070987654320988 0.221875 0.0030864197530864196 0.015625
0 0.6969521604938271 0.19296875 0.002700617283950617 0.0140625
0 0.5648148148148148 0.1703125 0.0030864197530864196 0.01875
0 0.7015817901234568 0.25234375 0.0073302469135802465 0.0390625
1 0.923804012345679 0.25 0.003472222222222222 0.028125
3 0.6496913580246914 0.18671875 0.0023148148148148147 0.0171875
3 0.6464120370370371 0.1921875 0.003472222222222222 0.021875
1 0.8989197530864198 0.246875 0.0038580246913580245 0.03125
3 0.9052854938271605 0.2546875 0.004243827160493827 0.01875
0 0.9184027777777778 0.25390625 0.003472222222222222 0.0171875
3 0.8445216049382716 0.29609375 0.007716049382716049 0.0421875
0 0.7058256172839507 0.2453125 0.004243827160493827 0.0375
1 0.9106867283950617 0.25234375 0.004243827160493827 0.0296875
1 0.9139660493827161 0.2484375 0.0023148148148148147 0.028125