0 0.1566358024691358 0.25078125 0.017746913580246913 0.0921875
0 0.33352623456790126 0.21953125 0.011959876543209876 0.0671875
3 0.48649691358024694 0.34140625 0.016203703703703703 0.1078125
0 0.8657407407407407 0.2734375 0.008487654320987654 0.04375
3 0.9224537037037037 0.315625 0.010802469135802469 0.05625
0 0.5997299382716049 0.22265625 0.008101851851851851 0.0453125
3 0.4747299382716049 0.45625 0.02816358024691358 0.159375
3 0.6195987654320988 0.2765625 0.012345679012345678 0.06875
0 0.7274305555555556 0.24375 0.008101851851851851 0.04375
3 0.8090277777777778 0.29140625 0.010802469135802469 0.0578125
0 0.4702932098765432 0.21328125 0.009259259259259259 0.0546875
3 0.5329861111111112 0.28984375 0.015046296296296295 0.0828125
3 0.7121913580246914 0.278125 0.012345679012345678 0.059375
3 0.6365740740740741 0.771875 0.0625 0.290625