0 0.6506558641975309 0.49375 0.019675925925925927 0.1125
0 0.48148148148148145 0.6265625 0.04089506172839506 0.18125
0 0.6020447530864198 0.390625 0.013503086419753086 0.06875
0 0.7945601851851852 0.40234375 0.011959876543209876 0.0640625
0 0.3350694444444444 0.41328125 0.02353395061728395 0.0953125
3 0.7771990740740741 0.31796875 0.006558641975308642 0.0296875
0 0.6570216049382716 0.35390625 0.009259259259259259 0.0484375
0 0.8348765432098766 0.38125 0.008487654320987654 0.05
0 0.8804012345679012 0.37109375 0.007716049382716049 0.0421875
3 0.24112654320987653 0.35234375 0.014660493827160493 0.0734375
3 0.9247685185185185 0.34765625 0.006172839506172839 0.0296875
3 0.9947916666666666 0.37734375 0.008101851851851851 0.0390625
0 0.7243441358024691 0.33203125 0.0073302469135802465 0.0359375
0 0.8059413580246914 0.346875 0.006944444444444444 0.040625
3 0.7478780864197531 0.32265625 0.005787037037037037 0.0328125
0 0.7376543209876543 0.440625 0.016203703703703703 0.08125
0 0.6435185185185185 0.33125 0.006944444444444444 0.040625
3 0.8221450617283951 0.3390625 0.006944444444444444 0.03125
3 0.6817129629629629 0.30625 0.004629629629629629 0.028125
3 0.9056712962962963 0.3546875 0.006558641975308642 0.0375
0 0.5804398148148148 0.31015625 0.005787037037037037 0.0296875
2 0.2690972222222222 0.2953125 0.008873456790123456 0.04375
3 0.8375771604938271 0.33046875 0.006944444444444444 0.0296875
3 0.4386574074074074 0.29296875 0.007716049382716049 0.0359375
3 0.4714506172839506 0.353125 0.010030864197530864 0.059375
3 0.5372299382716049 0.33125 0.0073302469135802465 0.046875
3 0.5030864197530864 0.3078125 0.006944444444444444 0.0375
0 0.49286265432098764 0.2921875 0.005787037037037037 0.028125