0 0.5788966049382716 0.803125 0.06751543209876543 0.34375
0 0.6292438271604939 0.409375 0.026234567901234566 0.159375
0 0.5567129629629629 0.2953125 0.018518518518518517 0.103125
0 0.45891203703703703 0.2578125 0.01427469135802469 0.078125
0 0.3454861111111111 0.253125 0.01273148148148148 0.065625
0 0.22376543209876543 0.265625 0.010802469135802469 0.059375
0 0.07272376543209877 0.2984375 0.011959876543209876 0.059375
0 0.9963348765432098 0.21796875 0.0073302469135802465 0.0671875
3 0.7498070987654321 0.22265625 0.016589506172839507 0.0859375
3 0.5933641975308642 0.20078125 0.012345679012345678 0.0640625
3 0.4376929012345679 0.2046875 0.009645061728395061 0.053125
3 0.2862654320987654 0.2234375 0.008487654320987654 0.046875
3 0.10841049382716049 0.2625 0.009259259259259259 0.05
2 0.9650848765432098 0.16640625 0.015817901234567902 0.0765625
2 0.9187885802469136 0.11875 0.010416666666666666 0.053125
2 0.8940972222222222 0.09375 0.0073302469135802465 0.040625
2 0.8777006172839507 0.075 0.006172839506172839 0.0375
2 0.8493441358024691 0.08125 0.005787037037037037 0.03125
2 0.8179012345679012 0.08515625 0.005401234567901234 0.0328125
2 0.7872299382716049 0.0890625 0.005787037037037037 0.03125
2 0.7824074074074074 0.1078125 0.006944444444444444 0.0375
2 0.7748842592592593 0.1359375 0.008873456790123456 0.05
2 0.7592592592592593 0.1859375 0.012345679012345678 0.06875
1 0.5123456790123457 0.7796875 0.05478395061728395 0.440625
1 0.6151620370370371 0.60078125 0.055169753086419755 0.4453125