0 0.47337962962962965 0.5125 0.032407407407407406 0.140625
0 0.24151234567901234 0.80625 0.05324074074074074 0.290625
0 0.7112268518518519 0.353125 0.01273148148148148 0.0625
3 0.9616126543209876 0.6484375 0.048996913580246916 0.196875
3 0.9243827160493827 0.45390625 0.021604938271604937 0.1046875
0 0.7758487654320988 0.32578125 0.009259259259259259 0.0484375
0 0.6282793209876543 0.4140625 0.018132716049382717 0.09375
3 0.7633101851851852 0.2734375 0.004243827160493827 0.025
3 0.863233024691358 0.30234375 0.006558641975308642 0.0359375
3 0.8913966049382716 0.265625 0.003472222222222222 0.01875
3 0.9226466049382716 0.371875 0.013503086419753086 0.065625
0 0.8032407407407407 0.3109375 0.008487654320987654 0.040625
3 0.9338348765432098 0.3390625 0.010416666666666666 0.053125
0 0.9662422839506173 0.2703125 0.003472222222222222 0.021875
0 0.8680555555555556 0.2546875 0.0030864197530864196 0.01875
3 0.8784722222222222 0.2609375 0.0030864197530864196 0.01875
3 0.7540509259259259 0.2640625 0.004243827160493827 0.021875
0 0.9479166666666666 0.28515625 0.0038580246913580245 0.0265625
3 0.8562885802469136 0.27265625 0.003472222222222222 0.0234375
0 0.9371141975308642 0.27734375 0.0038580246913580245 0.0265625
0 0.7201003086419753 0.24921875 0.002700617283950617 0.0171875
3 0.7777777777777778 0.26171875 0.0030864197530864196 0.0203125
0 0.6803626543209876 0.2578125 0.004243827160493827 0.021875
3 0.7775848765432098 0.24921875 0.002700617283950617 0.0171875
3 0.8478009259259259 0.25703125 0.002700617283950617 0.0171875
3 0.7970679012345679 0.259375 0.0030864197530864196 0.01875
3 0.7957175925925926 0.28359375 0.005787037037037037 0.0328125
0 0.9535108024691358 0.27421875 0.004243827160493827 0.0234375
3 0.7557870370370371 0.25 0.0023148148148148147 0.015625
3 0.730516975308642 0.2453125 0.0019290123456790122 0.0125
3 0.8744212962962963 0.2671875 0.003472222222222222 0.021875
3 0.7667824074074074 0.24609375 0.002700617283950617 0.0140625
3 0.859375 0.27890625 0.004243827160493827 0.0265625
0 0.7411265432098766 0.253125 0.0030864197530864196 0.01875
0 0.671875 0.265625 0.005015432098765432 0.025
3 0.9016203703703703 0.290625 0.004629629629629629 0.028125
0 0.7376543209876543 0.29140625 0.006944444444444444 0.0359375
0 0.8528163580246914 0.24765625 0.002700617283950617 0.0140625
0 0.8337191358024691 0.2515625 0.0030864197530864196 0.01875
3 0.8067129629629629 0.2453125 0.0023148148148148147 0.0125
3 0.8126929012345679 0.25390625 0.002700617283950617 0.0171875
3 0.7853009259259259 0.2453125 0.002700617283950617 0.0125
0 0.33526234567901236 0.30390625 0.010802469135802469 0.0609375
0 0.4369212962962963 0.2765625 0.006558641975308642 0.040625
3 0.44212962962962965 0.27421875 0.005401234567901234 0.0421875
0 0.6961805555555556 0.27734375 0.005787037037037037 0.0296875
0 0.7282021604938271 0.25390625 0.003472222222222222 0.0203125
3 0.7334104938271605 0.24609375 0.0023148148148148147 0.0140625
3 0.7993827160493827 0.25703125 0.0030864197530864196 0.0203125
0 0.8099922839506173 0.24921875 0.002700617283950617 0.0171875
3 0.9384645061728395 0.321875 0.005787037037037037 0.04375
3 0.9822530864197531 0.30703125 0.006944444444444444 0.0328125