0 0.5391589506172839 0.58515625 0.028935185185185185 0.1515625
0 0.6462191358024691 0.40546875 0.009259259259259259 0.0484375
3 0.8967978395061729 0.4859375 0.016589506172839507 0.084375
0 0.6442901234567902 0.47265625 0.015432098765432098 0.0828125
0 0.6630015432098766 0.42734375 0.011188271604938271 0.0609375
3 0.7548225308641975 0.37421875 0.005787037037037037 0.0328125
3 0.9263117283950617 0.38828125 0.005401234567901234 0.0328125
0 0.949266975308642 0.3625 0.004243827160493827 0.025
3 0.9847608024691358 0.3796875 0.005015432098765432 0.028125
3 0.7451774691358025 0.3984375 0.0073302469135802465 0.04375
3 0.8520447530864198 0.39765625 0.0073302469135802465 0.0421875
3 0.8362268518518519 0.37578125 0.005015432098765432 0.0296875
3 0.9118441358024691 0.37734375 0.005015432098765432 0.0296875
3 0.9058641975308642 0.41875 0.010030864197530864 0.05
3 0.8587962962962963 0.3890625 0.005401234567901234 0.034375
0 0.6082175925925926 0.3828125 0.0073302469135802465 0.040625
0 0.9944058641975309 0.3640625 0.004243827160493827 0.021875
0 0.6251929012345679 0.35234375 0.005015432098765432 0.0296875
0 0.8856095679012346 0.359375 0.004243827160493827 0.025
3 0.8439429012345679 0.4421875 0.011959876543209876 0.065625
0 0.6039737654320988 0.3703125 0.005015432098765432 0.034375
0 0.6672453703703703 0.34921875 0.004243827160493827 0.0265625
3 0.7957175925925926 0.41796875 0.010416666666666666 0.0515625
3 0.716820987654321 0.37734375 0.006172839506172839 0.0328125
0 0.7361111111111112 0.35234375 0.004629629629629629 0.0265625
3 0.7320601851851852 0.3875 0.006558641975308642 0.0375
3 0.9976851851851852 0.39375 0.004629629629629629 0.03125
0 0.8119212962962963 0.35625 0.004243827160493827 0.025