3 0.05613425925925926 0.1046875 0.008873456790123456 0.040625
3 0.9907407407407407 0.22265625 0.0038580246913580245 0.0203125
3 0.9212962962962963 0.2125 0.0038580246913580245 0.021875
3 0.32079475308641975 0.1296875 0.006558641975308642 0.034375
0 0.8408564814814815 0.19140625 0.004243827160493827 0.0203125
0 0.3425925925925926 0.10859375 0.0030864197530864196 0.0234375
0 0.09915123456790123 0.09609375 0.006172839506172839 0.0328125
3 0.022376543209876542 0.409375 0.043209876543209874 0.175
3 0.3680555555555556 0.12890625 0.005401234567901234 0.0296875
0 0.20756172839506173 0.1078125 0.006172839506172839 0.03125
3 0.3966049382716049 0.128125 0.004629629629629629 0.028125
3 0.5121527777777778 0.1171875 0.002700617283950617 0.015625
0 0.3584104938271605 0.09296875 0.0023148148148148147 0.0171875
0 0.16608796296296297 0.10390625 0.005787037037037037 0.0328125
0 0.25308641975308643 0.11171875 0.0030864197530864196 0.0296875
0 0.9307484567901234 0.2046875 0.004243827160493827 0.01875
3 0.8667052469135802 0.20234375 0.003472222222222222 0.0234375
3 0.345679012345679 0.60859375 0.05324074074074074 0.2453125
0 0.3123070987654321 0.11171875 0.004243827160493827 0.0265625
0 0.8971836419753086 0.2015625 0.003472222222222222 0.01875
0 0.2881944444444444 0.11171875 0.005401234567901234 0.0296875
3 0.17341820987654322 0.11953125 0.008101851851851851 0.0390625
0 0.3464506172839506 0.1046875 0.004629629629629629 0.021875
3 0.5748456790123457 0.13125 0.0023148148148148147 0.015625
3 0.25482253086419754 0.128125 0.0073302469135802465 0.0375
0 0.6095679012345679 0.1359375 0.0023148148148148147 0.015625
3 0.7102623456790124 0.165625 0.0030864197530864196 0.021875
0 0.8694058641975309 0.196875 0.002700617283950617 0.01875
3 0.41030092592592593 0.10625 0.003472222222222222 0.01875
0 0.7442129629629629 0.16953125 0.0030864197530864196 0.0171875
0 0.3873456790123457 0.09609375 0.0023148148148148147 0.0171875
3 0.8011188271604939 0.18828125 0.004243827160493827 0.0203125
3 0.42997685185185186 0.1046875 0.002700617283950617 0.015625
1 0.6876929012345679 0.1484375 0.003472222222222222 0.028125
3 0.5393518518518519 0.12265625 0.0023148148148148147 0.0171875
1 0.6957947530864198 0.15234375 0.003472222222222222 0.0265625
3 0.6161265432098766 0.14140625 0.0023148148148148147 0.0171875
0 0.6915509259259259 0.15546875 0.003472222222222222 0.0171875
3 0.47955246913580246 0.11171875 0.0023148148148148147 0.0140625
1 0.6520061728395061 0.1453125 0.0030864197530864196 0.028125
3 0.41512345679012347 0.1265625 0.0038580246913580245 0.021875
3 0.6566358024691358 0.1515625 0.0030864197530864196 0.01875
0 0.3315972222222222 0.1109375 0.005015432098765432 0.025
1 0.6603009259259259 0.146875 0.003472222222222222 0.028125
3 0.4251543209876543 0.1234375 0.0030864197530864196 0.021875
3 0.4226466049382716 0.11875 0.002700617283950617 0.021875
3 0.4203317901234568 0.1140625 0.002700617283950617 0.021875
0 0.9139660493827161 0.2046875 0.0030864197530864196 0.01875
3 0.41724537037037035 0.11171875 0.002700617283950617 0.0203125
0 0.8059413580246914 0.184375 0.0038580246913580245 0.01875
3 0.4504243827160494 0.10703125 0.002700617283950617 0.0171875
3 0.9637345679012346 0.2203125 0.004629629629629629 0.021875
0 0.5210262345679012 0.11640625 0.0019290123456790122 0.0140625
0 0.9614197530864198 0.20859375 0.0038580246913580245 0.0171875
3 0.7507716049382716 0.1765625 0.0030864197530864196 0.021875
0 0.3470293209876543 0.096875 0.003472222222222222 0.021875
0 0.5680941358024691 0.125 0.0019290123456790122 0.015625
0 0.7721836419753086 0.1765625 0.003472222222222222 0.021875
0 0.4724151234567901 0.10859375 0.0019290123456790122 0.0140625
0 0.42727623456790126 0.10078125 0.002700617283950617 0.0140625
3 0.41782407407407407 0.10546875 0.0023148148148148147 0.0171875