0 0.9074074074074074 0.2828125 0.008487654320987654 0.04375
0 0.1865354938271605 0.15234375 0.008101851851851851 0.0421875
0 0.24594907407407407 0.1375 0.006558641975308642 0.034375
3 0.3898533950617284 0.3078125 0.02044753086419753 0.09375
0 0.08198302469135803 0.2 0.015046296296296295 0.071875
3 0.4158950617283951 0.43203125 0.02546296296296296 0.1421875
3 0.9546682098765432 0.31953125 0.01273148148148148 0.0578125
0 0.13020833333333334 0.17109375 0.009645061728395061 0.0515625
0 0.7316743827160493 0.23515625 0.006558641975308642 0.0359375
3 0.6228780864197531 0.21640625 0.0073302469135802465 0.0390625
0 0.6768904320987654 0.215625 0.005787037037037037 0.034375
0 0.0314429012345679 0.278125 0.02353395061728395 0.109375
3 0.29050925925925924 0.1875 0.009259259259259259 0.053125
0 0.8969907407407407 0.2359375 0.0038580246913580245 0.01875
0 0.26176697530864196 0.12421875 0.005015432098765432 0.0296875
0 0.8047839506172839 0.2578125 0.007716049382716049 0.040625
3 0.9320987654320988 0.2390625 0.0030864197530864196 0.01875
0 0.6622299382716049 0.20234375 0.005015432098765432 0.0296875
0 0.7700617283950617 0.2015625 0.0030864197530864196 0.01875
3 0.6317515432098766 0.1734375 0.002700617283950617 0.01875
3 0.34857253086419754 0.159375 0.005787037037037037 0.034375
3 0.8605324074074074 0.21796875 0.003472222222222222 0.0171875
3 0.3092206790123457 0.1734375 0.008101851851851851 0.040625
3 0.6207561728395061 0.18515625 0.0038580246913580245 0.0265625
3 0.3256172839506173 0.2375 0.013117283950617283 0.071875
3 0.6494984567901234 0.18515625 0.004243827160493827 0.0234375
3 0.3586033950617284 0.1390625 0.004243827160493827 0.028125
3 0.39371141975308643 0.12890625 0.003472222222222222 0.0234375
0 0.3109567901234568 0.11484375 0.0038580246913580245 0.0234375
0 0.8302469135802469 0.2171875 0.0038580246913580245 0.01875
3 0.3782793209876543 0.134375 0.004243827160493827 0.025
0 0.7139274691358025 0.2078125 0.004243827160493827 0.025
3 0.5889274691358025 0.86875 0.04976851851851852 0.2625
3 0.7438271604938271 0.25625 0.009259259259259259 0.05
0 0.7239583333333334 0.2 0.002700617283950617 0.021875
0 0.3802083333333333 0.11015625 0.002700617283950617 0.0171875
0 0.3560956790123457 0.11015625 0.0030864197530864196 0.0203125
0 0.9564043209876543 0.25390625 0.0038580246913580245 0.0203125
3 0.44232253086419754 0.12265625 0.002700617283950617 0.0203125
0 0.7266589506172839 0.20546875 0.003472222222222222 0.0234375
3 0.925733024691358 0.21328125 0.002700617283950617 0.0140625
3 0.7345679012345679 0.18671875 0.0030864197530864196 0.0171875
3 0.8913966049382716 0.20703125 0.002700617283950617 0.0140625
3 0.7947530864197531 0.20078125 0.0030864197530864196 0.0171875
3 0.5750385802469136 0.19140625 0.005787037037037037 0.0328125
0 0.7119984567901234 0.190625 0.002700617283950617 0.021875
3 0.3543595679012346 0.14765625 0.005015432098765432 0.0296875
0 0.28607253086419754 0.11953125 0.004243827160493827 0.0265625
0 0.33564814814814814 0.11328125 0.0030864197530864196 0.0203125
3 0.4054783950617284 0.125 0.0030864197530864196 0.021875
3 0.6383101851851852 0.17734375 0.003472222222222222 0.0234375
3 0.5771604938271605 0.18046875 0.0030864197530864196 0.0265625
0 0.7166280864197531 0.1875 0.002700617283950617 0.01875
1 0.8059413580246914 0.184375 0.0030864197530864196 0.021875