3 0.46238425925925924 0.6859375 0.055169753086419755 0.2625
3 0.28684413580246915 0.38046875 0.017361111111111112 0.1328125
3 0.22395833333333334 0.253125 0.016589506172839507 0.084375
3 0.2013888888888889 0.2109375 0.012345679012345678 0.065625
3 0.1431327160493827 0.1796875 0.010802469135802469 0.05625
3 0.054205246913580245 0.15078125 0.011188271604938271 0.0515625
3 0.038580246913580245 0.09375 0.006172839506172839 0.028125
3 0.11149691358024691 0.10078125 0.005401234567901234 0.0265625
3 0.16878858024691357 0.10546875 0.004243827160493827 0.0234375
3 0.21219135802469136 0.10859375 0.0038580246913580245 0.0234375
3 0.23861882716049382 0.109375 0.004243827160493827 0.021875
3 0.2525077160493827 0.1078125 0.003472222222222222 0.01875
3 0.25945216049382713 0.10703125 0.003472222222222222 0.0203125
3 0.6687885802469136 0.178125 0.003472222222222222 0.015625
3 0.7075617283950617 0.18828125 0.0038580246913580245 0.0203125
3 0.7534722222222222 0.1984375 0.0038580246913580245 0.01875
3 0.8034336419753086 0.209375 0.004243827160493827 0.01875
3 0.8643904320987654 0.221875 0.004243827160493827 0.01875
3 0.9058641975308642 0.23125 0.0038580246913580245 0.01875
3 0.9506172839506173 0.24140625 0.0038580246913580245 0.0203125
3 0.9984567901234568 0.25390625 0.0030864197530864196 0.0203125
3 0.96875 0.27265625 0.006172839506172839 0.0328125
3 0.9610339506172839 0.27734375 0.004629629629629629 0.0328125
3 0.9635416666666666 0.28671875 0.0073302469135802465 0.0359375
3 0.9801311728395061 0.3 0.008101851851851851 0.040625
1 0.27912808641975306 0.328125 0.024305555555555556 0.20625
1 0.30439814814814814 0.35703125 0.03935185185185185 0.2265625
0 0.02488425925925926 0.08359375 0.005015432098765432 0.0265625
0 0.07658179012345678 0.090625 0.004243827160493827 0.025
0 0.11766975308641975 0.09453125 0.0038580246913580245 0.0234375
0 0.1413966049382716 0.0953125 0.004243827160493827 0.021875
0 0.16994598765432098 0.096875 0.004243827160493827 0.021875
0 0.1857638888888889 0.09609375 0.003472222222222222 0.0203125
0 0.19463734567901234 0.09609375 0.003472222222222222 0.0203125
0 0.2023533950617284 0.09140625 0.003472222222222222 0.0171875
0 0.23128858024691357 0.09375 0.003472222222222222 0.01875
0 0.9654706790123457 0.240625 0.003472222222222222 0.01875