0 0.2189429012345679 0.1390625 0.005787037037037037 0.034375
3 0.29899691358024694 0.32890625 0.016975308641975308 0.0953125
0 0.7781635802469136 0.24921875 0.006944444444444444 0.0421875
0 0.12770061728395063 0.21875 0.013117283950617283 0.06875
0 0.8526234567901234 0.284375 0.008487654320987654 0.05
0 0.15084876543209877 0.175 0.008487654320987654 0.05
3 0.35108024691358025 0.53671875 0.04089506172839506 0.1984375
3 0.3109567901234568 0.18125 0.006944444444444444 0.04375
3 0.32040895061728397 0.20390625 0.008873456790123456 0.0515625
0 0.1869212962962963 0.1546875 0.008101851851851851 0.040625
3 0.3325617283950617 0.24140625 0.010802469135802469 0.0609375
3 0.8734567901234568 0.328125 0.013888888888888888 0.06875
0 0.7997685185185185 0.2296875 0.005401234567901234 0.034375
3 0.644483024691358 0.2203125 0.006558641975308642 0.040625
0 0.8074845679012346 0.240625 0.005401234567901234 0.0375
0 0.2496141975308642 0.1296875 0.004629629629629629 0.028125
0 0.9870756172839507 0.325 0.01273148148148148 0.05625
3 0.6811342592592593 0.21640625 0.005787037037037037 0.0328125
3 0.7008101851851852 0.259375 0.009645061728395061 0.05
0 0.7407407407407407 0.20234375 0.0038580246913580245 0.0234375
0 0.9957561728395061 0.2515625 0.005401234567901234 0.021875
3 0.6932870370370371 0.20703125 0.005401234567901234 0.0296875
3 0.34780092592592593 0.140625 0.005015432098765432 0.028125
3 0.8668981481481481 0.2125 0.0038580246913580245 0.01875
0 0.8491512345679012 0.21796875 0.0030864197530864196 0.0203125
3 0.3595679012345679 0.13359375 0.004629629629629629 0.0265625
3 0.4400077160493827 0.1265625 0.002700617283950617 0.01875
3 0.8956404320987654 0.19375 0.002700617283950617 0.015625
3 0.32677469135802467 0.1625 0.006944444444444444 0.0375
3 0.38522376543209874 0.12890625 0.004243827160493827 0.0234375
0 0.9243827160493827 0.23515625 0.0038580246913580245 0.0203125
0 0.7743055555555556 0.21640625 0.0038580246913580245 0.0265625
3 0.7544367283950617 0.17265625 0.0019290123456790122 0.0140625
3 0.9490740740740741 0.23125 0.0030864197530864196 0.01875
3 0.41358024691358025 0.128125 0.0030864197530864196 0.01875
0 0.27276234567901236 0.12265625 0.004629629629629629 0.0234375
3 0.8229166666666666 0.18515625 0.0023148148148148147 0.0140625
3 0.7233796296296297 0.16640625 0.0023148148148148147 0.0140625
3 0.45794753086419754 0.1265625 0.0038580246913580245 0.01875
3 0.8622685185185185 0.19140625 0.0023148148148148147 0.0140625
0 0.3001543209876543 0.11875 0.0038580246913580245 0.021875
0 0.7847222222222222 0.20234375 0.0030864197530864196 0.0203125
3 0.6595293209876543 0.19296875 0.004243827160493827 0.0234375
3 0.6703317901234568 0.17578125 0.003472222222222222 0.0203125
0 0.9556327160493827 0.19375 0.0015432098765432098 0.0125
3 0.5264274691358025 0.13125 0.002700617283950617 0.015625
0 0.40760030864197533 0.12109375 0.002700617283950617 0.0171875
3 0.7332175925925926 0.1859375 0.002700617283950617 0.01875
3 0.48842592592592593 0.12734375 0.0023148148148148147 0.0171875
3 0.59375 0.14453125 0.0023148148148148147 0.0140625
3 0.7820216049382716 0.17734375 0.0023148148148148147 0.0140625
3 0.3395061728395062 0.15 0.005401234567901234 0.03125
0 0.8042052469135802 0.178125 0.0019290123456790122 0.0125
3 0.7961033950617284 0.19921875 0.002700617283950617 0.0171875
0 0.44907407407407407 0.121875 0.0023148148148148147 0.015625
0 0.5202546296296297 0.128125 0.0019290123456790122 0.015625
0 0.8778935185185185 0.1859375 0.0019290123456790122 0.0125
0 0.3410493827160494 0.11953125 0.0030864197530864196 0.0203125
0 0.9070216049382716 0.1875 0.0015432098765432098 0.0125
0 0.839891975308642 0.18203125 0.0023148148148148147 0.0140625
3 0.6909722222222222 0.1609375 0.0023148148148148147 0.0125
3 0.9783950617283951 0.2015625 0.0015432098765432098 0.015625
0 0.3734567901234568 0.11953125 0.0030864197530864196 0.0203125
0 0.7374614197530864 0.16796875 0.0019290123456790122 0.0140625
3 0.9328703703703703 0.196875 0.0015432098765432098 0.0125
0 0.5632716049382716 0.134375 0.0015432098765432098 0.0125
0 0.7110339506172839 0.1625 0.0015432098765432098 0.0125
3 0.6300154320987654 0.18125 0.0038580246913580245 0.021875
0 0.4837962962962963 0.125 0.0023148148148148147 0.015625
3 0.5561342592592593 0.1375 0.002700617283950617 0.0125
0 0.7648533950617284 0.17265625 0.002700617283950617 0.0140625
0 0.7297453703703703 0.19453125 0.002700617283950617 0.0203125
1 0.7721836419753086 0.17109375 0.0019290123456790122 0.0171875
3 0.660108024691358 0.15625 0.0015432098765432098 0.0125
3 0.6298225308641975 0.1515625 0.0019290123456790122 0.0125
1 0.7891589506172839 0.178125 0.002700617283950617 0.01875
0 0.6807484567901234 0.16015625 0.0019290123456790122 0.0109375
0 0.6051311728395061 0.14296875 0.0019290123456790122 0.0140625
0 0.6460262345679012 0.1515625 0.0019290123456790122 0.0125
1 0.7756558641975309 0.1734375 0.003472222222222222 0.01875
1 0.7590663580246914 0.1671875 0.002700617283950617 0.01875