0 0.5217978395061729 0.20234375 0.005787037037037037 0.0359375
0 0.47897376543209874 0.20703125 0.008101851851851851 0.0453125
3 0.453125 0.40546875 0.02353395061728395 0.1296875
0 0.2775848765432099 0.2390625 0.01273148148148148 0.075
3 0.6776620370370371 0.2203125 0.006558641975308642 0.0375
0 0.4261188271604938 0.215625 0.008873456790123456 0.053125
3 0.7210648148148148 0.2203125 0.006172839506172839 0.034375
3 0.7912808641975309 0.22578125 0.004629629629629629 0.0296875
3 0.5891203703703703 0.25390625 0.009259259259259259 0.0578125
0 0.625 0.19296875 0.004629629629629629 0.0296875
3 0.4992283950617284 0.2953125 0.013888888888888888 0.08125
3 0.5827546296296297 0.86796875 0.04205246913580247 0.2578125
3 0.6433256172839507 0.23125 0.0073302469135802465 0.04375
0 0.808641975308642 0.2078125 0.0038580246913580245 0.025
0 0.5619212962962963 0.1953125 0.005015432098765432 0.034375
0 0.6948302469135802 0.2015625 0.0038580246913580245 0.028125
0 0.9907407407407407 0.228125 0.0038580246913580245 0.01875
3 0.8466435185185185 0.22890625 0.004243827160493827 0.0296875
3 0.8753858024691358 0.225 0.0038580246913580245 0.028125
0 0.7598379629629629 0.20625 0.003472222222222222 0.025
0 0.8636188271604939 0.2171875 0.003472222222222222 0.021875
3 0.9845679012345679 0.2375 0.0030864197530864196 0.021875
0 0.9193672839506173 0.22265625 0.0030864197530864196 0.0203125
3 0.9224537037037037 0.2265625 0.0030864197530864196 0.021875
0 0.004629629629629629 0.31796875 0.008487654320987654 0.0609375