0 0.9122299382716049 0.27421875 0.0073302469135802465 0.0359375
0 0.01716820987654321 0.21640625 0.015817901234567902 0.0734375
0 0.17939814814814814 0.15390625 0.008487654320987654 0.0390625
0 0.9403935185185185 0.27265625 0.006558641975308642 0.0328125
0 0.09953703703703703 0.17890625 0.010802469135802469 0.0515625
3 0.3148148148148148 0.409375 0.027777777777777776 0.14375
0 0.9236111111111112 0.290625 0.008487654320987654 0.04375
3 0.30613425925925924 0.28671875 0.018132716049382717 0.0953125
3 0.2993827160493827 0.22265625 0.010030864197530864 0.0671875
0 0.2943672839506173 0.1375 0.006172839506172839 0.03125
3 0.7791280864197531 0.259375 0.0073302469135802465 0.040625
3 0.7951388888888888 0.24375 0.006944444444444444 0.034375
3 0.9573688271604939 0.25703125 0.005015432098765432 0.0265625
3 0.5227623456790124 0.1671875 0.0038580246913580245 0.025
3 0.2934027777777778 0.1921875 0.009645061728395061 0.05625
3 0.4791666666666667 0.825 0.06481481481481481 0.328125
3 0.859375 0.3234375 0.013503086419753086 0.05625
3 0.8209876543209876 0.1828125 0.0030864197530864196 0.015625
3 0.7177854938271605 0.18359375 0.003472222222222222 0.0171875
3 0.5941358024691358 0.17265625 0.0030864197530864196 0.0234375
3 0.38850308641975306 0.1578125 0.005401234567901234 0.03125
3 0.8229166666666666 0.23984375 0.006172839506172839 0.0296875
0 0.47087191358024694 0.15546875 0.003472222222222222 0.0203125
3 0.35628858024691357 0.159375 0.006558641975308642 0.034375
0 0.23591820987654322 0.14296875 0.0073302469135802465 0.0359375
0 0.5131172839506173 0.16171875 0.0030864197530864196 0.0203125
3 0.8757716049382716 0.24296875 0.005401234567901234 0.0265625
0 0.7878086419753086 0.1734375 0.0023148148148148147 0.0125
0 0.41705246913580246 0.14921875 0.004629629629629629 0.0234375
3 0.3099922839506173 0.1671875 0.008873456790123456 0.04375
0 0.5499614197530864 0.16328125 0.003472222222222222 0.0203125
3 0.767554012345679 0.18046875 0.003472222222222222 0.0171875
3 0.5588348765432098 0.17109375 0.004243827160493827 0.0234375
3 0.6867283950617284 0.18203125 0.0030864197530864196 0.0203125
3 0.484375 0.16484375 0.003472222222222222 0.0234375
1 0.6576003086419753 0.1734375 0.005015432098765432 0.03125
0 0.5788966049382716 0.16640625 0.002700617283950617 0.0171875
1 0.6454475308641975 0.1703125 0.004629629629629629 0.034375
0 0.9976851851851852 0.27734375 0.0038580246913580245 0.0296875
0 0.7048611111111112 0.16875 0.0030864197530864196 0.015625
1 0.613233024691358 0.1609375 0.004243827160493827 0.03125
3 0.43537808641975306 0.16015625 0.005015432098765432 0.0265625
0 0.7262731481481481 0.16875 0.002700617283950617 0.015625
3 0.7417052469135802 0.18046875 0.003472222222222222 0.0171875
0 0.7588734567901234 0.17109375 0.0023148148148148147 0.0140625
3 0.6251929012345679 0.17578125 0.003472222222222222 0.0203125
3 0.7959104938271605 0.18125 0.0030864197530864196 0.015625
1 0.6006944444444444 0.16015625 0.004629629629629629 0.0328125
0 0.3589891975308642 0.14140625 0.003472222222222222 0.0265625
0 0.6749614197530864 0.1703125 0.002700617283950617 0.015625
3 0.6504629629629629 0.17734375 0.0030864197530864196 0.0203125
0 0.6066743827160493 0.1671875 0.003472222222222222 0.01875