3 0.38503086419753085 0.49453125 0.035493827160493825 0.1765625
0 0.02199074074074074 0.1953125 0.014660493827160493 0.06875
0 0.17341820987654322 0.1546875 0.0073302469135802465 0.040625
3 0.7204861111111112 0.228125 0.005787037037037037 0.034375
3 0.2542438271604938 0.25234375 0.016975308641975308 0.0828125
0 0.9268904320987654 0.28671875 0.008101851851851851 0.0421875
3 0.8935185185185185 0.3078125 0.010030864197530864 0.053125
0 0.9940200617283951 0.27265625 0.005787037037037037 0.0265625
0 0.22511574074074073 0.14609375 0.006558641975308642 0.0328125
3 0.28858024691358025 0.3328125 0.022376543209876542 0.1125
3 0.30632716049382713 0.184375 0.010030864197530864 0.05
0 0.9189814814814815 0.2609375 0.005401234567901234 0.028125
3 0.7307098765432098 0.26015625 0.008487654320987654 0.0421875
3 0.34085648148148145 0.15625 0.005787037037037037 0.0375
0 0.8668981481481481 0.25390625 0.006172839506172839 0.0296875
0 0.2839506172839506 0.1375 0.004629629629629629 0.028125
3 0.8182870370370371 0.23125 0.004629629629629629 0.025
0 0.11824845679012345 0.16875 0.009645061728395061 0.05
3 0.9762731481481481 0.25859375 0.004243827160493827 0.0234375
3 0.27507716049382713 0.20703125 0.012345679012345678 0.0609375
3 0.8854166666666666 0.240625 0.004629629629629629 0.025
3 0.7683256172839507 0.22578125 0.005015432098765432 0.0296875
3 0.5729166666666666 0.1671875 0.0030864197530864196 0.021875
3 0.49170524691358025 0.15625 0.003472222222222222 0.021875
3 0.36863425925925924 0.14765625 0.005015432098765432 0.0296875
0 0.330054012345679 0.13515625 0.004243827160493827 0.0265625
3 0.44695216049382713 0.15078125 0.003472222222222222 0.0234375
0 0.8395061728395061 0.25546875 0.006944444444444444 0.0359375
0 0.4338348765432099 0.140625 0.003472222222222222 0.021875
0 0.37905092592592593 0.13515625 0.003472222222222222 0.0234375
3 0.41396604938271603 0.14765625 0.0038580246913580245 0.0265625
3 0.3296682098765432 0.1671875 0.0073302469135802465 0.040625
3 0.5364583333333334 0.16328125 0.003472222222222222 0.0203125
0 0.4866898148148148 0.15 0.003472222222222222 0.021875
3 0.6439043209876543 0.17578125 0.0030864197530864196 0.0203125
1 0.7104552469135802 0.1796875 0.004243827160493827 0.028125
3 0.6084104938271605 0.17265625 0.0030864197530864196 0.0203125
1 0.6977237654320988 0.17734375 0.004243827160493827 0.0296875
1 0.6626157407407407 0.16796875 0.003472222222222222 0.0296875
1 0.675733024691358 0.1703125 0.004243827160493827 0.028125
3 0.9016203703703703 0.2 0.0023148148148148147 0.015625
3 0.6763117283950617 0.18125 0.0038580246913580245 0.01875
3 0.7035108024691358 0.18359375 0.003472222222222222 0.0203125
3 0.7426697530864198 0.18984375 0.0030864197530864196 0.0203125
3 0.7781635802469136 0.19296875 0.0038580246913580245 0.0203125
3 0.8059413580246914 0.19375 0.0038580246913580245 0.01875
3 0.8362268518518519 0.19453125 0.003472222222222222 0.0171875
3 0.8703703703703703 0.196875 0.0038580246913580245 0.01875
3 0.9357638888888888 0.20234375 0.003472222222222222 0.0171875
3 0.9756944444444444 0.20546875 0.0030864197530864196 0.0171875
0 0.5767746913580247 0.165625 0.0030864197530864196 0.01875
0 0.6114969135802469 0.16796875 0.0030864197530864196 0.0203125
0 0.6404320987654321 0.17265625 0.0023148148148148147 0.0171875
0 0.6689814814814815 0.17421875 0.0030864197530864196 0.0203125
0 0.7079475308641975 0.178125 0.0030864197530864196 0.01875
0 0.7407407407407407 0.1796875 0.0023148148148148147 0.015625
0 0.7743055555555556 0.18125 0.0030864197530864196 0.01875
0 0.7986111111111112 0.1828125 0.0030864197530864196 0.015625
0 0.8366126543209876 0.1859375 0.003472222222222222 0.015625
0 0.9029706790123457 0.19375 0.002700617283950617 0.015625
0 0.9330632716049383 0.19296875 0.002700617283950617 0.0140625
0 0.9596836419753086 0.19609375 0.002700617283950617 0.0140625
0 0.9783950617283951 0.19765625 0.0030864197530864196 0.0140625