3 0.7378472222222222 0.22421875 0.0073302469135802465 0.0390625
0 0.09008487654320987 0.1515625 0.008873456790123456 0.04375
0 0.035493827160493825 0.17265625 0.011574074074074073 0.0578125
3 0.2611882716049383 0.3421875 0.021604938271604937 0.115625
0 0.15933641975308643 0.140625 0.006944444444444444 0.034375
3 0.2349537037037037 0.25 0.014660493827160493 0.078125
0 0.8983410493827161 0.24453125 0.008101851851851851 0.0390625
3 0.35223765432098764 0.61796875 0.047839506172839504 0.2390625
0 0.9967206790123457 0.27578125 0.005787037037037037 0.0453125
0 0.8061342592592593 0.21875 0.005787037037037037 0.034375
3 0.2934027777777778 0.14609375 0.0073302469135802465 0.0359375
3 0.9380787037037037 0.30390625 0.01427469135802469 0.0640625
3 0.6566358024691358 0.1796875 0.004629629629629629 0.028125
3 0.3221450617283951 0.1375 0.005401234567901234 0.03125
3 0.25829475308641975 0.1578125 0.008101851851851851 0.040625
3 0.84375 0.1953125 0.0038580246913580245 0.021875
3 0.22511574074074073 0.20703125 0.011188271604938271 0.0609375
0 0.8560956790123457 0.2078125 0.0038580246913580245 0.025
3 0.6383101851851852 0.2 0.005787037037037037 0.03125
0 0.251929012345679 0.12734375 0.0038580246913580245 0.0234375
0 0.7534722222222222 0.19921875 0.005401234567901234 0.0296875
0 0.7964891975308642 0.20078125 0.004243827160493827 0.0265625
3 0.22897376543209877 0.178125 0.006558641975308642 0.05
3 0.8472222222222222 0.25625 0.009259259259259259 0.046875
3 0.7737268518518519 0.18671875 0.004243827160493827 0.0234375
0 0.20582561728395063 0.13359375 0.005787037037037037 0.0296875
3 0.41531635802469136 0.1265625 0.003472222222222222 0.021875
0 0.3929398148148148 0.11875 0.002700617283950617 0.01875
3 0.33892746913580246 0.13125 0.004243827160493827 0.028125
3 0.3707561728395062 0.12578125 0.0038580246913580245 0.0234375
0 0.34780092592592593 0.11953125 0.003472222222222222 0.0203125
0 0.30516975308641975 0.121875 0.0038580246913580245 0.021875
1 0.6637731481481481 0.14296875 0.002700617283950617 0.0234375
3 0.4481095679012346 0.1296875 0.0019290123456790122 0.01875
1 0.6766975308641975 0.14375 0.0030864197530864196 0.025
3 0.9311342592592593 0.21015625 0.002700617283950617 0.0203125
0 0.9328703703703703 0.2203125 0.0038580246913580245 0.025
1 0.6919367283950617 0.14765625 0.003472222222222222 0.0265625
1 0.705054012345679 0.15 0.003472222222222222 0.025
0 0.44425154320987653 0.1234375 0.0019290123456790122 0.01875
3 0.7150848765432098 0.18046875 0.004243827160493827 0.0234375