3 0.4278549382716049 0.59921875 0.03780864197530864 0.2171875
3 0.47434413580246915 0.4078125 0.02507716049382716 0.128125
3 0.5688657407407407 0.35234375 0.018132716049382717 0.0921875
3 0.6770833333333334 0.34453125 0.014660493827160493 0.0734375
3 0.8036265432098766 0.3625 0.013888888888888888 0.065625
3 0.9546682098765432 0.40234375 0.013503086419753086 0.0671875
3 0.9486882716049383 0.35625 0.009259259259259259 0.046875
3 0.9272762345679012 0.3296875 0.008101851851851851 0.0375
3 0.9618055555555556 0.32890625 0.007716049382716049 0.0328125
0 0.21045524691358025 0.30234375 0.02199074074074074 0.1078125
0 0.4020061728395062 0.271875 0.014660493827160493 0.075
0 0.5621141975308642 0.2796875 0.011574074074074073 0.059375
0 0.7247299382716049 0.309375 0.009645061728395061 0.053125
0 0.8829089506172839 0.35 0.009645061728395061 0.053125
2 0.6786265432098766 0.2625 0.007716049382716049 0.040625
2 0.7407407407407407 0.27109375 0.007716049382716049 0.0359375
2 0.7723765432098766 0.303125 0.009259259259259259 0.046875
2 0.8344907407407407 0.309375 0.008487654320987654 0.040625