3 0.6116898148148148 0.86171875 0.057484567901234566 0.2765625
3 0.5289351851851852 0.559375 0.035493827160493825 0.19375
3 0.5291280864197531 0.37734375 0.02199074074074074 0.1109375
3 0.49170524691358025 0.3078125 0.017361111111111112 0.0875
3 0.4070216049382716 0.2546875 0.015432098765432098 0.071875
3 0.3395061728395062 0.21796875 0.013117283950617283 0.0609375
3 0.2829861111111111 0.1921875 0.011959876543209876 0.05625
3 0.2162422839506173 0.16640625 0.011188271604938271 0.0484375
3 0.15316358024691357 0.146875 0.010802469135802469 0.046875
3 0.08796296296296297 0.12890625 0.009259259259259259 0.0421875
3 0.03819444444444445 0.115625 0.009259259259259259 0.04375
0 0.018132716049382717 0.1421875 0.013888888888888888 0.05625
0 0.017554012345679014 0.39609375 0.03510802469135803 0.1671875
0 0.06635802469135803 0.16015625 0.013117283950617283 0.0609375
0 0.11786265432098765 0.1828125 0.015817901234567902 0.06875
0 0.15046296296296297 0.2078125 0.018518518518518517 0.06875
0 0.1711033950617284 0.31484375 0.024305555555555556 0.1109375
0 0.18557098765432098 0.23671875 0.015432098765432098 0.0765625
0 0.19656635802469136 0.27421875 0.019675925925925927 0.0953125
3 0.025270061728395063 0.0765625 0.005015432098765432 0.03125
3 0.09934413580246913 0.090625 0.005787037037037037 0.028125
3 0.17689043209876543 0.10703125 0.005787037037037037 0.0234375
3 0.24189814814814814 0.11875 0.004629629629629629 0.028125
3 0.31790123456790126 0.13359375 0.006172839506172839 0.0296875
3 0.36651234567901236 0.14375 0.005401234567901234 0.025
3 0.4089506172839506 0.15234375 0.004629629629629629 0.0203125
3 0.44753086419753085 0.15703125 0.004629629629629629 0.0234375
3 0.455054012345679 0.14765625 0.003472222222222222 0.0171875
3 0.4643132716049383 0.146875 0.003472222222222222 0.01875
3 0.4679783950617284 0.15859375 0.0038580246913580245 0.0203125
3 0.47260802469135804 0.1546875 0.0030864197530864196 0.01875
3 0.47685185185185186 0.15703125 0.0038580246913580245 0.0203125
3 0.4834104938271605 0.15078125 0.0030864197530864196 0.0171875
3 0.5023148148148148 0.15546875 0.0030864197530864196 0.0171875
3 0.5283564814814815 0.16171875 0.003472222222222222 0.0171875
3 0.5578703703703703 0.16875 0.0030864197530864196 0.01875
3 0.5837191358024691 0.17734375 0.0038580246913580245 0.0203125
3 0.6020447530864198 0.18203125 0.003472222222222222 0.0171875
3 0.6194058641975309 0.1890625 0.003472222222222222 0.01875
3 0.6365740740740741 0.19453125 0.0038580246913580245 0.0203125
3 0.6695601851851852 0.20546875 0.004243827160493827 0.0203125
3 0.7079475308641975 0.2171875 0.0038580246913580245 0.021875
3 0.7544367283950617 0.22890625 0.004243827160493827 0.0203125
3 0.7953317901234568 0.240625 0.004243827160493827 0.021875
3 0.8344907407407407 0.24921875 0.004629629629629629 0.0234375
3 0.8678626543209876 0.259375 0.004243827160493827 0.021875
3 0.9031635802469136 0.26640625 0.004629629629629629 0.0234375
3 0.9498456790123457 0.27734375 0.0038580246913580245 0.0234375
3 0.9795524691358025 0.28671875 0.004629629629629629 0.0234375
1 0.2349537037037037 0.1109375 0.004629629629629629 0.0375
1 0.23804012345679013 0.10625 0.0038580246913580245 0.034375
1 0.2488425925925926 0.1140625 0.005401234567901234 0.0375
0 0.032407407407407406 0.07265625 0.004629629629629629 0.0265625
0 0.11130401234567901 0.0890625 0.004243827160493827 0.021875
0 0.18190586419753085 0.103125 0.004243827160493827 0.021875
0 0.3113425925925926 0.12734375 0.004629629629629629 0.0234375
0 0.34375 0.13515625 0.004629629629629629 0.0234375
0 0.37191358024691357 0.140625 0.004629629629629629 0.021875
0 0.39467592592592593 0.14296875 0.004629629629629629 0.0234375
0 0.4174382716049383 0.14375 0.0038580246913580245 0.01875
0 0.4050925925925926 0.1375 0.0030864197530864196 0.015625
0 0.4270833333333333 0.1375 0.0030864197530864196 0.015625
0 0.4600694444444444 0.14453125 0.002700617283950617 0.0140625
0 0.5414737654320988 0.1625 0.003472222222222222 0.015625
0 0.5802469135802469 0.171875 0.0030864197530864196 0.015625
0 0.6161265432098766 0.18359375 0.0030864197530864196 0.0171875
0 0.6448688271604939 0.19140625 0.003472222222222222 0.0171875
0 0.6662808641975309 0.19921875 0.0030864197530864196 0.0171875
0 0.6803626543209876 0.2046875 0.003472222222222222 0.01875
0 0.7052469135802469 0.21171875 0.0030864197530864196 0.0171875
0 0.7341820987654321 0.21953125 0.0030864197530864196 0.0203125
0 0.7575231481481481 0.2265625 0.003472222222222222 0.01875
0 0.7881944444444444 0.23515625 0.0038580246913580245 0.0203125
0 0.8148148148148148 0.24140625 0.0038580246913580245 0.0203125
0 0.8395061728395061 0.2484375 0.0038580246913580245 0.01875
0 0.8636188271604939 0.253125 0.003472222222222222 0.01875
0 0.9120370370370371 0.265625 0.0038580246913580245 0.01875
0 0.9737654320987654 0.28046875 0.004629629629629629 0.0203125
2 0.007716049382716049 0.05 0.0030864197530864196 0.015625
2 0.06751543209876543 0.0640625 0.0038580246913580245 0.01875
2 0.08661265432098765 0.065625 0.004243827160493827 0.015625
2 0.11959876543209877 0.06953125 0.0038580246913580245 0.0203125
2 0.13483796296296297 0.078125 0.003472222222222222 0.01875
2 0.1415895061728395 0.0765625 0.0030864197530864196 0.015625
2 0.14525462962962962 0.07578125 0.003472222222222222 0.0171875
2 0.19020061728395063 0.0828125 0.0023148148148148147 0.015625
2 0.1857638888888889 0.08671875 0.002700617283950617 0.0140625
0 0.18306327160493827 0.0828125 0.002700617283950617 0.0125
2 0.20717592592592593 0.08359375 0.0023148148148148147 0.0140625
2 0.2197145061728395 0.084375 0.002700617283950617 0.0125
2 0.2309027777777778 0.0890625 0.0019290123456790122 0.0125
2 0.22550154320987653 0.08515625 0.0019290123456790122 0.0109375
2 0.24807098765432098 0.0875 0.0023148148148148147 0.0125
2 0.26003086419753085 0.09296875 0.0023148148148148147 0.0140625
2 0.22916666666666666 0.08046875 0.0023148148148148147 0.0140625
2 0.22318672839506173 0.0828125 0.0019290123456790122 0.0125
2 0.25482253086419754 0.084375 0.002700617283950617 0.015625
0 0.5005787037037037 0.15234375 0.002700617283950617 0.0171875