3 0.6141975308641975 0.26640625 0.016975308641975308 0.0890625
0 0.3099922839506173 0.45546875 0.028935185185185185 0.1515625
0 0.24035493827160495 0.3390625 0.017746913580246913 0.09375
0 0.9631558641975309 0.0890625 0.0073302469135802465 0.034375
0 0.24305555555555555 0.27578125 0.010802469135802469 0.0671875
0 0.20081018518518517 0.18359375 0.005015432098765432 0.0296875
0 0.3152006172839506 0.18046875 0.006172839506172839 0.0359375
0 0.2768132716049383 0.2359375 0.010416666666666666 0.053125
0 0.03356481481481482 0.2046875 0.005401234567901234 0.03125
0 0.8559027777777778 0.0953125 0.005787037037037037 0.03125
3 0.4220679012345679 0.15703125 0.005401234567901234 0.0328125
3 0.4681712962962963 0.19375 0.008101851851851851 0.05
3 0.8759645061728395 0.11015625 0.0073302469135802465 0.0390625
3 0.9789737654320988 0.10625 0.008873456790123456 0.04375
0 0.25578703703703703 0.1828125 0.005401234567901234 0.03125
0 0.7515432098765432 0.10078125 0.004629629629629629 0.0265625
0 0.13310185185185186 0.1890625 0.005401234567901234 0.03125
0 0.35223765432098764 0.18984375 0.006944444444444444 0.0421875
3 0.7764274691358025 0.11484375 0.0073302469135802465 0.0359375
3 0.47357253086419754 0.234375 0.011188271604938271 0.065625
3 0.05709876543209876 0.17421875 0.0030864197530864196 0.0171875
3 0.1574074074074074 0.17421875 0.0038580246913580245 0.0234375
0 0.6095679012345679 0.11015625 0.0038580246913580245 0.0234375
3 0.6896219135802469 0.115625 0.005787037037037037 0.03125
0 0.171875 0.15078125 0.0019290123456790122 0.0140625
3 0.046875 0.18984375 0.004243827160493827 0.0265625
3 0.5096450617283951 0.12734375 0.0038580246913580245 0.0234375
3 0.48823302469135804 0.1671875 0.0073302469135802465 0.040625
0 0.294945987654321 0.92109375 0.028935185185185185 0.1546875
0 0.4992283950617284 0.11875 0.0030864197530864196 0.021875
0 0.34683641975308643 0.12890625 0.0023148148148148147 0.0171875
0 0.009645061728395061 0.175 0.0023148148148148147 0.015625
3 0.3427854938271605 0.1578125 0.004243827160493827 0.028125
0 0.251929012345679 0.1375 0.0023148148148148147 0.015625
3 0.3425925925925926 0.13671875 0.0023148148148148147 0.0171875
3 0.4504243827160494 0.12421875 0.003472222222222222 0.0234375
3 0.3130787037037037 0.140625 0.002700617283950617 0.01875
3 0.1853780864197531 0.15390625 0.002700617283950617 0.0171875
3 0.6259645061728395 0.1203125 0.005015432098765432 0.028125
3 0.12152777777777778 0.165625 0.0030864197530864196 0.015625
3 0.5690586419753086 0.12578125 0.0038580246913580245 0.0265625
3 0.24016203703703703 0.14609375 0.002700617283950617 0.0171875
0 0.20698302469135801 0.14609375 0.0019290123456790122 0.0140625
0 0.4376929012345679 0.11953125 0.003472222222222222 0.0203125
3 0.27719907407407407 0.1421875 0.002700617283950617 0.01875
0 0.5484182098765432 0.11484375 0.002700617283950617 0.0203125
0 0.13618827160493827 0.15625 0.0023148148148148147 0.015625
0 0.07175925925925926 0.165625 0.0023148148148148147 0.015625
3 0.3856095679012346 0.13125 0.002700617283950617 0.01875
0 0.6817129629629629 0.103125 0.0038580246913580245 0.025
3 0.25385802469135804 0.16171875 0.004629629629629629 0.0296875
0 0.3169367283950617 0.13046875 0.0011574074074074073 0.0140625