0 0.2341820987654321 0.25390625 0.017746913580246913 0.0828125
0 0.8524305555555556 0.29375 0.0073302469135802465 0.040625
3 0.47357253086419754 0.45625 0.025848765432098766 0.15
3 0.7712191358024691 0.31484375 0.010802469135802469 0.0609375
0 0.39891975308641975 0.2359375 0.010802469135802469 0.059375
3 0.6612654320987654 0.3046875 0.012345679012345678 0.065625
0 0.5295138888888888 0.23828125 0.008101851851851851 0.0515625
3 0.6014660493827161 0.31171875 0.014660493827160493 0.0765625
3 0.49864969135802467 0.3515625 0.01890432098765432 0.103125
0 0.7854938271604939 0.28125 0.007716049382716049 0.04375
3 0.9812885802469136 0.3515625 0.010416666666666666 0.053125
0 0.9112654320987654 0.2984375 0.006172839506172839 0.0375
3 0.9467592592592593 0.2859375 0.004629629629629629 0.028125
3 0.8912037037037037 0.33515625 0.009259259259259259 0.0515625
0 0.8958333333333334 0.28125 0.0038580246913580245 0.034375
0 0.8647762345679012 0.26796875 0.005787037037037037 0.0296875
3 0.9645061728395061 0.26796875 0.0030864197530864196 0.0203125
3 0.9220679012345679 0.2578125 0.0030864197530864196 0.01875
0 0.016203703703703703 0.33671875 0.032407407407407406 0.1390625
0 0.6604938271604939 0.25625 0.007716049382716049 0.04375
3 0.8790509259259259 0.2609375 0.003472222222222222 0.025
3 0.886766975308642 0.25078125 0.002700617283950617 0.0203125
3 0.5538194444444444 0.73125 0.055169753086419755 0.265625
0 0.9407793209876543 0.2578125 0.002700617283950617 0.01875
0 0.7947530864197531 0.225 0.0030864197530864196 0.01875
0 0.8034336419753086 0.24453125 0.004243827160493827 0.0265625
0 0.7700617283950617 0.22890625 0.0038580246913580245 0.0203125
0 0.8823302469135802 0.24296875 0.0023148148148148147 0.0171875
0 0.8921682098765432 0.30078125 0.006558641975308642 0.0390625
0 0.8323688271604939 0.23125 0.002700617283950617 0.01875
0 0.7683256172839507 0.22265625 0.002700617283950617 0.0203125
3 0.8505015432098766 0.24609375 0.004243827160493827 0.0234375
3 0.8551311728395061 0.25 0.003472222222222222 0.021875
3 0.8599537037037037 0.24609375 0.0030864197530864196 0.0203125
0 0.9149305555555556 0.2921875 0.004243827160493827 0.034375