0 0.8778935185185185 0.16640625 0.01273148148148148 0.0671875
1 0.7625385802469136 0.26171875 0.03356481481481482 0.1890625
0 0.8260030864197531 0.13359375 0.010030864197530864 0.0515625
0 0.5009645061728395 0.11640625 0.004243827160493827 0.0265625
0 0.7839506172839507 0.125 0.008487654320987654 0.046875
0 0.5827546296296297 0.125 0.006558641975308642 0.034375
0 0.8532021604938271 0.19296875 0.015817901234567902 0.0765625
1 0.7858796296296297 0.2421875 0.020833333333333332 0.175
0 0.7341820987654321 0.12109375 0.007716049382716049 0.0421875
3 0.9834104938271605 0.11171875 0.010802469135802469 0.0484375
0 0.6873070987654321 0.1203125 0.0073302469135802465 0.040625
3 0.8942901234567902 0.103125 0.008487654320987654 0.040625
3 0.6076388888888888 0.10703125 0.006172839506172839 0.0296875
0 0.6199845679012346 0.4671875 0.040123456790123455 0.190625
0 0.5162037037037037 0.1234375 0.004629629629629629 0.03125
0 0.9510030864197531 0.05625 0.004629629629629629 0.025
3 0.904320987654321 0.06640625 0.005401234567901234 0.0265625
0 0.5243055555555556 0.10703125 0.004629629629629629 0.0234375
0 0.8607253086419753 0.14609375 0.011574074074074073 0.0578125
3 0.9650848765432098 0.0625 0.005787037037037037 0.028125
3 0.6408179012345679 0.10625 0.006172839506172839 0.03125
3 0.6246141975308642 0.09296875 0.004629629629629629 0.0234375
3 0.7403549382716049 0.10078125 0.006944444444444444 0.0328125
3 0.8182870370370371 0.1015625 0.007716049382716049 0.034375
3 0.8206018518518519 0.07109375 0.005401234567901234 0.0234375
3 0.5922067901234568 0.10390625 0.004629629629629629 0.0265625
0 0.9149305555555556 0.059375 0.005015432098765432 0.025
0 0.6348379629629629 0.08515625 0.004243827160493827 0.0203125
3 0.6018518518518519 0.0984375 0.004629629629629629 0.025
0 0.8393132716049383 0.0640625 0.003472222222222222 0.021875
0 0.699266975308642 0.07734375 0.003472222222222222 0.0203125
3 0.7183641975308642 0.08046875 0.004629629629629629 0.0234375
3 0.6643518518518519 0.08671875 0.004629629629629629 0.0234375
0 0.5733024691358025 0.0953125 0.004629629629629629 0.021875
3 0.7716049382716049 0.07421875 0.005401234567901234 0.0234375
0 0.7679398148148148 0.06953125 0.004243827160493827 0.0203125
0 0.7781635802469136 0.284375 0.014660493827160493 0.115625