0 0.07542438271604938 0.10390625 0.008101851851851851 0.0390625
0 0.14679783950617284 0.11015625 0.008101851851851851 0.0359375
0 0.2330246913580247 0.11484375 0.006944444444444444 0.0328125
3 0.10435956790123457 0.39453125 0.03433641975308642 0.1609375
3 0.33526234567901236 0.1375 0.006944444444444444 0.034375
0 0.26948302469135804 0.11640625 0.005787037037037037 0.0296875
3 0.2797067901234568 0.1375 0.006944444444444444 0.0375
0 0.2019675925925926 0.1140625 0.005787037037037037 0.034375
3 0.36593364197530864 0.1359375 0.006558641975308642 0.03125
0 0.019097222222222224 0.0984375 0.008873456790123456 0.040625
3 0.09259259259259259 0.125 0.010030864197530864 0.046875
3 0.8040123456790124 0.1953125 0.004629629629629629 0.01875
3 0.4056712962962963 0.12265625 0.003472222222222222 0.0234375
3 0.7835648148148148 0.1875 0.0038580246913580245 0.01875
0 0.9789737654320988 0.24609375 0.005787037037037037 0.0234375
3 0.7272376543209876 0.17265625 0.0038580246913580245 0.0171875
0 0.9429012345679012 0.2359375 0.0038580246913580245 0.021875
3 0.47183641975308643 0.134375 0.005401234567901234 0.025
3 0.8171296296296297 0.2015625 0.004629629629629629 0.021875
0 0.2881944444444444 0.1140625 0.006172839506172839 0.028125
3 0.7629243827160493 0.18125 0.003472222222222222 0.01875
3 0.5524691358024691 0.1453125 0.0038580246913580245 0.021875
3 0.9714506172839507 0.24921875 0.006172839506172839 0.0265625
0 0.8823302469135802 0.215625 0.0038580246913580245 0.01875
3 0.8470293209876543 0.21328125 0.004243827160493827 0.0203125
3 0.5092592592592593 0.13984375 0.0038580246913580245 0.0234375
3 0.5902777777777778 0.146875 0.0038580246913580245 0.01875
3 0.5812114197530864 0.14609375 0.003472222222222222 0.0171875
0 0.8939043209876543 0.22109375 0.004629629629629629 0.0234375
0 0.47723765432098764 0.12890625 0.0038580246913580245 0.0203125
3 0.20003858024691357 0.134375 0.008873456790123456 0.040625
3 0.6655092592592593 0.159375 0.0038580246913580245 0.015625
0 0.3001543209876543 0.1046875 0.0030864197530864196 0.025
3 0.46334876543209874 0.67421875 0.05555555555555555 0.2671875
0 0.41107253086419754 0.11953125 0.003472222222222222 0.0203125
3 0.3734567901234568 0.12265625 0.005401234567901234 0.0265625
0 0.453125 0.12578125 0.004243827160493827 0.0203125
0 0.2935956790123457 0.11015625 0.0030864197530864196 0.0265625
3 0.6358024691358025 0.153125 0.0038580246913580245 0.01875
0 0.9108796296296297 0.2265625 0.0038580246913580245 0.021875
0 0.2970679012345679 0.11328125 0.0038580246913580245 0.0265625
3 0.5731095679012346 0.1484375 0.003472222222222222 0.01875
3 0.9066358024691358 0.23046875 0.004629629629629629 0.0234375
3 0.3786651234567901 0.13203125 0.005787037037037037 0.0328125
3 0.38136574074074076 0.11796875 0.003472222222222222 0.0234375
3 0.3836805555555556 0.128125 0.005015432098765432 0.028125
0 0.3317901234567901 0.1046875 0.0038580246913580245 0.021875
3 0.6954089506172839 0.165625 0.003472222222222222 0.01875
3 0.6105324074074074 0.1484375 0.003472222222222222 0.01875
0 0.5023148148148148 0.1328125 0.0030864197530864196 0.01875
0 0.5185185185185185 0.13515625 0.0030864197530864196 0.0203125
0 0.5260416666666666 0.13515625 0.002700617283950617 0.0203125
0 0.5407021604938271 0.1359375 0.002700617283950617 0.01875
0 0.8614969135802469 0.20703125 0.0030864197530864196 0.0171875
0 0.7442129629629629 0.175 0.0030864197530864196 0.015625
0 0.7895447530864198 0.18671875 0.002700617283950617 0.0171875
0 0.37037037037037035 0.11171875 0.0030864197530864196 0.0203125
0 0.5738811728395061 0.1390625 0.0019290123456790122 0.0125
0 0.6518132716049383 0.153125 0.0019290123456790122 0.0125
3 0.8277391975308642 0.20546875 0.005015432098765432 0.0203125
0 0.6977237654320988 0.1640625 0.0019290123456790122 0.0125