0 0.13117283950617284 0.2890625 0.012345679012345678 0.0625
0 0.25559413580246915 0.27265625 0.01273148148148148 0.0671875
0 0.453125 0.31796875 0.01890432098765432 0.1046875
0 0.5027006172839507 0.4390625 0.027777777777777776 0.159375
3 0.5030864197530864 0.2171875 0.012345679012345678 0.065625
3 0.6657021604938271 0.2421875 0.017361111111111112 0.0875
0 0.3626543209876543 0.278125 0.013888888888888888 0.08125
3 0.2017746913580247 0.24453125 0.010030864197530864 0.0515625
3 0.876929012345679 0.35234375 0.030864197530864196 0.1515625
3 0.3551311728395062 0.2203125 0.009645061728395061 0.053125
0 0.4195601851851852 0.78046875 0.06442901234567901 0.3171875
3 0.028742283950617283 0.284375 0.010416666666666666 0.05
2 0.030864197530864196 0.253125 0.006172839506172839 0.0375