0 0.9025848765432098 0.1109375 0.0073302469135802465 0.0375
0 0.8248456790123457 0.2421875 0.018518518518518517 0.090625
0 0.8888888888888888 0.134375 0.009259259259259259 0.046875
0 0.7231867283950617 0.4265625 0.03587962962962963 0.16875
0 0.8678626543209876 0.1703125 0.011959876543209876 0.059375
0 0.9116512345679012 0.09609375 0.005401234567901234 0.0296875
3 0.9870756172839507 0.05859375 0.003472222222222222 0.0171875
3 0.9928626543209876 0.0625 0.004243827160493827 0.021875
3 0.9974922839506173 0.06796875 0.004243827160493827 0.0234375
0 0.09780092592592593 0.2859375 0.015817901234567902 0.078125
0 0.9288194444444444 0.0625 0.002700617283950617 0.01875
0 0.9259259259259259 0.0671875 0.0030864197530864196 0.021875
0 0.9226466049382716 0.07421875 0.005015432098765432 0.0234375
0 0.9178240740740741 0.08359375 0.005401234567901234 0.0265625