0 0.9236111111111112 0.5140625 0.03009259259259259 0.121875
3 0.9592978395061729 0.32421875 0.004243827160493827 0.0265625
0 0.5680941358024691 0.29453125 0.005787037037037037 0.0296875
0 0.5594135802469136 0.28984375 0.004629629629629629 0.0234375
0 0.9232253086419753 0.31875 0.0038580246913580245 0.021875
0 0.6199845679012346 0.30234375 0.006172839506172839 0.0328125
0 0.857445987654321 0.34609375 0.009645061728395061 0.0515625
3 0.7170138888888888 0.3078125 0.005787037037037037 0.028125
0 0.9851466049382716 0.32421875 0.005015432098765432 0.0234375
3 0.675733024691358 0.30078125 0.004243827160493827 0.0234375
0 0.7341820987654321 0.32578125 0.008487654320987654 0.0421875
3 0.8805941358024691 0.31796875 0.005787037037037037 0.0265625
3 0.8132716049382716 0.3125 0.0038580246913580245 0.025
0 0.5943287037037037 0.2921875 0.004243827160493827 0.021875
0 0.6676311728395061 0.31484375 0.0073302469135802465 0.0390625
0 0.5451388888888888 0.290625 0.004629629629629629 0.025
0 0.855516975308642 0.3140625 0.002700617283950617 0.021875
0 0.022762345679012346 0.8515625 0.04552469135802469 0.296875
3 0.6479552469135802 0.29921875 0.004243827160493827 0.0265625
3 0.9403935185185185 0.3375 0.0073302469135802465 0.03125
3 0.8047839506172839 0.31953125 0.006944444444444444 0.0359375
3 0.6365740740740741 0.296875 0.004629629629629629 0.025
3 0.7229938271604939 0.3046875 0.004629629629629629 0.025
0 0.7907021604938271 0.309375 0.003472222222222222 0.01875
0 0.6456404320987654 0.52734375 0.030478395061728395 0.1359375
0 0.6506558641975309 0.2953125 0.002700617283950617 0.021875