0 0.47897376543209874 0.81015625 0.06905864197530864 0.3359375
0 0.59375 0.43828125 0.013888888888888888 0.1671875
0 0.543016975308642 0.31171875 0.018132716049382717 0.1078125
0 0.4573688271604938 0.2671875 0.013503086419753086 0.078125
0 0.35532407407407407 0.259375 0.011574074074074073 0.065625
0 0.23804012345679013 0.27265625 0.010802469135802469 0.0609375
0 0.10802469135802469 0.3 0.010802469135802469 0.059375
0 0.7602237654320988 0.17421875 0.011959876543209876 0.0640625
0 0.8792438271604939 0.13125 0.010802469135802469 0.05625
3 0.9944058641975309 0.40546875 0.011188271604938271 0.1078125
3 0.9058641975308642 0.246875 0.021604938271604937 0.109375
3 0.9346064814814815 0.18203125 0.016589506172839507 0.0828125
3 0.5893132716049383 0.20546875 0.011188271604938271 0.0640625
3 0.4540895061728395 0.2078125 0.009259259259259259 0.053125
3 0.30671296296296297 0.22890625 0.008487654320987654 0.0484375
3 0.15181327160493827 0.26328125 0.008101851851851851 0.0484375
1 0.9691358024691358 0.29453125 0.05246913580246913 0.2453125
1 0.5817901234567902 0.3609375 0.035493827160493825 0.240625
1 0.5815972222222222 0.4390625 0.04436728395061729 0.3
2 0.7345679012345679 0.15625 0.010030864197530864 0.05625
2 0.699266975308642 0.1296875 0.0073302469135802465 0.040625
2 0.6776620370370371 0.11328125 0.005787037037037037 0.0328125
2 0.6628086419753086 0.10234375 0.004629629629629629 0.0265625
2 0.6404320987654321 0.10703125 0.004629629629629629 0.0265625
2 0.6153549382716049 0.11171875 0.004629629629629629 0.0265625
2 0.5904706790123457 0.11640625 0.004243827160493827 0.0265625
2 0.5900848765432098 0.13125 0.005015432098765432 0.03125
2 0.5906635802469136 0.15 0.006944444444444444 0.040625
2 0.5893132716049383 0.184375 0.009645061728395061 0.053125