0 0.7737268518518519 0.24609375 0.0073302469135802465 0.0390625
0 0.6620370370370371 0.23125 0.006944444444444444 0.0375
0 0.8620756172839507 0.2578125 0.008101851851851851 0.040625
3 0.7889660493827161 0.26796875 0.009259259259259259 0.0484375
3 0.38059413580246915 0.64375 0.050540123456790126 0.246875
1 0.47685185185185186 0.19140625 0.008487654320987654 0.0578125
0 0.3269675925925926 0.175 0.005787037037037037 0.034375
0 0.10030864197530864 0.125 0.006172839506172839 0.03125
0 0.26273148148148145 0.1640625 0.006172839506172839 0.034375
0 0.006751543209876543 0.103125 0.006558641975308642 0.03125
0 0.38753858024691357 0.18671875 0.006558641975308642 0.0359375
3 0.9149305555555556 0.2859375 0.009645061728395061 0.046875
3 0.09297839506172839 0.32890625 0.027777777777777776 0.1234375
3 0.19290123456790123 0.15625 0.008487654320987654 0.040625
3 0.05709876543209876 0.128125 0.006944444444444444 0.0375
1 0.4114583333333333 0.18828125 0.010416666666666666 0.0671875
0 0.5623070987654321 0.21484375 0.006558641975308642 0.0390625
1 0.4427083333333333 0.18515625 0.009645061728395061 0.0578125
0 0.1869212962962963 0.14375 0.005787037037037037 0.03125
3 0.12249228395061729 0.140625 0.0073302469135802465 0.0375
3 0.2708333333333333 0.171875 0.007716049382716049 0.040625
3 0.5538194444444444 0.23203125 0.008101851851851851 0.0453125
3 0.6788194444444444 0.25546875 0.008873456790123456 0.0453125
3 0.43132716049382713 0.2046875 0.007716049382716049 0.04375
3 0.3533950617283951 0.18828125 0.007716049382716049 0.0421875
1 0.45177469135802467 0.1984375 0.009259259259259259 0.065625
0 0.4573688271604938 0.1984375 0.005015432098765432 0.0375