0 0.7746913580246914 0.178125 0.015432098765432098 0.08125
0 0.7112268518518519 0.1296875 0.009645061728395061 0.05625
0 0.7436342592592593 0.1546875 0.01273148148148148 0.06875
0 0.5680941358024691 0.10703125 0.0073302469135802465 0.0421875
0 0.628858024691358 0.11171875 0.008487654320987654 0.0453125
0 0.6724537037037037 0.11796875 0.009259259259259259 0.0515625
3 0.7476851851851852 0.08984375 0.007716049382716049 0.0421875
0 0.8121141975308642 0.31484375 0.02854938271604938 0.1421875
3 0.8879243827160493 0.109375 0.010416666666666666 0.053125
0 0.8113425925925926 0.228125 0.020061728395061727 0.103125
3 0.9714506172839507 0.128125 0.013117283950617283 0.065625
3 0.6940586419753086 0.0625 0.005401234567901234 0.028125
3 0.8090277777777778 0.09765625 0.010030864197530864 0.0484375
0 0.7690972222222222 0.42265625 0.03973765432098766 0.1921875
0 0.5719521604938271 0.0703125 0.004243827160493827 0.025
3 0.7004243827160493 0.0390625 0.003472222222222222 0.01875
3 0.7355324074074074 0.04921875 0.005015432098765432 0.0234375
0 0.6365740740740741 0.0578125 0.0038580246913580245 0.025
3 0.7112268518518519 0.04140625 0.004243827160493827 0.0203125
0 0.5210262345679012 0.078125 0.005015432098765432 0.028125
3 0.6660879629629629 0.0875 0.0073302469135802465 0.0375
3 0.7314814814814815 0.0453125 0.0038580246913580245 0.021875
3 0.626929012345679 0.07421875 0.005401234567901234 0.0296875
0 0.49382716049382713 0.0984375 0.006172839506172839 0.0375
3 0.71875 0.05625 0.005401234567901234 0.028125
0 0.4826388888888889 0.0859375 0.005401234567901234 0.03125
0 0.1579861111111111 0.9046875 0.03356481481481482 0.190625
3 0.6157407407407407 0.08125 0.006172839506172839 0.034375
0 0.6168981481481481 0.0625 0.0030864197530864196 0.025
0 0.6433256172839507 0.04921875 0.003472222222222222 0.0203125
3 0.855516975308642 0.02421875 0.003472222222222222 0.0171875
3 0.9677854938271605 0.02421875 0.003472222222222222 0.0203125
0 0.6494984567901234 0.053125 0.003472222222222222 0.021875