3 0.16512345679012347 0.3609375 0.026234567901234566 0.134375
3 0.12731481481481483 0.078125 0.004629629629629629 0.021875
3 0.5021219135802469 0.13828125 0.005015432098765432 0.0265625
3 0.008101851851851851 0.0859375 0.005401234567901234 0.03125
3 0.009259259259259259 0.2828125 0.017746913580246913 0.115625
3 0.38117283950617287 0.1171875 0.004629629629629629 0.025
3 0.6925154320987654 0.1546875 0.0030864197530864196 0.01875
3 0.5972222222222222 0.15 0.004629629629629629 0.025
3 0.26350308641975306 0.09296875 0.004629629629629629 0.0234375
3 0.34664351851851855 0.5125 0.03896604938271605 0.2
0 0.39699074074074076 0.1109375 0.0038580246913580245 0.021875
3 0.8871527777777778 0.2 0.004243827160493827 0.021875
0 0.5181327160493827 0.1328125 0.004629629629629629 0.021875
3 0.8015046296296297 0.17578125 0.003472222222222222 0.0203125
3 0.5578703703703703 0.1453125 0.004629629629629629 0.021875
3 0.6454475308641975 0.15 0.0038580246913580245 0.021875
0 0.031635802469135804 0.0671875 0.004629629629629629 0.028125
3 0.8389274691358025 0.1859375 0.002700617283950617 0.01875
0 0.29378858024691357 0.09296875 0.004243827160493827 0.0203125
0 0.1693672839506173 0.07578125 0.004629629629629629 0.0234375
3 0.9365354938271605 0.21875 0.004243827160493827 0.025
3 0.7260802469135802 0.1609375 0.0030864197530864196 0.01875
0 0.48726851851851855 0.12890625 0.0038580246913580245 0.0234375
3 0.04301697530864197 0.07265625 0.005787037037037037 0.0265625
3 0.3072916666666667 0.10078125 0.004243827160493827 0.0234375
3 0.23032407407407407 0.08828125 0.004629629629629629 0.0234375
3 0.9965277777777778 0.234375 0.004629629629629629 0.028125
0 0.10146604938271606 0.07109375 0.004629629629629629 0.0234375
3 0.625 0.15 0.0030864197530864196 0.021875
3 0.1728395061728395 0.0796875 0.004629629629629629 0.025
0 0.6577932098765432 0.1453125 0.0038580246913580245 0.015625
0 0.2353395061728395 0.08359375 0.004629629629629629 0.0203125
0 0.4519675925925926 0.12265625 0.004243827160493827 0.0234375
3 0.34760802469135804 0.109375 0.004629629629629629 0.025
0 0.980516975308642 0.22109375 0.004243827160493827 0.0234375
0 0.5617283950617284 0.1359375 0.0038580246913580245 0.021875
0 0.7083333333333334 0.15390625 0.0030864197530864196 0.0171875
0 0.6159336419753086 0.13984375 0.003472222222222222 0.0171875
3 0.01253858024691358 0.07421875 0.005787037037037037 0.0296875
3 0.6643518518518519 0.15 0.0030864197530864196 0.01875
0 0.4255401234567901 0.11796875 0.0038580246913580245 0.0234375
3 0.08410493827160494 0.07421875 0.004629629629629629 0.0265625
0 0.8694058641975309 0.1875 0.003472222222222222 0.01875
3 0.9066358024691358 0.2078125 0.004629629629629629 0.025
0 0.8159722222222222 0.17578125 0.0030864197530864196 0.0171875
0 0.9621913580246914 0.215625 0.0038580246913580245 0.021875
0 0.9222608024691358 0.20234375 0.003472222222222222 0.0203125
3 0.7635030864197531 0.16875 0.0030864197530864196 0.01875
3 0.8377700617283951 0.90859375 0.02970679012345679 0.1734375
3 0.02797067901234568 0.1046875 0.0073302469135802465 0.040625
3 0.8713348765432098 0.19375 0.003472222222222222 0.021875
3 0.4222608024691358 0.12421875 0.004243827160493827 0.0265625
0 0.34934413580246915 0.1015625 0.003472222222222222 0.021875
0 0.7606095679012346 0.1625 0.002700617283950617 0.01875
3 0.03260030864197531 0.0953125 0.006558641975308642 0.0375
0 0.5844907407407407 0.1375 0.0038580246913580245 0.021875
0 0.5435956790123457 0.13671875 0.0038580246913580245 0.0234375