0 0.7293595679012346 0.4765625 0.03819444444444445 0.184375
0 0.8445216049382716 0.2671875 0.018518518518518517 0.09375
0 0.9222608024691358 0.128125 0.008101851851851851 0.040625
0 0.9309413580246914 0.1125 0.006944444444444444 0.034375
0 0.9097222222222222 0.15078125 0.009259259259259259 0.0484375
0 0.8888888888888888 0.18984375 0.012345679012345678 0.0640625
0 0.9388503086419753 0.1 0.005787037037037037 0.028125
0 0.9448302469135802 0.09140625 0.004629629629629629 0.0234375
0 0.9490740740740741 0.08359375 0.0038580246913580245 0.0234375
0 0.9527391975308642 0.0765625 0.002700617283950617 0.021875
0 0.6226851851851852 0.13828125 0.005401234567901234 0.0359375
2 0.27102623456790126 0.85 0.04128086419753087 0.3