3 0.609375 0.34140625 0.008873456790123456 0.0546875
3 0.6558641975308642 0.39453125 0.015432098765432098 0.0796875
0 0.41550925925925924 0.346875 0.010802469135802469 0.059375
0 0.3092206790123457 0.54375 0.03433641975308642 0.146875
0 0.47164351851851855 0.26171875 0.002700617283950617 0.0203125
0 0.4359567901234568 0.3171875 0.008487654320987654 0.046875
3 0.5702160493827161 0.29453125 0.006944444444444444 0.0390625
3 0.5441743827160493 0.2609375 0.002700617283950617 0.021875
3 0.5569058641975309 0.28125 0.005787037037037037 0.03125
0 0.5322145061728395 0.25625 0.002700617283950617 0.01875
0 0.46219135802469136 0.275 0.0038580246913580245 0.028125
3 0.5462962962962963 0.26640625 0.0023148148148148147 0.0234375
0 0.3861882716049383 0.40859375 0.018518518518518517 0.0859375
0 0.44656635802469136 0.296875 0.006558641975308642 0.0375
3 0.5869984567901234 0.31328125 0.0073302469135802465 0.0421875
3 0.7557870370370371 0.50625 0.026234567901234566 0.13125
0 0.4533179012345679 0.284375 0.005401234567901234 0.03125
3 0.5505401234567902 0.27421875 0.0038580246913580245 0.0265625
0 0.4650848765432099 0.26640625 0.003472222222222222 0.0234375
0 0.5001929012345679 0.25859375 0.003472222222222222 0.0203125
3 0.8722993827160493 0.303125 0.008487654320987654 0.040625
3 0.78125 0.2921875 0.008487654320987654 0.0375
3 0.722608024691358 0.2796875 0.005401234567901234 0.03125
3 0.7116126543209876 0.27265625 0.004243827160493827 0.0234375
0 0.8890817901234568 0.2875 0.0073302469135802465 0.034375
0 0.8192515432098766 0.2765625 0.005787037037037037 0.034375
3 0.9866898148148148 0.3203125 0.008873456790123456 0.05
0 0.9789737654320988 0.296875 0.0073302469135802465 0.04375
0 0.8078703703703703 0.2703125 0.0038580246913580245 0.028125
0 0.8040123456790124 0.26484375 0.0030864197530864196 0.0234375
0 0.7885802469135802 0.25859375 0.0030864197530864196 0.0234375
0 0.7660108024691358 0.25546875 0.002700617283950617 0.0203125
3 0.7347608024691358 0.25859375 0.002700617283950617 0.0234375
3 0.7210648148148148 0.265625 0.0038580246913580245 0.025
3 0.6697530864197531 0.25390625 0.0030864197530864196 0.0203125
3 0.6174768518518519 0.2546875 0.002700617283950617 0.01875
3 0.5736882716049383 0.2578125 0.0030864197530864196 0.01875
0 0.5702160493827161 0.253125 0.0023148148148148147 0.01875
0 0.6259645061728395 0.25 0.002700617283950617 0.01875
0 0.6774691358024691 0.24921875 0.0030864197530864196 0.0234375