3 0.33275462962962965 0.4359375 0.03125 0.16875
3 0.1728395061728395 0.30703125 0.02546296296296296 0.1234375
0 0.12808641975308643 0.084375 0.006172839506172839 0.028125
0 0.04513888888888889 0.078125 0.006172839506172839 0.034375
0 0.19810956790123457 0.0796875 0.004243827160493827 0.021875
0 0.09837962962962964 0.08359375 0.006172839506172839 0.0328125
3 0.9756944444444444 0.25 0.005401234567901234 0.025
3 0.6799768518518519 0.16875 0.003472222222222222 0.01875
3 0.90625 0.2328125 0.005401234567901234 0.025
3 0.4375 0.11875 0.0030864197530864196 0.01875
3 0.3605324074074074 0.10703125 0.004243827160493827 0.0234375
0 0.8393132716049383 0.2125 0.003472222222222222 0.021875
3 0.22029320987654322 0.1046875 0.005401234567901234 0.03125
3 0.45871913580246915 0.1203125 0.0030864197530864196 0.01875
0 0.3464506172839506 0.1 0.0038580246913580245 0.021875
3 0.8483796296296297 0.21875 0.005401234567901234 0.025
0 0.7802854938271605 0.196875 0.003472222222222222 0.021875
0 0.16377314814814814 0.0859375 0.005015432098765432 0.028125
3 0.29822530864197533 0.0953125 0.0038580246913580245 0.021875
0 0.8715277777777778 0.2203125 0.0038580246913580245 0.021875
0 0.3065200617283951 0.09375 0.003472222222222222 0.01875
0 0.18981481481481483 0.0828125 0.0030864197530864196 0.021875
3 0.7447916666666666 0.190625 0.005015432098765432 0.025
0 0.4099151234567901 0.109375 0.002700617283950617 0.01875
0 0.4338348765432099 0.11015625 0.002700617283950617 0.0140625
0 0.18209876543209877 0.0875 0.005401234567901234 0.025
3 0.5231481481481481 0.128125 0.0030864197530864196 0.01875
0 0.23070987654320987 0.08046875 0.0038580246913580245 0.0203125
3 0.6072530864197531 0.1453125 0.0030864197530864196 0.015625
0 0.36844135802469136 0.103125 0.0038580246913580245 0.01875
3 0.47878086419753085 0.1203125 0.0030864197530864196 0.015625
3 0.25135030864197533 0.1046875 0.005015432098765432 0.028125
0 0.4182098765432099 0.109375 0.0030864197530864196 0.01875
3 0.27546296296296297 0.0921875 0.0038580246913580245 0.021875
0 0.6649305555555556 0.15859375 0.002700617283950617 0.0171875
0 0.39351851851851855 0.10625 0.0030864197530864196 0.01875
0 0.9322916666666666 0.23359375 0.003472222222222222 0.0203125
3 0.16724537037037038 0.103125 0.0073302469135802465 0.034375
3 0.09278549382716049 0.09765625 0.008101851851851851 0.0390625
3 0.46875 0.12109375 0.0030864197530864196 0.0171875
3 0.6861496913580247 0.171875 0.003472222222222222 0.01875
0 0.19251543209876543 0.08671875 0.0038580246913580245 0.0234375
3 0.7941743827160493 0.20546875 0.005015432098765432 0.0234375
0 0.7229938271604939 0.17421875 0.0030864197530864196 0.0171875
0 0.7561728395061729 0.1890625 0.0030864197530864196 0.021875
3 0.6716820987654321 0.1640625 0.0038580246913580245 0.01875
3 0.2716049382716049 0.1 0.0038580246913580245 0.025
3 0.6556712962962963 0.159375 0.003472222222222222 0.01875
3 0.4992283950617284 0.12421875 0.0030864197530864196 0.0171875
3 0.6996527777777778 0.17734375 0.004243827160493827 0.0203125
0 0.6981095679012346 0.1671875 0.002700617283950617 0.015625
0 0.2681327160493827 0.0875 0.0038580246913580245 0.01875
3 0.2652391975308642 0.10234375 0.004243827160493827 0.0265625
0 0.7366898148148148 0.1828125 0.003472222222222222 0.01875
3 0.0036651234567901233 0.22109375 0.0073302469135802465 0.0984375
0 0.8070987654320988 0.2046875 0.004629629629629629 0.021875
0 0.6257716049382716 0.14765625 0.0023148148148148147 0.0140625
0 0.5011574074074074 0.12109375 0.0030864197530864196 0.0171875
3 0.638695987654321 0.15390625 0.003472222222222222 0.0171875
3 0.3958333333333333 0.11171875 0.0038580246913580245 0.0234375
0 0.4670138888888889 0.115625 0.0019290123456790122 0.015625
3 0.5397376543209876 0.7796875 0.06558641975308642 0.315625
3 0.26427469135802467 0.09453125 0.0038580246913580245 0.0203125