0 0.8904320987654321 0.34296875 0.013888888888888888 0.0671875
0 0.6226851851851852 0.4125 0.024691358024691357 0.125
3 0.9772376543209876 0.56328125 0.031635802469135804 0.1515625
0 0.7417052469135802 0.34375 0.016589506172839507 0.08125
2 0.04398148148148148 0.115625 0.010030864197530864 0.05
2 0.17862654320987653 0.24375 0.019290123456790122 0.090625
0 0.5428240740740741 0.728125 0.047839506172839504 0.278125
3 0.9795524691358025 0.45625 0.024691358024691357 0.10625
2 0.33757716049382713 0.45625 0.036265432098765434 0.175
2 0.11940586419753087 0.16328125 0.011959876543209876 0.0640625
2 0.08738425925925926 0.1203125 0.008873456790123456 0.046875