3 0.5437885802469136 0.3890625 0.02199074074074074 0.1125
0 0.3420138888888889 0.240625 0.013503086419753086 0.06875
0 0.2199074074074074 0.28671875 0.023148148148148147 0.1015625
3 0.543016975308642 0.1953125 0.0073302469135802465 0.03125
0 0.45447530864197533 0.2046875 0.008487654320987654 0.04375
0 0.4722222222222222 0.20078125 0.006944444444444444 0.0390625
3 0.5680941358024691 0.3046875 0.01427469135802469 0.075
3 0.4974922839506173 0.17890625 0.006558641975308642 0.0296875
0 0.3917824074074074 0.1578125 0.006558641975308642 0.03125
3 0.5545910493827161 0.17265625 0.004243827160493827 0.0203125
0 0.5497685185185185 0.16640625 0.0038580246913580245 0.0203125
0 0.2785493827160494 0.12734375 0.006172839506172839 0.0296875
3 0.6012731481481481 0.184375 0.005015432098765432 0.021875
3 0.6033950617283951 0.23046875 0.007716049382716049 0.0390625
3 0.5285493827160493 0.59453125 0.037037037037037035 0.2078125
0 0.42476851851851855 0.16953125 0.006172839506172839 0.0328125
0 0.3586033950617284 0.14921875 0.005787037037037037 0.0296875
3 0.5163966049382716 0.16328125 0.004243827160493827 0.0234375
3 0.32098765432098764 0.1296875 0.006172839506172839 0.025
0 0.4664351851851852 0.18984375 0.005401234567901234 0.0359375
3 0.33796296296296297 0.121875 0.004629629629629629 0.021875
3 0.581983024691358 0.2140625 0.005787037037037037 0.034375
0 0.5264274691358025 0.16171875 0.004243827160493827 0.0203125
3 0.6786265432098766 0.20078125 0.004629629629629629 0.0203125
3 0.29398148148148145 0.12109375 0.005401234567901234 0.0234375
3 0.4591049382716049 0.1484375 0.004629629629629629 0.021875
0 0.4494598765432099 0.1796875 0.006172839506172839 0.03125
3 0.5970293209876543 0.2421875 0.008873456790123456 0.046875
3 0.3809799382716049 0.13046875 0.004243827160493827 0.0203125
3 0.7249228395061729 0.20703125 0.004629629629629629 0.0203125
0 0.6508487654320988 0.18828125 0.0038580246913580245 0.0171875
3 0.28665123456790126 0.1140625 0.005401234567901234 0.021875
0 0.3130787037037037 0.11328125 0.004243827160493827 0.0203125
3 0.6429398148148148 0.19375 0.003472222222222222 0.021875
0 0.6643518518518519 0.1921875 0.0030864197530864196 0.01875
3 0.39718364197530864 0.1484375 0.005015432098765432 0.028125
0 0.6722608024691358 0.1921875 0.0019290123456790122 0.015625
3 0.2800925925925926 0.11484375 0.004629629629629629 0.0234375
0 0.6103395061728395 0.18203125 0.0038580246913580245 0.0203125
0 0.5817901234567902 0.175 0.004629629629629629 0.01875
0 0.47453703703703703 0.146875 0.0038580246913580245 0.01875
3 0.45177469135802467 0.16171875 0.0023148148148148147 0.0265625
3 0.7368827160493827 0.2078125 0.0030864197530864196 0.015625
3 0.30536265432098764 0.11640625 0.004243827160493827 0.0203125
3 0.7162422839506173 0.20625 0.003472222222222222 0.01875
0 0.42052469135802467 0.134375 0.0023148148148148147 0.01875
3 0.42322530864197533 0.13984375 0.0038580246913580245 0.0203125
0 0.7397762345679012 0.2046875 0.0019290123456790122 0.015625
0 0.6747685185185185 0.1921875 0.0023148148148148147 0.015625
0 0.408179012345679 0.21953125 0.006172839506172839 0.0578125
0 0.6280864197530864 0.184375 0.004629629629629629 0.01875
0 0.7021604938271605 0.20390625 0.004629629629629629 0.0203125
0 0.6840277777777778 0.1921875 0.0030864197530864196 0.015625
0 0.2201003086419753 0.1109375 0.005015432098765432 0.028125
0 0.2013888888888889 0.1015625 0.005401234567901234 0.025
0 0.26003086419753085 0.1046875 0.004629629629629629 0.021875
0 0.2185570987654321 0.0984375 0.004243827160493827 0.021875
0 0.36612654320987653 0.1234375 0.0038580246913580245 0.01875
0 0.7108410493827161 0.19765625 0.003472222222222222 0.0171875
0 0.7685185185185185 0.21328125 0.0030864197530864196 0.0171875
0 0.8009259259259259 0.22109375 0.0030864197530864196 0.0171875
0 0.8206018518518519 0.22734375 0.0030864197530864196 0.0171875
0 0.8445216049382716 0.23359375 0.0030864197530864196 0.0171875
0 0.8622685185185185 0.2375 0.0030864197530864196 0.015625
0 0.873070987654321 0.23984375 0.0030864197530864196 0.0171875
0 0.8950617283950617 0.24375 0.0030864197530864196 0.01875
0 0.9753086419753086 0.26484375 0.0030864197530864196 0.0171875
0 0.9330632716049383 0.253125 0.002700617283950617 0.01875
3 0.7559799382716049 0.2109375 0.003472222222222222 0.021875
3 0.8051697530864198 0.22421875 0.0038580246913580245 0.0203125
3 0.8368055555555556 0.2328125 0.0030864197530864196 0.01875
3 0.8784722222222222 0.24375 0.0038580246913580245 0.01875
3 0.9037422839506173 0.24921875 0.004243827160493827 0.0171875
3 0.9203317901234568 0.253125 0.004243827160493827 0.01875
3 0.9623842592592593 0.26328125 0.004243827160493827 0.0171875
3 0.9932484567901234 0.2703125 0.004243827160493827 0.01875
1 0.39911265432098764 0.20546875 0.015046296296296295 0.0921875
1 0.41242283950617287 0.203125 0.009259259259259259 0.0875
1 0.5839120370370371 0.25703125 0.01427469135802469 0.0984375
1 0.5887345679012346 0.25078125 0.007716049382716049 0.0921875
3 0.9357638888888888 0.25625 0.003472222222222222 0.015625