0 0.3283179012345679 0.2890625 0.014660493827160493 0.08125
0 0.41203703703703703 0.3328125 0.019290123456790122 0.10625
0 0.22183641975308643 0.28203125 0.012345679012345678 0.0671875
3 0.4756944444444444 0.225 0.012345679012345678 0.06875
0 0.13445216049382716 0.24609375 0.0073302469135802465 0.0421875
0 0.09375 0.3015625 0.011574074074074073 0.0625
0 0.439429012345679 0.46640625 0.03009259259259259 0.1703125
0 0.16878858024691357 0.2203125 0.005015432098765432 0.0375
3 0.3258101851851852 0.2296875 0.009645061728395061 0.05625
2 0.39853395061728397 0.1765625 0.007716049382716049 0.040625
3 0.6371527777777778 0.2515625 0.017361111111111112 0.090625
3 0.017746913580246913 0.271875 0.008487654320987654 0.046875
2 0.3410493827160494 0.18046875 0.006944444444444444 0.0359375
0 0.10146604938271606 0.2171875 0.005401234567901234 0.028125
3 0.8406635802469136 0.3765625 0.033950617283950615 0.159375
2 0.24266975308641975 0.2109375 0.007716049382716049 0.040625
0 0.15181327160493827 0.2125 0.005787037037037037 0.03125
2 0.29378858024691357 0.2125 0.008873456790123456 0.04375
3 0.1728395061728395 0.25390625 0.009259259259259259 0.0515625
0 0.024691358024691357 0.23125 0.0030864197530864196 0.028125
3 0.06346450617283951 0.2484375 0.0073302469135802465 0.0375
3 0.05941358024691358 0.2390625 0.004629629629629629 0.034375
3 0.027199074074074073 0.240625 0.005787037037037037 0.03125
0 0.2364969135802469 0.89296875 0.033179012345679014 0.2140625