0 0.47588734567901236 0.6125 0.047453703703703706 0.240625
0 0.4818672839506173 0.36796875 0.02546296296296296 0.1265625
0 0.40489969135802467 0.29453125 0.01890432098765432 0.0921875
0 0.40914351851851855 0.19453125 0.008873456790123456 0.0484375
0 0.43132716049382713 0.14296875 0.004629629629629629 0.0296875
0 0.4679783950617284 0.16484375 0.006172839506172839 0.0390625
0 0.2986111111111111 0.2734375 0.013117283950617283 0.075
0 0.16087962962962962 0.28046875 0.011574074074074073 0.0640625
0 0.03973765432098766 0.30390625 0.012345679012345678 0.0671875
0 0.04976851851851852 0.215625 0.005401234567901234 0.028125
0 0.1427469135802469 0.19140625 0.0038580246913580245 0.0234375
0 0.22627314814814814 0.1734375 0.005015432098765432 0.025
0 0.30401234567901236 0.16015625 0.005401234567901234 0.0265625
0 0.3734567901234568 0.14609375 0.004629629629629629 0.0265625
3 0.7631172839506173 0.2890625 0.022376543209876542 0.115625
3 0.5773533950617284 0.22734375 0.01427469135802469 0.0765625
3 0.4203317901234568 0.2171875 0.011959876543209876 0.059375
3 0.36844135802469136 0.178125 0.006172839506172839 0.0375
3 0.3800154320987654 0.16640625 0.006172839506172839 0.0359375
3 0.361304012345679 0.159375 0.005787037037037037 0.03125
3 0.32349537037037035 0.1625 0.006558641975308642 0.03125
3 0.3128858024691358 0.20234375 0.009259259259259259 0.0453125
3 0.27295524691358025 0.16953125 0.005787037037037037 0.0296875
3 0.21373456790123457 0.18046875 0.005401234567901234 0.0296875
3 0.21547067901234568 0.2328125 0.008873456790123456 0.05
3 0.14988425925925927 0.1953125 0.005015432098765432 0.028125
3 0.09760802469135803 0.2640625 0.009259259259259259 0.053125
3 0.08140432098765432 0.2140625 0.006944444444444444 0.03125
3 0.010416666666666666 0.23671875 0.004629629629629629 0.0328125
2 0.6556712962962963 0.14140625 0.008873456790123456 0.0453125
2 0.7179783950617284 0.14921875 0.009259259259259259 0.0515625
2 0.5318287037037037 0.1671875 0.008873456790123456 0.046875
2 0.5713734567901234 0.18359375 0.007716049382716049 0.0578125
1 0.12287808641975309 0.24140625 0.01427469135802469 0.0796875
1 0.07060185185185185 0.27734375 0.019290123456790122 0.1015625
1 0.07677469135802469 0.25078125 0.010030864197530864 0.0796875
1 0.009837962962962963 0.29140625 0.017361111111111112 0.1015625