3 0.234375 0.25 0.013503086419753086 0.071875
3 0.18460648148148148 0.19609375 0.010416666666666666 0.0546875
3 0.12345679012345678 0.12890625 0.006172839506172839 0.0296875
2 0.30439814814814814 0.17265625 0.006944444444444444 0.0359375
2 0.39988425925925924 0.24921875 0.01273148148148148 0.0640625
3 0.3445216049382716 0.375 0.02546296296296296 0.121875
3 0.1541280864197531 0.16328125 0.008873456790123456 0.0421875
3 0.11265432098765432 0.11796875 0.005401234567901234 0.0265625
3 0.10030864197530864 0.1046875 0.004629629629629629 0.021875
3 0.0954861111111111 0.0984375 0.004243827160493827 0.01875
0 0.00636574074074074 0.0859375 0.003472222222222222 0.01875
3 0.09143518518518519 0.09453125 0.0030864197530864196 0.0171875
0 0.001736111111111111 0.09140625 0.003472222222222222 0.0234375
3 0.10628858024691358 0.11015625 0.005015432098765432 0.0234375
3 0.13676697530864199 0.14375 0.0073302469135802465 0.034375
3 0.7577160493827161 0.81484375 0.06404320987654322 0.2921875
0 0.010416666666666666 0.08359375 0.0030864197530864196 0.0171875
0 0.013310185185185185 0.08125 0.002700617283950617 0.015625
3 0.08854166666666667 0.09140625 0.002700617283950617 0.0171875