0 0.30516975308641975 0.159375 0.006944444444444444 0.0375
0 0.34066358024691357 0.221875 0.011574074074074073 0.059375
0 0.14911265432098766 0.278125 0.022762345679012346 0.103125
0 0.2795138888888889 0.15 0.0073302469135802465 0.034375
0 0.20003858024691357 0.12734375 0.006558641975308642 0.0328125
0 0.31462191358024694 0.2375 0.01273148148148148 0.06875
3 0.47550154320987653 0.37734375 0.02044753086419753 0.1171875
0 0.3506944444444444 0.20234375 0.008487654320987654 0.0515625
0 0.13310185185185186 0.10859375 0.005401234567901234 0.0296875
0 0.2474922839506173 0.13984375 0.005787037037037037 0.0328125
3 0.5590277777777778 0.30234375 0.013888888888888888 0.0765625
3 0.4193672839506173 0.1734375 0.005401234567901234 0.034375
3 0.5653935185185185 0.2703125 0.011959876543209876 0.0625
0 0.33834876543209874 0.18515625 0.006172839506172839 0.0453125
3 0.5378086419753086 0.23828125 0.009259259259259259 0.0515625
0 0.32330246913580246 0.1734375 0.006944444444444444 0.040625
3 0.3740354938271605 0.1578125 0.005015432098765432 0.03125
0 0.2613811728395062 0.1078125 0.002700617283950617 0.01875
0 0.2334104938271605 0.10703125 0.0023148148148148147 0.0203125
0 0.11651234567901235 0.09609375 0.004629629629629629 0.0265625
3 0.4689429012345679 0.51015625 0.030478395061728395 0.1796875
0 0.2511574074074074 0.10859375 0.0038580246913580245 0.0203125
3 0.2976466049382716 0.121875 0.004243827160493827 0.021875
3 0.3433641975308642 0.11015625 0.0023148148148148147 0.0140625
3 0.5032793209876543 0.2125 0.008101851851851851 0.04375
3 0.33429783950617287 0.146875 0.005015432098765432 0.028125
3 0.4533179012345679 0.13203125 0.0023148148148148147 0.0140625
3 0.3142361111111111 0.11171875 0.003472222222222222 0.0171875
3 0.45794753086419754 0.1890625 0.006172839506172839 0.0375
3 0.24363425925925927 0.11875 0.004243827160493827 0.021875
3 0.4818672839506173 0.13984375 0.0030864197530864196 0.0140625
3 0.3296682098765432 0.1171875 0.002700617283950617 0.01875
3 0.3323688271604938 0.12109375 0.002700617283950617 0.0203125
3 0.32233796296296297 0.1078125 0.002700617283950617 0.015625
0 0.19502314814814814 0.10390625 0.004243827160493827 0.0234375
3 0.36766975308641975 0.11484375 0.0023148148148148147 0.0140625
0 0.14988425925925927 0.0984375 0.005015432098765432 0.025
3 0.3088348765432099 0.10625 0.002700617283950617 0.015625
3 0.31790123456790126 0.12265625 0.0038580246913580245 0.0203125
0 0.47434413580246915 0.13515625 0.0019290123456790122 0.0109375
0 0.24286265432098766 0.096875 0.002700617283950617 0.015625
3 0.27488425925925924 0.13125 0.004243827160493827 0.028125
3 0.30497685185185186 0.10859375 0.003472222222222222 0.0171875
0 0.34992283950617287 0.10859375 0.0023148148148148147 0.0140625
0 0.25617283950617287 0.10234375 0.0030864197530864196 0.0171875
3 0.6790123456790124 0.909375 0.029320987654320986 0.18125
0 0.2586805555555556 0.096875 0.0019290123456790122 0.015625
3 0.2349537037037037 0.11953125 0.004629629629629629 0.0265625
0 0.2638888888888889 0.10625 0.0023148148148148147 0.01875
3 0.5279706790123457 0.15234375 0.002700617283950617 0.0171875
3 0.5536265432098766 0.159375 0.0030864197530864196 0.015625