3 0.13329475308641975 0.34140625 0.01273148148148148 0.0609375
3 0.1707175925925926 0.296875 0.008873456790123456 0.05
0 0.02025462962962963 0.29375 0.010416666666666666 0.053125
0 0.04764660493827161 0.26796875 0.008101851851851851 0.0421875
3 0.1888503086419753 0.26640625 0.006558641975308642 0.0390625
3 0.16550925925925927 0.2515625 0.006172839506172839 0.034375
3 0.5547839506172839 0.67265625 0.023148148148148147 0.1609375
0 0.002700617283950617 0.25859375 0.005401234567901234 0.0421875
3 0.07947530864197531 0.25078125 0.006944444444444444 0.0328125
3 0.14621913580246915 0.40703125 0.019290123456790122 0.0828125
3 0.263695987654321 0.5015625 0.02507716049382716 0.121875