3 0.47627314814814814 0.22421875 0.015046296296296295 0.0828125
0 0.8190586419753086 0.23125 0.017746913580246913 0.1
0 0.6329089506172839 0.1546875 0.011188271604938271 0.059375
0 0.6527777777777778 0.12890625 0.009259259259259259 0.0515625
0 0.6707175925925926 0.18828125 0.013503086419753086 0.0765625
2 0.2974537037037037 0.3390625 0.027777777777777776 0.13125
0 0.8618827160493827 0.08984375 0.007716049382716049 0.0390625
0 0.7052469135802469 0.109375 0.008487654320987654 0.04375
0 0.6595293209876543 0.68046875 0.06520061728395062 0.3140625
3 0.6232638888888888 0.1046875 0.0073302469135802465 0.040625
3 0.7191358024691358 0.0890625 0.006944444444444444 0.0375
3 0.48148148148148145 0.1640625 0.007716049382716049 0.05625
3 0.5393518518518519 0.1265625 0.009259259259259259 0.046875
0 0.7760416666666666 0.09765625 0.008101851851851851 0.0421875
2 0.013310185185185185 0.3390625 0.025848765432098766 0.115625
3 0.6396604938271605 0.325 0.029320987654320986 0.13125
3 0.8269675925925926 0.07890625 0.0073302469135802465 0.0359375
2 0.055169753086419755 0.6125 0.05787037037037037 0.24375
3 0.9347993827160493 0.0734375 0.008487654320987654 0.0375
0 0.9494598765432098 0.08671875 0.008487654320987654 0.0421875