0 0.5233410493827161 0.3046875 0.02199074074074074 0.103125
0 0.9409722222222222 0.1984375 0.018518518518518517 0.0875
0 0.1587577160493827 0.28671875 0.013503086419753086 0.0640625
0 0.41396604938271603 0.26953125 0.016203703703703703 0.0796875
0 0.6170910493827161 0.4125 0.03356481481481482 0.1625
3 0.5439814814814815 0.2078125 0.013888888888888888 0.065625
3 0.02488425925925926 0.28828125 0.013503086419753086 0.0546875
0 0.29128086419753085 0.26640625 0.013888888888888888 0.0703125
3 0.705054012345679 0.225 0.016589506172839507 0.08125
3 0.22145061728395063 0.24140625 0.011574074074074073 0.0515625
3 0.3819444444444444 0.215625 0.012345679012345678 0.05625
2 0.9006558641975309 0.1671875 0.017361111111111112 0.075
2 0.8491512345679012 0.12265625 0.010802469135802469 0.0515625
2 0.8211805555555556 0.1 0.008873456790123456 0.040625
2 0.8032407407407407 0.08515625 0.006172839506172839 0.0328125
2 0.7472993827160493 0.09375 0.006944444444444444 0.03125
1 0.6078317901234568 0.77578125 0.04976851851851852 0.4109375
2 0.7770061728395061 0.0890625 0.006944444444444444 0.03125
1 0.6514274691358025 0.60390625 0.05439814814814815 0.4546875
2 0.7106481481481481 0.18984375 0.008487654320987654 0.0671875
2 0.7152777777777778 0.140625 0.009259259259259259 0.046875
2 0.7175925925925926 0.1140625 0.005401234567901234 0.0375
2 0.7191358024691358 0.096875 0.0038580246913580245 0.028125
0 0.6494984567901234 0.7953125 0.04359567901234568 0.3125