0 0.2501929012345679 0.215625 0.015046296296296295 0.075
2 0.6087962962962963 0.29296875 0.016975308641975308 0.0828125
0 0.22434413580246915 0.1359375 0.008101851851851851 0.04375
2 0.7824074074074074 0.4015625 0.02700617283950617 0.11875
2 0.36516203703703703 0.29140625 0.02044753086419753 0.1015625
3 0.060570987654320986 0.18671875 0.016975308641975308 0.0765625
3 0.11400462962962964 0.15625 0.01273148148148148 0.059375
3 0.09934413580246913 0.13203125 0.009645061728395061 0.0484375
0 0.07310956790123457 0.28359375 0.027391975308641976 0.1140625
0 0.27102623456790126 0.1671875 0.010416666666666666 0.053125
2 0.4650848765432099 0.4390625 0.03356481481481482 0.1625
3 0.047260802469135804 0.11328125 0.008873456790123456 0.0453125
0 0.03819444444444445 0.09296875 0.006944444444444444 0.0390625
0 0.14371141975308643 0.1125 0.006558641975308642 0.0375