0 0.7818287037037037 0.4265625 0.03587962962962963 0.15625
0 0.30632716049382713 0.67890625 0.05864197530864197 0.2734375
3 0.06944444444444445 0.1453125 0.0023148148148148147 0.015625
0 0.02546296296296296 0.14453125 0.0023148148148148147 0.0140625
3 0.009837962962962963 0.14921875 0.002700617283950617 0.0171875
3 0.1251929012345679 0.15 0.002700617283950617 0.01875
3 0.11168981481481481 0.13984375 0.002700617283950617 0.0171875
3 0.048032407407407406 0.16015625 0.003472222222222222 0.0203125
3 0.13271604938271606 0.115625 0.0015432098765432098 0.0125
0 0.1558641975308642 0.12109375 0.0023148148148148147 0.0109375
0 0.046875 0.128125 0.002700617283950617 0.015625
3 0.1440972222222222 0.1375 0.002700617283950617 0.015625
0 0.08024691358024691 0.14296875 0.0023148148148148147 0.0140625
0 0.5787037037037037 0.10234375 0.0023148148148148147 0.0140625
0 0.6184413580246914 0.0953125 0.0015432098765432098 0.0125
3 0.019290123456790122 0.12578125 0.0015432098765432098 0.0109375
3 0.06539351851851852 0.121875 0.0019290123456790122 0.009375
0 0.12210648148148148 0.1234375 0.0019290123456790122 0.009375
0 0.016396604938271605 0.1296875 0.0019290123456790122 0.0125
0 0.6136188271604939 0.09453125 0.0019290123456790122 0.0109375
0 0.5997299382716049 0.09609375 0.0019290123456790122 0.0140625
2 0.1095679012345679 0.1390625 0.0015432098765432098 0.0125
0 0.09104938271604938 0.1234375 0.0023148148148148147 0.0125
3 0.09375 0.11796875 0.0023148148148148147 0.0140625
0 0.14583333333333334 0.134375 0.0023148148148148147 0.015625
1 0.7914737654320988 0.09921875 0.004243827160493827 0.0265625
1 0.7768132716049383 0.09609375 0.003472222222222222 0.0296875