0 0.39197530864197533 0.521875 0.02854938271604938 0.128125
3 0.78125 0.60859375 0.038580246913580245 0.1671875
0 0.4818672839506173 0.4515625 0.020061728395061727 0.09375
3 0.9282407407407407 0.459375 0.018518518518518517 0.090625
0 0.3890817901234568 0.4125 0.013503086419753086 0.071875
0 0.1261574074074074 0.70625 0.05401234567901234 0.234375
0 0.20466820987654322 0.415625 0.015817901234567902 0.078125
3 0.7717978395061729 0.3890625 0.0073302469135802465 0.046875
0 0.06558641975308642 0.35 0.008487654320987654 0.040625
3 0.16512345679012347 0.384375 0.011574074074074073 0.05625
3 0.42804783950617287 0.38984375 0.010416666666666666 0.0515625
3 0.8761574074074074 0.415625 0.011574074074074073 0.0625
3 0.6846064814814815 0.3796875 0.0073302469135802465 0.04375
3 0.4807098765432099 0.37265625 0.007716049382716049 0.0390625
3 0.02141203703703704 0.3875 0.013503086419753086 0.0625
3 0.29899691358024694 0.38671875 0.010030864197530864 0.0546875
3 0.6496913580246914 0.41875 0.013117283950617283 0.06875
3 0.5869984567901234 0.37578125 0.008101851851851851 0.0390625
0 0.7318672839506173 0.371875 0.006944444444444444 0.034375
3 0.015432098765432098 0.36171875 0.009259259259259259 0.0453125
0 0.9755015432098766 0.38984375 0.011188271604938271 0.0484375
3 0.14641203703703703 0.365625 0.0073302469135802465 0.04375
0 0.8505015432098766 0.38046875 0.0073302469135802465 0.0390625
3 0.8653549382716049 0.396875 0.008487654320987654 0.05
2 0.7330246913580247 0.3421875 0.004629629629629629 0.021875
2 0.41203703703703703 0.33359375 0.0038580246913580245 0.0203125
0 0.1413966049382716 0.3578125 0.006558641975308642 0.0375
2 0.4575617283950617 0.3359375 0.0038580246913580245 0.021875
0 0.6095679012345679 0.365625 0.006172839506172839 0.034375
3 0.3751929012345679 0.3703125 0.008101851851851851 0.040625
3 0.5422453703703703 0.39921875 0.011959876543209876 0.0578125
0 0.37982253086419754 0.3625 0.006558641975308642 0.03125
3 0.26350308641975306 0.36953125 0.009259259259259259 0.0421875
2 0.6589506172839507 0.33984375 0.004629629629629629 0.0234375
0 0.2613811728395062 0.359375 0.006558641975308642 0.040625
2 0.29475308641975306 0.33125 0.0038580246913580245 0.025
2 0.3445216049382716 0.33125 0.0038580246913580245 0.025
2 0.38136574074074076 0.33359375 0.004243827160493827 0.0234375
0 0.49170524691358025 0.36171875 0.0073302469135802465 0.0359375
2 0.5320216049382716 0.33828125 0.004629629629629629 0.0265625
2 0.5972222222222222 0.33984375 0.0038580246913580245 0.0234375
3 0.7289737654320988 0.47578125 0.021219135802469136 0.1046875