3 0.455054012345679 0.73359375 0.06365740740740741 0.2953125
3 0.08969907407407407 0.36484375 0.030478395061728395 0.1296875
3 0.06500771604938271 0.15859375 0.008101851851851851 0.0421875
3 0.18306327160493827 0.16953125 0.0073302469135802465 0.0421875
3 0.2816358024691358 0.1796875 0.007716049382716049 0.040625
3 0.4203317901234568 0.19609375 0.0073302469135802465 0.0421875
3 0.5480324074074074 0.21875 0.0073302469135802465 0.04375
3 0.6626157407407407 0.2453125 0.008101851851851851 0.046875
3 0.7997685185185185 0.28046875 0.010030864197530864 0.0515625
3 0.9351851851851852 0.32109375 0.012345679012345678 0.0578125
0 0.10551697530864197 0.153125 0.006558641975308642 0.034375
0 0.2181712962962963 0.16796875 0.005787037037037037 0.0328125
0 0.3341049382716049 0.18203125 0.006172839506172839 0.0328125
0 0.4583333333333333 0.19609375 0.006172839506172839 0.0359375
0 0.5636574074074074 0.2109375 0.006172839506172839 0.034375
0 0.6678240740740741 0.22578125 0.006172839506172839 0.0359375
0 0.7966820987654321 0.2546875 0.006172839506172839 0.040625
0 0.9432870370370371 0.29609375 0.009259259259259259 0.0484375