0 0.6666666666666666 0.25859375 0.019290123456790122 0.1078125
0 0.6213348765432098 0.21796875 0.015046296296296295 0.0859375
0 0.6994598765432098 0.3453125 0.02700617283950617 0.146875
0 0.5509259259259259 0.19453125 0.013117283950617283 0.0734375
3 0.8304398148148148 0.16484375 0.015817901234567902 0.0734375
0 0.33738425925925924 0.17734375 0.009645061728395061 0.0546875
0 0.47337962962962965 0.1859375 0.011574074074074073 0.065625
0 0.6477623456790124 0.4765625 0.040123456790123455 0.20625
3 0.9845679012345679 0.21015625 0.02546296296296296 0.0984375
3 0.5862268518518519 0.1390625 0.008873456790123456 0.053125
3 0.4400077160493827 0.10546875 0.005015432098765432 0.0296875
3 0.46103395061728397 0.13828125 0.008487654320987654 0.0453125
3 0.8003472222222222 0.05703125 0.005015432098765432 0.0265625
3 0.7035108024691358 0.14609375 0.011188271604938271 0.0609375
3 0.41396604938271603 0.13359375 0.007716049382716049 0.0421875
0 0.6842206790123457 0.0609375 0.004243827160493827 0.025
3 0.8393132716049383 0.05 0.004243827160493827 0.025
3 0.5271990740740741 0.08671875 0.004243827160493827 0.0265625
3 0.8643904320987654 0.04609375 0.003472222222222222 0.0234375
3 0.48148148148148145 0.0953125 0.004629629629629629 0.028125
3 0.5792824074074074 0.07890625 0.004243827160493827 0.0265625
0 0.423804012345679 0.0953125 0.004243827160493827 0.025
0 0.5634645061728395 0.071875 0.003472222222222222 0.021875
3 0.4079861111111111 0.11640625 0.005787037037037037 0.0328125
3 0.6950231481481481 0.06953125 0.004243827160493827 0.0265625
0 0.38175154320987653 0.82109375 0.07523148148148148 0.3578125
0 0.7723765432098766 0.05 0.0038580246913580245 0.021875
0 0.8302469135802469 0.0265625 0.0023148148148148147 0.015625
3 0.9963348765432098 0.01484375 0.003472222222222222 0.0171875
0 0.8070987654320988 0.04296875 0.0038580246913580245 0.0203125
3 0.6205632716049383 0.07421875 0.004243827160493827 0.0265625
0 0.361304012345679 0.11015625 0.004243827160493827 0.0265625
3 0.4010416666666667 0.12578125 0.006558641975308642 0.0359375
3 0.7515432098765432 0.0640625 0.004629629629629629 0.028125
0 0.816358024691358 0.040625 0.0030864197530864196 0.01875
0 0.30960648148148145 0.1265625 0.005787037037037037 0.03125
0 0.7914737654320988 0.046875 0.003472222222222222 0.021875
0 0.8586033950617284 0.02265625 0.002700617283950617 0.0140625
0 0.2706404320987654 0.1640625 0.0073302469135802465 0.04375
0 0.7125771604938271 0.05859375 0.004629629629629629 0.0234375
3 0.9573688271604939 0.0171875 0.0019290123456790122 0.01875
0 0.7465277777777778 0.05390625 0.0038580246913580245 0.0234375
0 0.49093364197530864 0.08359375 0.004243827160493827 0.0234375
3 0.8929398148148148 0.03671875 0.002700617283950617 0.0203125
0 0.638695987654321 0.06484375 0.004243827160493827 0.0234375
3 0.8865740740740741 0.03046875 0.0023148148148148147 0.0171875
3 0.8823302469135802 0.040625 0.0038580246913580245 0.021875
3 0.8805941358024691 0.0265625 0.002700617283950617 0.01875
3 0.9243827160493827 0.01953125 0.0023148148148148147 0.0171875
0 0.9502314814814815 0.015625 0.0023148148148148147 0.015625
0 0.8204089506172839 0.0375 0.002700617283950617 0.01875
0 0.2667824074074074 0.14609375 0.004243827160493827 0.0359375
0 0.9000771604938271 0.01875 0.0015432098765432098 0.015625
3 0.9025848765432098 0.021875 0.002700617283950617 0.015625
0 0.8188657407407407 0.028125 0.0011574074074074073 0.0125
3 0.8912037037037037 0.03359375 0.0015432098765432098 0.0203125
3 0.8896604938271605 0.0328125 0.0015432098765432098 0.015625
3 0.8885030864197531 0.025 0.0015432098765432098 0.015625