0 0.4756944444444444 0.49921875 0.021604938271604937 0.0984375
3 0.7023533950617284 0.4046875 0.011959876543209876 0.05625
0 0.5729166666666666 0.39375 0.011574074074074073 0.059375
3 0.7332175925925926 0.45234375 0.015046296296296295 0.0734375
3 0.7677469135802469 0.3875 0.006172839506172839 0.0375
3 0.7762345679012346 0.515625 0.020061728395061727 0.096875
3 0.5962577160493827 0.34140625 0.0073302469135802465 0.0328125
3 0.826195987654321 0.41328125 0.009645061728395061 0.0453125
2 0.05478395061728395 0.240625 0.012345679012345678 0.0375
3 0.9334490740740741 0.44453125 0.011959876543209876 0.0546875
3 0.7364969135802469 0.37109375 0.006172839506172839 0.0359375
2 0.09567901234567901 0.240625 0.012345679012345678 0.0375
2 0.13078703703703703 0.2421875 0.012345679012345678 0.03125
3 0.607445987654321 0.3546875 0.0073302469135802465 0.0375
3 0.6408179012345679 0.33359375 0.006944444444444444 0.0296875
2 0.28125 0.253125 0.009259259259259259 0.025
0 0.9160879629629629 0.40078125 0.006558641975308642 0.0359375
3 0.6803626543209876 0.33828125 0.0073302469135802465 0.0265625
0 0.9293981481481481 0.4171875 0.005401234567901234 0.0375
2 0.1720679012345679 0.24375 0.009259259259259259 0.03125
0 0.5760030864197531 0.31796875 0.006172839506172839 0.0234375
3 0.8595679012345679 0.375 0.006172839506172839 0.03125
0 0.8533950617283951 0.3921875 0.006172839506172839 0.03125
3 0.7191358024691358 0.34296875 0.006944444444444444 0.0265625
3 0.8775077160493827 0.6265625 0.03587962962962963 0.146875
3 0.816358024691358 0.371875 0.006172839506172839 0.03125
3 0.6419753086419753 0.375 0.009259259259259259 0.046875
3 0.7579089506172839 0.36484375 0.006558641975308642 0.0328125
0 0.3597608024691358 0.86796875 0.058256172839506175 0.2609375