0 0.2646604938271605 0.36796875 0.011574074074074073 0.0578125
0 0.07253086419753087 0.36328125 0.013117283950617283 0.0578125
3 0.8505015432098766 0.45546875 0.017361111111111112 0.0859375
3 0.6157407407407407 0.434375 0.015432098765432098 0.078125
0 0.4575617283950617 0.3734375 0.014660493827160493 0.059375
0 0.0073302469135802465 0.3453125 0.010802469135802469 0.05625
0 0.8784722222222222 0.39453125 0.014660493827160493 0.0703125
2 0.5596064814814815 0.29765625 0.005015432098765432 0.0328125
0 0.652391975308642 0.3796875 0.013888888888888888 0.0625
2 0.6232638888888888 0.30078125 0.005015432098765432 0.0296875
2 0.47010030864197533 0.29375 0.006558641975308642 0.03125
3 0.41165123456790126 0.578125 0.036265432098765434 0.15625
2 0.5185185185185185 0.29453125 0.004629629629629629 0.0296875
2 0.7299382716049383 0.309375 0.004629629629629629 0.025
3 0.75 0.74296875 0.05246913580246913 0.2328125
3 0.40489969135802467 0.42109375 0.015817901234567902 0.0765625
3 0.19714506172839505 0.4109375 0.015432098765432098 0.08125
3 0.10165895061728394 0.528125 0.03202160493827161 0.1375