0 0.8155864197530864 0.36640625 0.013888888888888888 0.0765625
0 0.4342206790123457 0.5125 0.02353395061728395 0.13125
3 0.9359567901234568 0.65234375 0.041666666666666664 0.2171875
0 0.046875 0.8265625 0.053626543209876545 0.28125
0 0.6649305555555556 0.4109375 0.016589506172839507 0.090625
2 0.9301697530864198 0.2484375 0.0030864197530864196 0.015625
2 0.9612268518518519 0.246875 0.0019290123456790122 0.015625
2 0.9004629629629629 0.24609375 0.0030864197530864196 0.0171875
1 0.5887345679012346 0.2859375 0.007716049382716049 0.021875
2 0.9976851851851852 0.2484375 0.0023148148148148147 0.015625
3 0.6313657407407407 0.2578125 0.005015432098765432 0.034375
3 0.48649691358024694 0.28828125 0.006172839506172839 0.0359375
2 0.9639274691358025 0.24921875 0.002700617283950617 0.0171875
0 0.7860725308641975 0.2078125 0.004243827160493827 0.025
0 0.7808641975308642 0.23203125 0.0038580246913580245 0.0265625
0 0.7804783950617284 0.2515625 0.004629629629629629 0.009375
0 0.7862654320987654 0.22890625 0.005401234567901234 0.0109375
0 0.7866512345679012 0.2421875 0.005401234567901234 0.009375
0 0.7868441358024691 0.253125 0.005015432098765432 0.009375
3 0.7961033950617284 0.25625 0.003472222222222222 0.025
3 0.7717978395061729 0.25078125 0.002700617283950617 0.0171875
3 0.7609953703703703 0.26171875 0.002700617283950617 0.0046875
3 0.7708333333333334 0.2625 0.0023148148148148147 0.009375
2 0.8422067901234568 0.18046875 0.0038580246913580245 0.0234375
2 0.8609182098765432 0.1796875 0.002700617283950617 0.01875
2 0.5617283950617284 0.23515625 0.0030864197530864196 0.0078125
2 0.5723379629629629 0.23359375 0.002700617283950617 0.0078125
3 0.5883487654320988 0.2546875 0.004629629629629629 0.034375
3 0.5810185185185185 0.259375 0.0030864197530864196 0.021875
0 0.5129243827160493 0.2234375 0.006558641975308642 0.0375
3 0.5418595679012346 0.26328125 0.005787037037037037 0.0359375
3 0.5300925925925926 0.27265625 0.006172839506172839 0.0390625
3 0.49151234567901236 0.24453125 0.0015432098765432098 0.0140625
3 0.4425154320987654 0.23828125 0.0015432098765432098 0.0140625
3 0.41550925925925924 0.2578125 0.0023148148148148147 0.01875
2 0.28530092592592593 0.2328125 0.0019290123456790122 0.015625
2 0.2847222222222222 0.24453125 0.0015432098765432098 0.0140625
0 0.29108796296296297 0.2328125 0.0019290123456790122 0.015625
0 0.2959104938271605 0.23125 0.0015432098765432098 0.015625
3 0.6195987654320988 0.2875 0.009259259259259259 0.025