0 0.8670910493827161 0.1109375 0.008101851851851851 0.040625
0 0.8825231481481481 0.09296875 0.006558641975308642 0.0328125
0 0.8451003086419753 0.1390625 0.011188271604938271 0.053125
0 0.8043981481481481 0.18828125 0.014660493827160493 0.0703125
0 0.41338734567901236 0.62890625 0.05285493827160494 0.2515625
2 0.7482638888888888 0.1140625 0.0073302469135802465 0.0375
2 0.8161651234567902 0.08125 0.006558641975308642 0.028125
0 0.9126157407407407 0.05625 0.004243827160493827 0.021875
0 0.9077932098765432 0.0625 0.005401234567901234 0.021875
0 0.7231867283950617 0.28203125 0.02199074074074074 0.1078125
0 0.8933256172839507 0.0796875 0.005787037037037037 0.028125
1 0.45794753086419754 0.515625 0.06404320987654322 0.3625
0 0.9008487654320988 0.07109375 0.004629629629629629 0.0234375
0 0.9170524691358025 0.053125 0.0030864197530864196 0.01875
1 0.3578317901234568 0.6140625 0.08063271604938271 0.434375
0 0.919945987654321 0.04921875 0.002700617283950617 0.0171875
0 0.9259259259259259 0.04140625 0.0023148148148148147 0.0140625
3 0.9990354938271605 0.03828125 0.0019290123456790122 0.0203125
3 0.9967206790123457 0.03515625 0.002700617283950617 0.0171875
3 0.9944058641975309 0.03359375 0.002700617283950617 0.0140625
0 0.9228395061728395 0.04453125 0.0030864197530864196 0.0171875
0 0.9276620370370371 0.03984375 0.0019290123456790122 0.0140625