0 0.16145833333333334 0.78359375 0.0466820987654321 0.2640625
3 0.9448302469135802 0.51640625 0.027777777777777776 0.1453125
0 0.685570987654321 0.4015625 0.015432098765432098 0.084375
0 0.5495756172839507 0.50390625 0.022762345679012346 0.1296875
0 0.7573302469135802 0.35078125 0.011574074074074073 0.0609375
3 0.9452160493827161 0.4125 0.019290123456790122 0.090625
3 0.9411651234567902 0.325 0.010416666666666666 0.05
3 0.5912422839506173 0.26171875 0.003472222222222222 0.0234375
0 0.7735339506172839 0.31796875 0.009259259259259259 0.0484375
3 0.8719135802469136 0.27265625 0.004629629629629629 0.0296875
3 0.8182870370370371 0.28828125 0.006172839506172839 0.0328125
3 0.9612268518518519 0.359375 0.01427469135802469 0.06875
3 0.8960262345679012 0.3046875 0.006558641975308642 0.040625
0 0.5503472222222222 0.27265625 0.004243827160493827 0.0265625
3 0.8296682098765432 0.26484375 0.004243827160493827 0.0234375
3 0.7442129629629629 0.2796875 0.005401234567901234 0.028125
0 0.6024305555555556 0.278125 0.005015432098765432 0.028125
3 0.6782407407407407 0.27421875 0.0038580246913580245 0.0265625
0 0.7332175925925926 0.29765625 0.0073302469135802465 0.0359375
3 0.7916666666666666 0.259375 0.0038580246913580245 0.021875
3 0.9299768518518519 0.28359375 0.006558641975308642 0.0328125
0 0.6832561728395061 0.28671875 0.005401234567901234 0.0328125
3 0.6265432098765432 0.2421875 0.0023148148148148147 0.015625
3 0.6182484567901234 0.26875 0.003472222222222222 0.025
0 0.8505015432098766 0.25390625 0.003472222222222222 0.0203125
3 0.6610725308641975 0.23828125 0.0019290123456790122 0.0140625
0 0.5187114197530864 0.26171875 0.003472222222222222 0.0234375
3 0.6583719135802469 0.24921875 0.002700617283950617 0.0171875
3 0.580054012345679 0.25390625 0.0019290123456790122 0.0171875
3 0.6194058641975309 0.24609375 0.0019290123456790122 0.0140625
0 0.9444444444444444 0.26796875 0.005401234567901234 0.0265625
3 0.699266975308642 0.2515625 0.003472222222222222 0.01875
3 0.7426697530864198 0.253125 0.0023148148148148147 0.01875
3 0.5744598765432098 0.246875 0.0015432098765432098 0.015625
3 0.5673225308641975 0.2390625 0.0011574074074074073 0.0125
3 0.5696373456790124 0.2421875 0.0011574074074074073 0.0125
0 0.8904320987654321 0.259375 0.0038580246913580245 0.025
0 0.5235339506172839 0.26796875 0.004629629629629629 0.0234375
3 0.6707175925925926 0.234375 0.0019290123456790122 0.0125
0 0.19020061728395063 0.3296875 0.010030864197530864 0.065625
0 0.29128086419753085 0.3015625 0.006944444444444444 0.040625
1 0.435570987654321 0.24375 0.0023148148148148147 0.028125
0 0.5295138888888888 0.2421875 0.0011574074074074073 0.015625
0 0.5281635802469136 0.2453125 0.0015432098765432098 0.015625
0 0.5260416666666666 0.24921875 0.0011574074074074073 0.0171875
0 0.5239197530864198 0.253125 0.0023148148148148147 0.01875
0 0.5208333333333334 0.25703125 0.0023148148148148147 0.0203125
0 0.5464891975308642 0.23515625 0.0019290123456790122 0.0109375
3 0.5721450617283951 0.24453125 0.0015432098765432098 0.0140625
3 0.5767746913580247 0.24921875 0.0023148148148148147 0.0171875
3 0.5713734567901234 0.2328125 0.0015432098765432098 0.009375
3 0.5833333333333334 0.25703125 0.0030864197530864196 0.0203125
3 0.5841049382716049 0.2359375 0.0015432098765432098 0.009375
3 0.6157407407407407 0.24453125 0.0023148148148148147 0.0140625
3 0.6095679012345679 0.23359375 0.0015432098765432098 0.0109375
3 0.6296296296296297 0.24765625 0.0030864197530864196 0.0171875
3 0.6417824074074074 0.23984375 0.0019290123456790122 0.0140625
3 0.6373456790123457 0.2328125 0.0015432098765432098 0.009375
3 0.6637731481481481 0.23203125 0.0019290123456790122 0.0109375
0 0.6857638888888888 0.2390625 0.0019290123456790122 0.0125
0 0.673804012345679 0.23203125 0.0019290123456790122 0.0109375
0 0.668016975308642 0.23984375 0.0019290123456790122 0.0140625
0 0.6693672839506173 0.246875 0.0023148148148148147 0.0125
0 0.6643518518518519 0.24453125 0.0015432098765432098 0.0109375
0 0.6938657407407407 0.23125 0.0019290123456790122 0.0125
0 0.6950231481481481 0.24765625 0.002700617283950617 0.0171875
0 0.7027391975308642 0.23671875 0.002700617283950617 0.0140625
0 0.7064043209876543 0.2328125 0.0015432098765432098 0.0125
0 0.7154706790123457 0.234375 0.0019290123456790122 0.0125
0 0.7399691358024691 0.2484375 0.0023148148148148147 0.01875
0 0.7953317901234568 0.25078125 0.002700617283950617 0.0171875
0 0.5324074074074074 0.2359375 0.0007716049382716049 0.0125
0 0.53125 0.23828125 0.0007716049382716049 0.0140625
0 0.6012731481481481 0.23359375 0.0011574074074074073 0.0078125