0 0.1095679012345679 0.7546875 0.05787037037037037 0.26875
0 0.32253086419753085 0.47578125 0.029320987654320986 0.1234375
0 0.5601851851851852 0.328125 0.010030864197530864 0.053125
0 0.47704475308641975 0.3765625 0.015817901234567902 0.078125
3 0.7401620370370371 0.5875 0.03279320987654321 0.171875
3 0.7557870370370371 0.41171875 0.018518518518518517 0.0890625
0 0.6358024691358025 0.30546875 0.007716049382716049 0.0421875
3 0.8186728395061729 0.30234375 0.007716049382716049 0.0390625
0 0.6863425925925926 0.28828125 0.006944444444444444 0.0359375
3 0.7507716049382716 0.34453125 0.008487654320987654 0.0578125
0 0.7606095679012346 0.28359375 0.006558641975308642 0.0328125
0 0.8740354938271605 0.2859375 0.006558641975308642 0.034375
3 0.7785493827160493 0.31640625 0.009259259259259259 0.0484375
3 0.9012345679012346 0.30078125 0.007716049382716049 0.0390625