0 0.22434413580246915 0.6921875 0.055169753086419755 0.246875
3 0.8940972222222222 0.71015625 0.047453703703703706 0.2109375
0 0.5339506172839507 0.47890625 0.023919753086419752 0.1171875
3 0.8983410493827161 0.51171875 0.025848765432098766 0.1140625
0 0.730516975308642 0.31953125 0.005015432098765432 0.0296875
3 0.939429012345679 0.334375 0.006172839506172839 0.03125
0 0.6749614197530864 0.41484375 0.015046296296296295 0.0796875
0 0.6932870370370371 0.3796875 0.010802469135802469 0.05
3 0.8705632716049383 0.384375 0.011959876543209876 0.059375
3 0.8396990740740741 0.36171875 0.010416666666666666 0.0484375
3 0.9054783950617284 0.4359375 0.015432098765432098 0.08125
0 0.7847222222222222 0.31875 0.005401234567901234 0.028125
0 0.8410493827160493 0.31953125 0.004629629629629629 0.0265625
3 0.8090277777777778 0.34296875 0.006944444444444444 0.0390625
0 0.6938657407407407 0.35 0.0073302469135802465 0.04375
3 0.8622685185185185 0.32890625 0.006172839506172839 0.0328125
3 0.8020833333333334 0.3296875 0.006944444444444444 0.034375
0 0.6842206790123457 0.32109375 0.003472222222222222 0.0328125
0 0.6859567901234568 0.33828125 0.005401234567901234 0.0328125
0 0.9031635802469136 0.32265625 0.004629629629629629 0.0265625
2 0.9832175925925926 0.30390625 0.004243827160493827 0.0265625
2 0.9521604938271605 0.3015625 0.0038580246913580245 0.021875
0 0.9866898148148148 0.33046875 0.005787037037037037 0.0296875