0 0.019290123456790122 0.08125 0.006944444444444444 0.03125
3 0.30941358024691357 0.3765625 0.02700617283950617 0.1375
3 0.9220679012345679 0.2375 0.004629629629629629 0.021875
0 0.1554783950617284 0.0890625 0.004629629629629629 0.025
0 0.13734567901234568 0.0890625 0.005401234567901234 0.025
3 0.22395833333333334 0.10625 0.005015432098765432 0.025
3 0.8580246913580247 0.22265625 0.0038580246913580245 0.0203125
0 0.10204475308641975 0.0875 0.005015432098765432 0.028125
3 0.8036265432098766 0.21015625 0.0038580246913580245 0.0203125
3 0.6494984567901234 0.16796875 0.003472222222222222 0.0171875
3 0.19367283950617284 0.1046875 0.005401234567901234 0.028125
0 0.2023533950617284 0.0828125 0.003472222222222222 0.01875
3 0.16473765432098766 0.278125 0.019290123456790122 0.103125
0 0.8836805555555556 0.2234375 0.003472222222222222 0.01875
0 0.31712962962962965 0.1 0.0030864197530864196 0.01875
0 0.07291666666666667 0.0859375 0.004629629629629629 0.03125
0 0.7961033950617284 0.2046875 0.003472222222222222 0.01875
3 0.5750385802469136 0.14296875 0.002700617283950617 0.0171875
3 0.6365740740740741 0.159375 0.0030864197530864196 0.015625
0 0.7401620370370371 0.190625 0.002700617283950617 0.01875
0 0.5929783950617284 0.14609375 0.0023148148148148147 0.0140625
3 0.4072145061728395 0.1171875 0.003472222222222222 0.01875
3 0.06847993827160494 0.0984375 0.008101851851851851 0.0375
0 0.2777777777777778 0.09453125 0.0038580246913580245 0.0171875
3 0.49209104938271603 0.12578125 0.002700617283950617 0.0140625
0 0.9486882716049383 0.23828125 0.004629629629629629 0.0203125
0 0.36400462962962965 0.10703125 0.002700617283950617 0.0171875
3 0.6045524691358025 0.15 0.0030864197530864196 0.015625
3 0.1415895061728395 0.10390625 0.006944444444444444 0.0328125
0 0.826195987654321 0.2109375 0.003472222222222222 0.01875
0 0.6309799382716049 0.15546875 0.0019290123456790122 0.0140625
3 0.42804783950617287 0.11953125 0.003472222222222222 0.0171875
3 0.6624228395061729 0.17265625 0.0038580246913580245 0.0171875
0 0.40412808641975306 0.11015625 0.002700617283950617 0.0140625
0 0.16531635802469136 0.0875 0.003472222222222222 0.025
0 0.7654320987654321 0.196875 0.0030864197530864196 0.01875
3 0.24729938271604937 0.09453125 0.0038580246913580245 0.0203125
3 0.7521219135802469 0.19765625 0.004243827160493827 0.0203125
3 0.4645061728395062 0.59140625 0.05015432098765432 0.2265625
0 0.3802083333333333 0.10859375 0.003472222222222222 0.0171875
0 0.17033179012345678 0.08125 0.003472222222222222 0.01875
0 0.7172067901234568 0.18359375 0.0030864197530864196 0.0171875
0 0.3393132716049383 0.10390625 0.003472222222222222 0.0171875
3 0.5466820987654321 0.13671875 0.0030864197530864196 0.0171875
3 0.519483024691358 0.13125 0.002700617283950617 0.015625
0 0.3883101851851852 0.109375 0.002700617283950617 0.015625
0 0.699266975308642 0.17578125 0.002700617283950617 0.0140625
0 0.6861496913580247 0.1703125 0.002700617283950617 0.015625
3 0.6440972222222222 0.1640625 0.003472222222222222 0.015625
0 0.5100308641975309 0.128125 0.0023148148148148147 0.0125
3 0.33121141975308643 0.10703125 0.004243827160493827 0.0203125
3 0.2357253086419753 0.096875 0.0030864197530864196 0.021875
3 0.2698688271604938 0.09609375 0.004243827160493827 0.0203125
3 0.7056327160493827 0.18515625 0.0038580246913580245 0.0203125
3 0.4683641975308642 0.121875 0.0030864197530864196 0.015625
3 0.9673996913580247 0.246875 0.004243827160493827 0.021875
3 0.6213348765432098 0.15546875 0.002700617283950617 0.0171875
3 0.4481095679012346 0.11953125 0.003472222222222222 0.0171875
0 0.23996913580246915 0.08828125 0.0030864197530864196 0.0171875
3 0.24421296296296297 0.1015625 0.0038580246913580245 0.021875
3 0.23765432098765432 0.10390625 0.004629629629629629 0.0234375
3 0.36612654320987653 0.1125 0.0038580246913580245 0.01875
0 0.4367283950617284 0.115625 0.0023148148148148147 0.0125
0 0.5515046296296297 0.13671875 0.002700617283950617 0.0140625
3 0.4382716049382716 0.11875 0.0030864197530864196 0.015625
0 0.706983024691358 0.1796875 0.002700617283950617 0.015625
0 0.470679012345679 0.12109375 0.0023148148148148147 0.0140625
0 0.16222993827160495 0.0859375 0.003472222222222222 0.025
0 0.6628086419753086 0.1640625 0.0023148148148148147 0.015625