0 0.8595679012345679 0.1734375 0.014660493827160493 0.075
0 0.9093364197530864 0.09296875 0.007716049382716049 0.0421875
0 0.9205246913580247 0.07421875 0.006944444444444444 0.0359375
0 0.5300925925925926 0.709375 0.06481481481481481 0.309375
0 0.7939814814814815 0.28359375 0.02546296296296296 0.1203125
0 0.8910108024691358 0.12265625 0.010416666666666666 0.0546875
1 0.9278549382716049 0.053125 0.007716049382716049 0.046875
1 0.9315200617283951 0.0515625 0.004243827160493827 0.046875
2 0.9398148148148148 0.04296875 0.004629629629629629 0.0234375
2 0.935570987654321 0.05078125 0.004629629629629629 0.0265625
2 0.9438657407407407 0.03828125 0.004243827160493827 0.0203125
2 0.9469521604938271 0.03203125 0.003472222222222222 0.0203125
2 0.9490740740740741 0.02890625 0.0030864197530864196 0.0203125