1 0.4461805555555556 0.59296875 0.07908950617283951 0.4671875
1 0.5580632716049383 0.428125 0.056712962962962965 0.340625
0 0.511766975308642 0.58203125 0.05439814814814815 0.2578125
0 0.7004243827160493 0.28203125 0.02662037037037037 0.1265625
0 0.7663966049382716 0.18359375 0.015046296296296295 0.0859375
0 0.800733024691358 0.12421875 0.011188271604938271 0.0640625
0 0.8190586419753086 0.09609375 0.009259259259259259 0.0546875
0 0.8395061728395061 0.06875 0.006944444444444444 0.040625
0 0.8620756172839507 0.05390625 0.005787037037037037 0.0359375
0 0.8755787037037037 0.040625 0.005015432098765432 0.03125
0 0.8829089506172839 0.0265625 0.004243827160493827 0.025
0 0.9039351851851852 0.01953125 0.004629629629629629 0.0265625
0 0.9245756172839507 0.01640625 0.003472222222222222 0.0234375
0 0.9768518518518519 0.01171875 0.0038580246913580245 0.0234375
3 0.9905478395061729 0.103125 0.011959876543209876 0.059375
3 0.9799382716049383 0.07421875 0.010030864197530864 0.0453125
3 0.9731867283950617 0.059375 0.0073302469135802465 0.0375
3 0.9729938271604939 0.04453125 0.006944444444444444 0.0328125
3 0.9926697530864198 0.0296875 0.004629629629629629 0.028125