3 0.8794367283950617 0.56015625 0.03742283950617284 0.1515625
0 0.4731867283950617 0.5765625 0.03356481481481482 0.1625
0 0.4529320987654321 0.36015625 0.012345679012345678 0.0671875
0 0.5210262345679012 0.421875 0.018132716049382717 0.09375
0 0.09143518518518519 0.34609375 0.015432098765432098 0.0671875
3 0.029320987654320986 0.309375 0.011574074074074073 0.05
0 0.16165123456790123 0.31328125 0.009259259259259259 0.0515625
3 0.613233024691358 0.36328125 0.01273148148148148 0.0640625
3 0.5509259259259259 0.3265625 0.010802469135802469 0.05
3 0.484375 0.3078125 0.008101851851851851 0.040625
0 0.25 0.296875 0.009259259259259259 0.04375
3 0.7154706790123457 0.42265625 0.017361111111111112 0.0890625
3 0.10551697530864197 0.29453125 0.009645061728395061 0.0453125
3 0.34953703703703703 0.2859375 0.006172839506172839 0.034375
3 0.1900077160493827 0.28359375 0.0073302469135802465 0.0421875
0 0.341820987654321 0.3015625 0.009259259259259259 0.046875
0 0.40239197530864196 0.32265625 0.009259259259259259 0.0484375
3 0.2810570987654321 0.2828125 0.0073302469135802465 0.034375
3 0.4268904320987654 0.2953125 0.0073302469135802465 0.034375
0 0.3524305555555556 0.25390625 0.006558641975308642 0.0203125