3 0.37011779293242403 0.4503858875413451 0.02851828890266584 0.06063947078280044
3 0.5247985120892746 0.4564498346196251 0.0328580285182889 0.06615214994487321
3 0.5595164290142591 0.4244762954796031 0.02417854928704278 0.05512679162072767
2 0.23124612523248606 0.48456449834619625 0.032238065716057036 0.07166482910694598
2 0.36763794172349656 0.545755237045204 0.04959702417854929 0.10143329658213891
2 0.7048977061376317 0.49173098125689085 0.03967761934283943 0.08820286659316427
0 0.5610663360198388 0.5341786108048512 0.04959702417854929 0.10033076074972437
0 0.3921264724116553 0.4895259095920617 0.03781773093614383 0.07497243660418963
0 0.7634841909485431 0.4415656008820287 0.03161810291382517 0.06725468577728776
1 0.6661500309981401 0.40407938257993387 0.0328580285182889 0.09151047409040794
1 0.46776193428394297 0.4117971334068357 0.03161810291382517 0.08710033076074973
1 0.18164910105393675 0.5066152149944874 0.05703657780533168 0.1422271223814774