2 0.5424674519528828 0.4033057851239669 0.014879107253564786 0.02975206611570248
2 0.463112213267204 0.4115702479338843 0.01735895846249225 0.02975206611570248
2 0.6512709237445753 0.44834710743801653 0.026658400495970243 0.04049586776859504
1 0.6983880967141971 0.5152892561983471 0.05269683818970862 0.10991735537190082
1 0.5939243645381277 0.4049586776859504 0.024798512089274645 0.0512396694214876
1 0.32052076875387475 0.48140495867768596 0.04835709857408556 0.09173553719008265
3 0.3419094854308741 0.40950413223140497 0.019218846869187848 0.030578512396694214
3 0.40080595164290145 0.4297520661157025 0.02417854928704278 0.03636363636363636
3 0.4783013019218847 0.39669421487603307 0.015499070055796652 0.026446280991735537
0 0.4417234965902046 0.3867768595041322 0.011779293242405457 0.023140495867768594
0 0.5204587724736516 0.387603305785124 0.011779293242405457 0.023140495867768594
0 0.5306881587104774 0.4570247933884298 0.026038437693738377 0.04462809917355372