3 0.3521388716676999 0.45578512396694215 0.052076875387476754 0.08181818181818182
3 0.4283942963422195 0.34173553719008265 0.030998140111593304 0.047107438016528926
3 0.3437693738375697 0.32148760330578513 0.02417854928704278 0.03801652892561983
2 0.21264724116553008 0.38388429752066117 0.04091754494730316 0.06363636363636363
2 0.5350278983261004 0.32727272727272727 0.024798512089274645 0.04132231404958678
2 0.5821450712957222 0.36735537190082646 0.03595784252944823 0.05371900826446281
1 0.9544327340359579 0.5756198347107438 0.08989460632362058 0.19586776859504132
1 0.1763794172349659 0.6359504132231405 0.11097334159950403 0.23553719008264462
1 0.36732796032238063 0.35206611570247937 0.03905765654060756 0.09090909090909091
0 0.6277123372597644 0.518595041322314 0.06509609423434594 0.10165289256198347
0 0.5123992560446373 0.4194214876033058 0.04773713577185369 0.07024793388429752
0 0.23899566026038438 0.3384297520661157 0.03037817730936144 0.048760330578512395