0 0.26611635220125784 0.4486111111111111 0.049528301886792456 0.10833333333333334
0 0.3309748427672956 0.29097222222222224 0.0330188679245283 0.0763888888888889
2 0.36595911949685533 0.21875 0.027515723270440252 0.0625
0 0.3895440251572327 0.16319444444444445 0.02279874213836478 0.05138888888888889
2 0.4036949685534591 0.13472222222222222 0.018081761006289308 0.04722222222222222
3 0.4190251572327044 0.10277777777777777 0.01729559748427673 0.041666666666666664
3 0.5738993710691824 0.06458333333333334 0.015723270440251572 0.0375
3 0.6407232704402516 0.09305555555555556 0.018867924528301886 0.041666666666666664
2 0.6595911949685535 0.12222222222222222 0.020440251572327043 0.04722222222222222
3 0.6737421383647799 0.15 0.025157232704402517 0.05277777777777778
3 0.7067610062893082 0.19305555555555556 0.026729559748427674 0.06388888888888888
3 0.7421383647798742 0.2777777777777778 0.036163522012578615 0.08055555555555556
0 0.8038522012578616 0.4354166666666667 0.0589622641509434 0.11527777777777778