2 0.10102201257861636 0.7993055555555556 0.04481132075471698 0.09583333333333334
0 0.13482704402515724 0.8069444444444445 0.05110062893081761 0.09722222222222222
0 0.22838050314465408 0.7583333333333333 0.03852201257861635 0.07222222222222222
3 0.24842767295597484 0.7180555555555556 0.025157232704402517 0.05555555555555555
0 0.29323899371069184 0.7173611111111111 0.02358490566037736 0.05138888888888889
0 0.3270440251572327 0.6923611111111111 0.018867924528301886 0.043055555555555555
2 0.3584905660377358 0.6770833333333334 0.014150943396226415 0.034722222222222224
2 0.6584119496855346 0.6930555555555555 0.01650943396226415 0.03611111111111111
3 0.6973270440251572 0.7166666666666667 0.020440251572327043 0.044444444444444446
3 0.7539308176100629 0.7451388888888889 0.026729559748427674 0.05416666666666667
3 0.8109276729559748 0.7770833333333333 0.03537735849056604 0.06527777777777778
3 0.9481132075471698 0.8368055555555556 0.055031446540880505 0.09305555555555556