3 0.10849056603773585 0.6111111111111112 0.029874213836477988 0.05277777777777778
3 0.21580188679245282 0.6229166666666667 0.02122641509433962 0.043055555555555555
1 0.34709119496855345 0.625 0.014937106918238994 0.05
0 0.34355345911949686 0.7152777777777778 0.07547169811320754 0.14444444444444443
3 0.4626572327044025 0.7284722222222222 0.06682389937106918 0.14305555555555555
0 0.5094339622641509 0.6951388888888889 0.040880503144654086 0.0875
0 0.5727201257861635 0.6902777777777778 0.02437106918238994 0.06666666666666667
2 0.5990566037735849 0.6958333333333333 0.026729559748427674 0.06944444444444445
0 0.6171383647798742 0.6868055555555556 0.018867924528301886 0.05138888888888889
0 0.6293238993710691 0.6833333333333333 0.013364779874213837 0.044444444444444446
1 0.6411163522012578 0.6694444444444444 0.01650943396226415 0.06666666666666667