1 0.72562893081761 0.5694444444444444 0.1069182389937107 0.28055555555555556
0 0.6985062893081762 0.49722222222222223 0.030660377358490566 0.08888888888888889
0 0.6411163522012578 0.4534722222222222 0.025943396226415096 0.059722222222222225
0 0.597877358490566 0.43333333333333335 0.02122641509433962 0.05
2 0.5668238993710691 0.4215277777777778 0.01729559748427673 0.043055555555555555
0 0.5526729559748428 0.4097222222222222 0.012578616352201259 0.03333333333333333
3 0.5766509433962265 0.3972222222222222 0.01179245283018868 0.027777777777777776
2 0.512185534591195 0.4041666666666667 0.010220125786163521 0.030555555555555555
3 0.45361635220125784 0.4 0.0110062893081761 0.027777777777777776
2 0.6297169811320755 0.40208333333333335 0.014150943396226415 0.029166666666666667
3 0.6878930817610063 0.41180555555555554 0.015723270440251572 0.0375
3 0.7680817610062893 0.4236111111111111 0.018867924528301886 0.041666666666666664
3 0.847877358490566 0.43819444444444444 0.02279874213836478 0.05138888888888889