3 0.4186320754716981 0.37222222222222223 0.010220125786163521 0.027777777777777776
3 0.4811320754716981 0.36666666666666664 0.009433962264150943 0.025
2 0.47209119496855345 0.37569444444444444 0.010220125786163521 0.03194444444444444
0 0.5070754716981132 0.37916666666666665 0.009433962264150943 0.03333333333333333
2 0.5031446540880503 0.3902777777777778 0.015723270440251572 0.041666666666666664
3 0.5444182389937107 0.36875 0.008647798742138365 0.02638888888888889
2 0.5911949685534591 0.37222222222222223 0.0110062893081761 0.027777777777777776
3 0.6367924528301887 0.3798611111111111 0.014150943396226415 0.034722222222222224
3 0.7032232704402516 0.3909722222222222 0.01650943396226415 0.04583333333333333
3 0.7629716981132075 0.4041666666666667 0.02122641509433962 0.05277777777777778
0 0.8879716981132075 0.4284722222222222 0.030660377358490566 0.06805555555555555
0 0.5176886792452831 0.4013888888888889 0.018081761006289308 0.04722222222222222
0 0.5310534591194969 0.4201388888888889 0.01650943396226415 0.059722222222222225
0 0.539308176100629 0.4597222222222222 0.036163522012578615 0.08611111111111111
1 0.419811320754717 0.5180555555555556 0.08333333333333333 0.25277777777777777