0 0.071875 0.24375 0.009375 0.040625
0 0.47604166666666664 0.26458333333333334 0.0046875 0.023958333333333335
0 0.7223958333333333 0.30416666666666664 0.007291666666666667 0.021875
0 0.1671875 0.24166666666666667 0.009375 0.033854166666666664
0 0.9385416666666667 0.3484375 0.007291666666666667 0.0265625
0 0.40260416666666665 0.25625 0.007291666666666667 0.021875
2 0.25104166666666666 0.38333333333333336 0.023958333333333335 0.084375
2 0.23697916666666666 0.30052083333333335 0.014583333333333334 0.053125
0 0.634375 0.2875 0.0046875 0.019270833333333334
2 0.8401041666666667 0.3411458333333333 0.007291666666666667 0.03125
0 0.296875 0.24635416666666668 0.007291666666666667 0.028645833333333332
0 0.828125 0.32447916666666665 0.007291666666666667 0.023958333333333335
2 0.43645833333333334 0.6453125 0.05520833333333333 0.19479166666666667
2 0.42552083333333335 0.2703125 0.007291666666666667 0.028645833333333332
2 0.6958333333333333 0.3125 0.007291666666666667 0.028645833333333332
2 0.553125 0.2875 0.007291666666666667 0.028645833333333332
2 0.31354166666666666 0.2703125 0.009375 0.03854166666666667
2 0.3307291666666667 0.21614583333333334 0.0026041666666666665 0.011979166666666667
2 0.2765625 0.21510416666666668 0.0026041666666666665 0.009375
2 0.59375 0.2453125 0.0026041666666666665 0.009375
2 0.3776041666666667 0.22135416666666666 0.0026041666666666665 0.009375
2 0.7786458333333334 0.2526041666666667 0.0026041666666666665 0.007291666666666667
2 0.5479166666666667 0.2453125 0.0026041666666666665 0.009375
2 0.2703125 0.209375 0.0026041666666666665 0.009375
2 0.296875 0.2125 0.0026041666666666665 0.009375
2 0.365625 0.209375 0.0026041666666666665 0.007291666666666667
2 0.3255208333333333 0.2140625 0.0026041666666666665 0.009375
2 0.359375 0.21614583333333334 0.0026041666666666665 0.009375
2 0.5963541666666666 0.23697916666666666 0.0026041666666666665 0.009375
0 0.5338541666666666 0.23177083333333334 0.0026041666666666665 0.007291666666666667
2 0.540625 0.234375 0.0026041666666666665 0.007291666666666667
0 0.5541666666666667 0.27395833333333336 0.007291666666666667 0.023958333333333335
2 0.56875 0.23541666666666666 0.0026041666666666665 0.009375
0 0.353125 0.21041666666666667 0.0026041666666666665 0.007291666666666667
2 0.30885416666666665 0.20208333333333334 0.0026041666666666665 0.007291666666666667
2 0.06510416666666667 0.17916666666666667 0.0026041666666666665 0.009375