0 0.6848958333333334 0.36666666666666664 0.023958333333333335 0.08177083333333333
0 0.765625 0.29322916666666665 0.014583333333333334 0.050520833333333334
0 0.8270833333333333 0.23541666666666666 0.007291666666666667 0.028645833333333332
0 0.8052083333333333 0.25729166666666664 0.009375 0.03854166666666667
0 0.8510416666666667 0.2125 0.0046875 0.019270833333333334
0 0.8411458333333334 0.22239583333333332 0.007291666666666667 0.0265625
1 0.38958333333333334 0.56875 0.071875 0.29583333333333334
0 0.3390625 0.6609375 0.0578125 0.20677083333333332
1 0.7177083333333333 0.23802083333333332 0.007291666666666667 0.028645833333333332
0 0.8583333333333333 0.20572916666666666 0.0026041666666666665 0.019270833333333334
1 0.78125 0.21614583333333334 0.0046875 0.019270833333333334
1 0.275 0.6536458333333334 0.08177083333333333 0.35572916666666665
0 0.865625 0.20052083333333334 0.0046875 0.016666666666666666
0 0.86875 0.196875 0.0046875 0.016666666666666666