0 0.7765625 0.3411458333333333 0.007291666666666667 0.028645833333333332
0 0.8546875 0.36875 0.009375 0.028645833333333332
0 0.09114583333333333 0.290625 0.014583333333333334 0.050520833333333334
2 0.3015625 0.33541666666666664 0.014583333333333334 0.0578125
2 0.33177083333333335 0.39427083333333335 0.021875 0.08177083333333333
0 0.17916666666666667 0.22239583333333332 0.007291666666666667 0.0265625
2 0.80625 0.3723958333333333 0.009375 0.0359375
0 0.18854166666666666 0.21614583333333334 0.0046875 0.021875
2 0.39791666666666664 0.5036458333333333 0.033854166666666664 0.12760416666666666
1 0.11197916666666667 0.2609375 0.014583333333333334 0.071875
2 0.6984375 0.334375 0.007291666666666667 0.028645833333333332
0 0.14791666666666667 0.24895833333333334 0.009375 0.033854166666666664
0 0.165625 0.23541666666666666 0.007291666666666667 0.028645833333333332
2 0.28489583333333335 0.30416666666666664 0.014583333333333334 0.04583333333333333
2 0.5901041666666667 0.759375 0.03125 0.178125
2 0.6609375 0.290625 0.0046875 0.016666666666666666
2 0.56875 0.26458333333333334 0.0026041666666666665 0.014583333333333334
2 0.671875 0.3171875 0.007291666666666667 0.023958333333333335
0 0.24270833333333333 0.19479166666666667 0.0046875 0.014583333333333334
0 0.2234375 0.20052083333333334 0.0046875 0.016666666666666666
0 0.20052083333333334 0.209375 0.0046875 0.019270833333333334
0 0.5598958333333334 0.25833333333333336 0.0026041666666666665 0.011979166666666667
0 0.7682291666666666 0.3307291666666667 0.0046875 0.019270833333333334
0 0.2140625 0.20572916666666666 0.0046875 0.016666666666666666
2 0.32447916666666665 0.209375 0.0046875 0.014583333333333334
0 0.7583333333333333 0.3307291666666667 0.007291666666666667 0.021875
0 0.9421875 0.3078125 0.0046875 0.014583333333333334
0 0.7177083333333333 0.303125 0.0026041666666666665 0.016666666666666666
0 0.7526041666666666 0.3171875 0.0046875 0.016666666666666666
2 0.6828125 0.303125 0.0046875 0.019270833333333334
0 0.946875 0.3151041666666667 0.0046875 0.014583333333333334
2 0.5182291666666666 0.25104166666666666 0.0026041666666666665 0.014583333333333334
2 0.6765625 0.3078125 0.0046875 0.019270833333333334
0 0.2546875 0.19583333333333333 0.0026041666666666665 0.011979166666666667
0 0.2296875 0.19479166666666667 0.0046875 0.014583333333333334
0 0.9375 0.3098958333333333 0.0046875 0.011979166666666667
0 0.6359375 0.2786458333333333 0.0046875 0.014583333333333334
2 0.6166666666666667 0.27760416666666665 0.0046875 0.016666666666666666
0 0.12135416666666667 0.271875 0.009375 0.043229166666666666
1 0.125 0.2546875 0.009375 0.06510416666666667
1 0.27760416666666665 0.27760416666666665 0.009375 0.06510416666666667
2 0.27291666666666664 0.28489583333333335 0.007291666666666667 0.040625
2 0.26927083333333335 0.26666666666666666 0.007291666666666667 0.033854166666666664
2 0.2682291666666667 0.25364583333333335 0.0046875 0.023958333333333335
2 0.265625 0.2390625 0.0046875 0.023958333333333335
2 0.2682291666666667 0.23072916666666668 0.0046875 0.019270833333333334
2 0.2703125 0.22135416666666666 0.0046875 0.016666666666666666
2 0.271875 0.21614583333333334 0.0026041666666666665 0.016666666666666666
2 0.275 0.21041666666666667 0.0046875 0.016666666666666666
2 0.28854166666666664 0.20677083333333332 0.0046875 0.014583333333333334
0 0.2859375 0.1984375 0.0046875 0.014583333333333334
0 0.5973958333333333 0.2682291666666667 0.0026041666666666665 0.014583333333333334
0 0.671875 0.2875 0.0046875 0.016666666666666666
1 0.27291666666666664 0.271875 0.009375 0.059895833333333336