0 0.25364583333333335 0.21614583333333334 0.0046875 0.021875
0 0.0984375 0.2994791666666667 0.014583333333333334 0.0578125
0 0.8703125 0.353125 0.007291666666666667 0.028645833333333332
0 0.19010416666666666 0.2546875 0.009375 0.03854166666666667
0 0.23697916666666666 0.22604166666666667 0.0046875 0.0265625
2 0.390625 0.46979166666666666 0.028645833333333332 0.115625
1 0.20677083333333332 0.23333333333333334 0.009375 0.05520833333333333
2 0.35833333333333334 0.3723958333333333 0.019270833333333334 0.07447916666666667
0 0.8078125 0.328125 0.0046875 0.023958333333333335
2 0.803125 0.3484375 0.007291666666666667 0.033854166666666664
2 0.34479166666666666 0.321875 0.014583333333333334 0.05520833333333333
0 0.15729166666666666 0.271875 0.011979166666666667 0.04583333333333333
0 0.26666666666666666 0.20572916666666666 0.0046875 0.019270833333333334
0 0.2875 0.19479166666666667 0.0046875 0.016666666666666666
2 0.3390625 0.28854166666666664 0.009375 0.043229166666666666
2 0.3567708333333333 0.1984375 0.0026041666666666665 0.014583333333333334
2 0.6296875 0.25364583333333335 0.0026041666666666665 0.011979166666666667
0 0.8135416666666667 0.31979166666666664 0.0026041666666666665 0.019270833333333334
2 0.584375 0.240625 0.0026041666666666665 0.011979166666666667
0 0.796875 0.31875 0.0046875 0.021875
2 0.7078125 0.3015625 0.0046875 0.021875
2 0.7151041666666667 0.28125 0.0026041666666666665 0.016666666666666666
2 0.7333333333333333 0.290625 0.0026041666666666665 0.016666666666666666
0 0.32916666666666666 0.1828125 0.0026041666666666665 0.011979166666666667
0 0.275 0.19947916666666668 0.0046875 0.016666666666666666
0 0.30052083333333335 0.1921875 0.0026041666666666665 0.014583333333333334
2 0.5421875 0.22708333333333333 0.0026041666666666665 0.011979166666666667
2 0.6755208333333333 0.26666666666666666 0.0026041666666666665 0.014583333333333334
2 0.35104166666666664 0.20208333333333334 0.0026041666666666665 0.014583333333333334
0 0.3411458333333333 0.18385416666666668 0.0026041666666666665 0.011979166666666667
2 0.44947916666666665 0.20416666666666666 0.0026041666666666665 0.009375
2 0.7197916666666667 0.29583333333333334 0.0026041666666666665 0.019270833333333334
0 0.696875 0.26927083333333335 0.0026041666666666665 0.011979166666666667
2 0.3703125 0.19479166666666667 0.0026041666666666665 0.009375
0 0.459375 0.20572916666666666 0.0026041666666666665 0.009375
0 0.6598958333333333 0.25833333333333336 0.0026041666666666665 0.011979166666666667
2 0.40260416666666665 0.196875 0.0026041666666666665 0.011979166666666667
0 0.3098958333333333 0.1875 0.0026041666666666665 0.014583333333333334
2 0.34375 0.2125 0.0046875 0.016666666666666666
2 0.33177083333333335 0.25625 0.0046875 0.03125
2 0.5697916666666667 0.775 0.028645833333333332 0.14166666666666666
0 0.8041666666666667 0.30885416666666665 0.0046875 0.016666666666666666
0 0.521875 0.21875 0.0026041666666666665 0.009375
2 0.49635416666666665 0.21510416666666668 0.0026041666666666665 0.011979166666666667
0 0.31614583333333335 0.18385416666666668 0.0026041666666666665 0.011979166666666667
2 0.34010416666666665 0.23333333333333334 0.0026041666666666665 0.021875
0 0.5875 0.23697916666666666 0.0026041666666666665 0.009375
2 0.71875 0.31614583333333335 0.007291666666666667 0.0265625
0 0.625 0.24739583333333334 0.0026041666666666665 0.011979166666666667
0 0.36875 0.1875 0.0026041666666666665 0.009375
0 0.7729166666666667 0.2942708333333333 0.0046875 0.014583333333333334
0 0.55625 0.22708333333333333 0.0026041666666666665 0.009375
2 0.34739583333333335 0.20572916666666666 0.0026041666666666665 0.014583333333333334
1 0.21614583333333334 0.22708333333333333 0.007291666666666667 0.053125
0 0.7307291666666667 0.2786458333333333 0.0026041666666666665 0.014583333333333334
2 0.334375 0.26927083333333335 0.007291666666666667 0.033854166666666664
0 0.490625 0.21145833333333333 0.0026041666666666665 0.009375
2 0.34010416666666665 0.22135416666666666 0.0046875 0.019270833333333334
0 0.41354166666666664 0.19583333333333333 0.0026041666666666665 0.009375
1 0.33541666666666664 0.24739583333333334 0.009375 0.053125
0 0.2125 0.24166666666666667 0.007291666666666667 0.033854166666666664