2 0.17447916666666666 0.42552083333333335 0.0265625 0.09375
0 0.3375 0.28125 0.0046875 0.023958333333333335
0 0.43645833333333334 0.296875 0.0046875 0.021875
2 0.28020833333333334 0.28958333333333336 0.007291666666666667 0.028645833333333332
0 0.8375 0.359375 0.007291666666666667 0.023958333333333335
0 0.5348958333333333 0.3098958333333333 0.0046875 0.021875
2 0.390625 0.3015625 0.0046875 0.0265625
0 0.23541666666666666 0.26666666666666666 0.0046875 0.023958333333333335
2 0.8041666666666667 0.36875 0.007291666666666667 0.028645833333333332
2 0.0890625 0.303125 0.011979166666666667 0.04791666666666667
2 0.5276041666666667 0.6635416666666667 0.050520833333333334 0.1875
0 0.7354166666666667 0.33541666666666664 0.0026041666666666665 0.021875
0 0.6276041666666666 0.32083333333333336 0.0046875 0.021875
2 0.4890625 0.3171875 0.0046875 0.0265625
2 0.696875 0.3484375 0.0046875 0.023958333333333335
2 0.5911458333333334 0.3328125 0.0046875 0.023958333333333335
0 0.125 0.259375 0.0046875 0.028645833333333332
2 0.18854166666666666 0.28489583333333335 0.009375 0.0359375
2 0.259375 0.234375 0.0026041666666666665 0.009375
1 0.43385416666666665 0.2453125 0.0026041666666666665 0.019270833333333334
1 0.4401041666666667 0.24739583333333334 0.0026041666666666665 0.019270833333333334
1 0.42916666666666664 0.24895833333333334 0.0026041666666666665 0.011979166666666667
1 0.43645833333333334 0.25 0.0026041666666666665 0.014583333333333334
2 0.2546875 0.23333333333333334 0.0026041666666666665 0.007291666666666667
2 0.2630208333333333 0.23541666666666666 0.0026041666666666665 0.009375
2 0.24635416666666668 0.2296875 0.0026041666666666665 0.007291666666666667
2 0.25 0.23177083333333334 0.0026041666666666665 0.007291666666666667
0 0.28020833333333334 0.23333333333333334 0.0026041666666666665 0.007291666666666667
0 0.30416666666666664 0.234375 0.0026041666666666665 0.007291666666666667
0 0.2942708333333333 0.23333333333333334 0.0026041666666666665 0.007291666666666667
0 0.27291666666666664 0.23072916666666668 0.0026041666666666665 0.0046875
1 0.4109375 0.2390625 0.0026041666666666665 0.007291666666666667