2 0.8546875 0.5828125 0.0359375 0.11041666666666666
0 0.5770833333333333 0.41354166666666664 0.011979166666666667 0.040625
2 0.8979166666666667 0.4401041666666667 0.011979166666666667 0.040625
2 0.625 0.384375 0.007291666666666667 0.0265625
0 0.5479166666666667 0.4421875 0.011979166666666667 0.05520833333333333
2 0.7473958333333334 0.42916666666666664 0.011979166666666667 0.040625
2 0.7619791666666667 0.45208333333333334 0.014583333333333334 0.053125
2 0.8401041666666667 0.41822916666666665 0.009375 0.033854166666666664
0 0.38697916666666665 0.63125 0.040625 0.1515625
0 0.9098958333333333 0.4088541666666667 0.007291666666666667 0.028645833333333332
2 0.7802083333333333 0.49375 0.021875 0.06979166666666667
0 0.15729166666666666 0.3484375 0.009375 0.028645833333333332
0 0.5385416666666667 0.38333333333333336 0.007291666666666667 0.028645833333333332
2 0.290625 0.334375 0.0046875 0.016666666666666666
2 0.44114583333333335 0.35104166666666664 0.0046875 0.016666666666666666
2 0.5046875 0.35833333333333334 0.0046875 0.019270833333333334
0 0.140625 0.37135416666666665 0.011979166666666667 0.043229166666666666
2 0.17916666666666667 0.33645833333333336 0.0046875 0.021875
2 0.7005208333333334 0.39791666666666664 0.007291666666666667 0.028645833333333332
0 0.3375 0.35104166666666664 0.007291666666666667 0.023958333333333335
0 0.23072916666666668 0.3411458333333333 0.0046875 0.021875
0 0.6083333333333333 0.36770833333333336 0.0046875 0.019270833333333334
2 0.41354166666666664 0.35208333333333336 0.0046875 0.019270833333333334
2 0.12604166666666666 0.3390625 0.0046875 0.021875
0 0.4578125 0.37395833333333334 0.007291666666666667 0.028645833333333332
0 0.42291666666666666 0.3411458333333333 0.0046875 0.016666666666666666
2 0.6911458333333333 0.3859375 0.007291666666666667 0.023958333333333335
2 0.7572916666666667 0.39791666666666664 0.007291666666666667 0.0265625
2 0.36302083333333335 0.34375 0.0046875 0.021875
2 0.4796875 0.3640625 0.007291666666666667 0.023958333333333335
2 0.38958333333333334 0.34270833333333334 0.0046875 0.016666666666666666
2 0.634375 0.37604166666666666 0.007291666666666667 0.021875
0 0.5 0.5036458333333333 0.021875 0.08645833333333333
2 0.33177083333333335 0.334375 0.0046875 0.016666666666666666
2 0.5598958333333334 0.36666666666666664 0.007291666666666667 0.021875
0 0.19479166666666667 0.34270833333333334 0.007291666666666667 0.0265625
0 0.38229166666666664 0.36041666666666666 0.007291666666666667 0.028645833333333332
2 0.7416666666666667 0.41458333333333336 0.007291666666666667 0.033854166666666664
0 0.6119791666666666 0.4 0.009375 0.0359375
2 0.2453125 0.33177083333333335 0.0046875 0.016666666666666666
2 0.1921875 0.33177083333333335 0.0046875 0.016666666666666666
2 0.3546875 0.33645833333333336 0.0026041666666666665 0.016666666666666666
2 0.5494791666666666 0.37395833333333334 0.007291666666666667 0.0265625
0 0.30416666666666664 0.34270833333333334 0.007291666666666667 0.023958333333333335
0 0.828125 0.39427083333333335 0.007291666666666667 0.023958333333333335
0 0.53125 0.35833333333333334 0.0046875 0.019270833333333334
2 0.2390625 0.3375 0.0046875 0.019270833333333334
2 0.0828125 0.334375 0.007291666666666667 0.019270833333333334
0 0.14791666666666667 0.35572916666666665 0.007291666666666667 0.0359375
0 0.30052083333333335 0.3328125 0.0046875 0.014583333333333334
2 0.0734375 0.34010416666666665 0.007291666666666667 0.0265625
2 0.13802083333333334 0.334375 0.0046875 0.016666666666666666
0 0.6958333333333333 0.3776041666666667 0.0046875 0.021875
0 0.35208333333333336 0.334375 0.0046875 0.014583333333333334
0 0.17083333333333334 0.33177083333333335 0.0046875 0.014583333333333334
0 0.0984375 0.3307291666666667 0.0046875 0.016666666666666666
0 0.7546875 0.38697916666666665 0.0046875 0.021875