0 0.475 0.42083333333333334 0.009375 0.03854166666666667
2 0.5947916666666667 0.4953125 0.019270833333333334 0.07447916666666667
2 0.9015625 0.40729166666666666 0.009375 0.033854166666666664
0 0.571875 0.4036458333333333 0.007291666666666667 0.033854166666666664
0 0.29322916666666665 0.48333333333333334 0.019270833333333334 0.0671875
2 0.0890625 0.4015625 0.0046875 0.023958333333333335
0 0.41354166666666664 0.3859375 0.0046875 0.019270833333333334
2 0.0578125 0.42552083333333335 0.009375 0.028645833333333332
2 0.15625 0.41354166666666664 0.0046875 0.0265625
0 0.38697916666666665 0.44583333333333336 0.011979166666666667 0.04791666666666667
0 0.65625 0.3953125 0.007291666666666667 0.028645833333333332
0 0.23802083333333332 0.5875 0.028645833333333332 0.1203125
0 0.2765625 0.4109375 0.007291666666666667 0.028645833333333332
0 0.34375 0.4015625 0.007291666666666667 0.023958333333333335
0 0.9229166666666667 0.39166666666666666 0.007291666666666667 0.023958333333333335
2 0.30885416666666665 0.39166666666666666 0.0046875 0.0265625
0 0.19010416666666666 0.42291666666666666 0.009375 0.033854166666666664
2 0.75625 0.6526041666666667 0.04791666666666667 0.1515625
2 0.328125 0.38958333333333334 0.0046875 0.019270833333333334
2 0.6333333333333333 0.4244791666666667 0.011979166666666667 0.043229166666666666
2 0.7536458333333333 0.40989583333333335 0.007291666666666667 0.03854166666666667
2 0.23333333333333334 0.4036458333333333 0.0046875 0.023958333333333335
0 0.38697916666666665 0.39166666666666666 0.0046875 0.021875
2 0.5651041666666666 0.4484375 0.016666666666666666 0.053125
0 0.078125 0.3932291666666667 0.0026041666666666665 0.019270833333333334
2 0.1515625 0.39166666666666666 0.0026041666666666665 0.019270833333333334
0 0.2078125 0.38125 0.0046875 0.016666666666666666
0 0.303125 0.3776041666666667 0.0046875 0.016666666666666666
0 0.34375 0.38125 0.0046875 0.016666666666666666
0 0.38958333333333334 0.38125 0.0046875 0.016666666666666666
2 0.20416666666666666 0.3859375 0.0046875 0.019270833333333334
0 0.146875 0.384375 0.0046875 0.016666666666666666
2 0.2609375 0.384375 0.0026041666666666665 0.016666666666666666
0 0.828125 0.390625 0.0046875 0.023958333333333335
0 0.7463541666666667 0.390625 0.007291666666666667 0.028645833333333332
1 0.5359375 0.3619791666666667 0.0026041666666666665 0.011979166666666667
0 0.25833333333333336 0.3796875 0.0046875 0.016666666666666666
1 0.35208333333333336 0.36302083333333335 0.0026041666666666665 0.011979166666666667
1 0.375 0.3619791666666667 0.0026041666666666665 0.011979166666666667
1 0.5541666666666667 0.36302083333333335 0.0026041666666666665 0.011979166666666667
1 0.571875 0.3640625 0.0026041666666666665 0.014583333333333334
1 0.4171875 0.36041666666666666 0.0026041666666666665 0.011979166666666667
1 0.39427083333333335 0.3619791666666667 0.0026041666666666665 0.009375