0 0.13802083333333334 0.28958333333333336 0.011979166666666667 0.040625
2 0.34479166666666666 0.390625 0.019270833333333334 0.07708333333333334
0 0.20052083333333334 0.27760416666666665 0.009375 0.03125
0 0.9 0.3859375 0.007291666666666667 0.028645833333333332
2 0.4348958333333333 0.5239583333333333 0.033854166666666664 0.12760416666666666
0 0.9421875 0.40520833333333334 0.009375 0.0359375
0 0.9072916666666667 0.3796875 0.007291666666666667 0.023958333333333335
0 0.26197916666666665 0.271875 0.007291666666666667 0.028645833333333332
2 0.30520833333333336 0.3411458333333333 0.014583333333333334 0.059895833333333336
2 0.9375 0.446875 0.016666666666666666 0.050520833333333334
0 0.9484375 0.38125 0.007291666666666667 0.023958333333333335
2 0.803125 0.38125 0.011979166666666667 0.03854166666666667
2 0.34270833333333334 0.29322916666666665 0.009375 0.0359375
2 0.3015625 0.30520833333333336 0.009375 0.040625
0 0.32708333333333334 0.27291666666666664 0.007291666666666667 0.023958333333333335
2 0.36875 0.28958333333333336 0.007291666666666667 0.0265625
2 0.7630208333333334 0.303125 0.0046875 0.014583333333333334
2 0.8979166666666667 0.36302083333333335 0.0046875 0.021875
2 0.4125 0.290625 0.007291666666666667 0.0265625
2 0.7958333333333333 0.3546875 0.007291666666666667 0.023958333333333335
1 0.5541666666666667 0.28489583333333335 0.0046875 0.0265625
2 0.4578125 0.2942708333333333 0.0046875 0.021875
0 0.384375 0.2786458333333333 0.007291666666666667 0.021875
0 0.475 0.28854166666666664 0.0046875 0.019270833333333334
2 0.5265625 0.296875 0.0046875 0.019270833333333334
0 0.509375 0.28958333333333336 0.0026041666666666665 0.019270833333333334
0 0.6432291666666666 0.29322916666666665 0.0046875 0.014583333333333334
2 0.584375 0.2994791666666667 0.0046875 0.019270833333333334
1 0.5661458333333333 0.2875 0.0026041666666666665 0.0265625
2 0.7427083333333333 0.303125 0.0026041666666666665 0.014583333333333334
2 0.7005208333333334 0.3015625 0.0046875 0.016666666666666666
2 0.6609375 0.30416666666666664 0.0046875 0.016666666666666666
2 0.8317708333333333 0.353125 0.0046875 0.021875
2 0.9192708333333334 0.32708333333333334 0.0026041666666666665 0.011979166666666667
0 0.9328125 0.328125 0.0046875 0.011979166666666667
2 0.8270833333333333 0.3078125 0.0026041666666666665 0.011979166666666667
2 0.7234375 0.30052083333333335 0.0046875 0.014583333333333334
2 0.49270833333333336 0.296875 0.0046875 0.019270833333333334
0 0.7317708333333334 0.29583333333333334 0.0026041666666666665 0.011979166666666667
0 0.9015625 0.32083333333333336 0.0026041666666666665 0.011979166666666667
2 0.6802083333333333 0.3015625 0.0046875 0.016666666666666666
2 0.7885416666666667 0.3619791666666667 0.007291666666666667 0.028645833333333332
0 0.43645833333333334 0.2838541666666667 0.0046875 0.021875
0 0.6625 0.290625 0.0026041666666666665 0.014583333333333334
0 0.7114583333333333 0.29583333333333334 0.0026041666666666665 0.011979166666666667
2 0.7885416666666667 0.30416666666666664 0.0026041666666666665 0.011979166666666667
0 0.6875 0.2921875 0.0026041666666666665 0.014583333333333334
0 0.853125 0.3098958333333333 0.0046875 0.011979166666666667
0 0.5927083333333333 0.2921875 0.0026041666666666665 0.016666666666666666
0 0.7682291666666666 0.29583333333333334 0.0026041666666666665 0.011979166666666667
0 0.5348958333333333 0.290625 0.0026041666666666665 0.016666666666666666
0 0.61875 0.2921875 0.0046875 0.016666666666666666
0 0.8098958333333334 0.3015625 0.0026041666666666665 0.011979166666666667
0 0.78125 0.29791666666666666 0.0026041666666666665 0.011979166666666667
0 0.75 0.2942708333333333 0.0026041666666666665 0.011979166666666667
2 0.8760416666666667 0.3171875 0.0026041666666666665 0.009375
1 0.6010416666666667 0.29583333333333334 0.0046875 0.0265625
1 0.6104166666666667 0.29583333333333334 0.007291666666666667 0.0265625
2 0.5578125 0.30052083333333335 0.0026041666666666665 0.016666666666666666
2 0.9255208333333333 0.3125 0.0026041666666666665 0.007291666666666667