0 0.24166666666666667 0.6625 0.053125 0.17552083333333332
0 0.41822916666666665 0.40989583333333335 0.014583333333333334 0.053125
0 0.37604166666666666 0.47239583333333335 0.021875 0.07916666666666666
2 0.6239583333333333 0.4088541666666667 0.011979166666666667 0.050520833333333334
2 0.6921875 0.46510416666666665 0.019270833333333334 0.07916666666666666
0 0.44479166666666664 0.384375 0.011979166666666667 0.03854166666666667
2 0.8796875 0.384375 0.011979166666666667 0.03854166666666667
2 0.5973958333333333 0.38229166666666664 0.009375 0.03854166666666667
2 0.7416666666666667 0.34739583333333335 0.0046875 0.023958333333333335
0 0.4557291666666667 0.36302083333333335 0.007291666666666667 0.028645833333333332
2 0.8833333333333333 0.634375 0.05520833333333333 0.15885416666666666
2 0.8546875 0.35572916666666665 0.0046875 0.0265625
0 0.46770833333333334 0.3546875 0.007291666666666667 0.0265625
2 0.5744791666666667 0.3546875 0.007291666666666667 0.0265625
2 0.8078125 0.35 0.007291666666666667 0.023958333333333335
2 0.5807291666666666 0.3640625 0.007291666666666667 0.028645833333333332
0 0.9328125 0.35572916666666665 0.007291666666666667 0.0265625
0 0.5083333333333333 0.3484375 0.0046875 0.021875
2 0.946875 0.40625 0.007291666666666667 0.050520833333333334
0 0.8822916666666667 0.35 0.007291666666666667 0.023958333333333335
0 0.5515625 0.34375 0.0046875 0.021875
0 0.81875 0.34479166666666666 0.0046875 0.019270833333333334
2 0.8583333333333333 0.36666666666666664 0.007291666666666667 0.03125
0 0.6010416666666667 0.3411458333333333 0.0026041666666666665 0.019270833333333334
2 0.6104166666666667 0.3484375 0.007291666666666667 0.023958333333333335
2 0.6692708333333334 0.3463541666666667 0.0046875 0.021875