0 0.3932291666666667 0.47604166666666664 0.019270833333333334 0.07447916666666667
2 0.7427083333333333 0.6213541666666667 0.043229166666666666 0.14895833333333333
2 0.6359375 0.484375 0.021875 0.07708333333333334
0 0.42916666666666664 0.42552083333333335 0.014583333333333334 0.053125
0 0.2390625 0.4109375 0.014583333333333334 0.04791666666666667
0 0.44479166666666664 0.39791666666666664 0.009375 0.040625
2 0.5734375 0.40260416666666665 0.009375 0.040625
2 0.16927083333333334 0.3859375 0.011979166666666667 0.03854166666666667
0 0.32708333333333334 0.3932291666666667 0.009375 0.040625
0 0.4578125 0.3796875 0.007291666666666667 0.03125
0 0.40260416666666665 0.35208333333333336 0.007291666666666667 0.016666666666666666
0 0.30052083333333335 0.35833333333333334 0.0046875 0.021875
2 0.5973958333333333 0.43125 0.016666666666666666 0.053125
2 0.2609375 0.35208333333333336 0.007291666666666667 0.021875
0 0.334375 0.37604166666666666 0.007291666666666667 0.03125
2 0.5578125 0.38333333333333336 0.007291666666666667 0.028645833333333332
2 0.321875 0.35 0.0046875 0.016666666666666666
0 0.3078125 0.365625 0.007291666666666667 0.023958333333333335
0 0.296875 0.6223958333333334 0.040625 0.14895833333333333
2 0.19947916666666668 0.3546875 0.0026041666666666665 0.021875
0 0.34739583333333335 0.35572916666666665 0.0046875 0.019270833333333334
2 0.5 0.34270833333333334 0.0046875 0.014583333333333334
2 0.3567708333333333 0.35 0.0046875 0.014583333333333334
2 0.5479166666666667 0.3703125 0.007291666666666667 0.0265625
2 0.49270833333333336 0.3411458333333333 0.0046875 0.011979166666666667
2 0.540625 0.3619791666666667 0.0046875 0.021875
0 0.46510416666666665 0.36875 0.007291666666666667 0.023958333333333335
2 0.19479166666666667 0.3619791666666667 0.007291666666666667 0.0265625
0 0.3953125 0.34270833333333334 0.0026041666666666665 0.014583333333333334
2 0.20208333333333334 0.3723958333333333 0.007291666666666667 0.028645833333333332
0 0.4661458333333333 0.3463541666666667 0.0046875 0.014583333333333334
0 0.48541666666666666 0.33645833333333336 0.0026041666666666665 0.011979166666666667
0 0.3078125 0.365625 0.007291666666666667 0.0265625
2 0.53125 0.35 0.0046875 0.016666666666666666
0 0.47239583333333335 0.36041666666666666 0.0046875 0.021875
2 0.5348958333333333 0.3546875 0.0026041666666666665 0.016666666666666666
2 0.521875 0.3463541666666667 0.0026041666666666665 0.014583333333333334
2 0.5046875 0.34010416666666665 0.0026041666666666665 0.011979166666666667
0 0.47604166666666664 0.3546875 0.0046875 0.016666666666666666
0 0.4265625 0.3484375 0.0046875 0.016666666666666666
0 0.42291666666666666 0.34479166666666666 0.0046875 0.014583333333333334
0 0.38958333333333334 0.34010416666666665 0.0026041666666666665 0.011979166666666667
2 0.33645833333333336 0.3411458333333333 0.0046875 0.014583333333333334
2 0.3307291666666667 0.33645833333333336 0.0046875 0.011979166666666667
2 0.3546875 0.34375 0.0026041666666666665 0.014583333333333334
2 0.359375 0.33541666666666664 0.0026041666666666665 0.011979166666666667
0 0.45416666666666666 0.34479166666666666 0.0046875 0.011979166666666667
0 0.45208333333333334 0.3411458333333333 0.0026041666666666665 0.011979166666666667
2 0.4036458333333333 0.328125 0.0026041666666666665 0.014583333333333334