0 0.39427083333333335 0.259375 0.007291666666666667 0.028645833333333332
0 0.2859375 0.24270833333333333 0.007291666666666667 0.028645833333333332
0 0.5515625 0.2875 0.007291666666666667 0.028645833333333332
0 0.7427083333333333 0.30625 0.0046875 0.021875
2 0.8197916666666667 0.33645833333333336 0.009375 0.033854166666666664
0 0.6947916666666667 0.30416666666666664 0.007291666666666667 0.0265625
0 0.665625 0.3015625 0.007291666666666667 0.0265625
0 0.5026041666666666 0.2786458333333333 0.007291666666666667 0.028645833333333332
2 0.7682291666666666 0.33541666666666664 0.009375 0.0359375
0 0.7270833333333333 0.30625 0.007291666666666667 0.021875
0 0.615625 0.296875 0.007291666666666667 0.028645833333333332
2 0.490625 0.296875 0.009375 0.040625
2 0.584375 0.3125 0.009375 0.040625
2 0.8463541666666666 0.33645833333333336 0.007291666666666667 0.0265625
0 0.9348958333333334 0.328125 0.0046875 0.019270833333333334
2 0.2703125 0.25625 0.009375 0.0359375
2 0.6885416666666667 0.328125 0.009375 0.03854166666666667
0 0.1671875 0.22708333333333333 0.007291666666666667 0.028645833333333332
0 0.7369791666666666 0.29322916666666665 0.0046875 0.019270833333333334
0 0.7473958333333334 0.30416666666666664 0.0046875 0.021875
2 0.9401041666666666 0.334375 0.0046875 0.021875
2 0.2078125 0.44114583333333335 0.03125 0.1203125
2 0.3546875 0.26927083333333335 0.009375 0.033854166666666664
0 0.9052083333333333 0.321875 0.0026041666666666665 0.016666666666666666
2 0.8307291666666666 0.31354166666666666 0.0046875 0.021875
2 0.16822916666666668 0.24739583333333334 0.009375 0.03125
2 0.8270833333333333 0.3171875 0.007291666666666667 0.021875
0 0.80625 0.303125 0.0046875 0.016666666666666666
0 0.765625 0.29583333333333334 0.0046875 0.019270833333333334
2 0.49166666666666664 0.65 0.053125 0.19947916666666668
2 0.8567708333333334 0.3171875 0.0046875 0.019270833333333334
0 0.7390625 0.2994791666666667 0.0046875 0.019270833333333334
0 0.853125 0.31354166666666666 0.0026041666666666665 0.019270833333333334
2 0.8484375 0.3234375 0.0046875 0.019270833333333334
2 0.8510416666666667 0.33177083333333335 0.007291666666666667 0.028645833333333332