0 0.615625 0.2765625 0.011979166666666667 0.04583333333333333
0 0.09010416666666667 0.328125 0.011979166666666667 0.03854166666666667
0 0.42552083333333335 0.27395833333333336 0.009375 0.03854166666666667
0 0.6958333333333333 0.29583333333333334 0.011979166666666667 0.0578125
0 0.19583333333333333 0.30520833333333336 0.011979166666666667 0.0359375
0 0.740625 0.453125 0.028645833333333332 0.1296875
0 0.3151041666666667 0.28489583333333335 0.009375 0.0359375
0 0.5229166666666667 0.2703125 0.009375 0.040625
2 0.5875 0.25 0.007291666666666667 0.0359375
2 0.32916666666666666 0.26927083333333335 0.007291666666666667 0.03125
2 0.18385416666666668 0.2921875 0.009375 0.028645833333333332
2 0.46510416666666665 0.2546875 0.009375 0.03125
2 0.053125 0.31979166666666664 0.007291666666666667 0.0359375
1 0.8739583333333333 0.225 0.007291666666666667 0.033854166666666664
1 0.8833333333333333 0.2078125 0.007291666666666667 0.0265625
0 0.5109375 0.6671875 0.059895833333333336 0.2234375
1 0.9192708333333334 0.19479166666666667 0.007291666666666667 0.023958333333333335
2 0.7177083333333333 0.2526041666666667 0.009375 0.040625
2 0.8463541666666666 0.2703125 0.014583333333333334 0.050520833333333334
1 0.75625 0.390625 0.028645833333333332 0.18489583333333334
1 0.8895833333333333 0.19583333333333333 0.0046875 0.023958333333333335
1 0.7114583333333333 0.45208333333333334 0.053125 0.23333333333333334
1 0.8567708333333334 0.25104166666666666 0.011979166666666667 0.043229166666666666
0 0.7583333333333333 0.34375 0.011979166666666667 0.08177083333333333