0 0.125 0.3932291666666667 0.009375 0.014583333333333334
0 0.225 0.39166666666666666 0.009375 0.014583333333333334
0 0.3390625 0.3880208333333333 0.009375 0.014583333333333334
0 0.48802083333333335 0.38333333333333336 0.009375 0.014583333333333334
0 0.65625 0.384375 0.007291666666666667 0.014583333333333334
2 0.4421875 0.44114583333333335 0.021875 0.04583333333333333
2 0.5348958333333333 0.4734375 0.0265625 0.059895833333333336
2 0.7703125 0.6010416666666667 0.059895833333333336 0.12239583333333333
2 0.28125 0.4328125 0.016666666666666666 0.03854166666666667
2 0.9145833333333333 0.37864583333333335 0.0046875 0.014583333333333334
2 0.9098958333333333 0.3723958333333333 0.0046875 0.011979166666666667
2 0.8630208333333333 0.375 0.0026041666666666665 0.014583333333333334
2 0.859375 0.37135416666666665 0.0046875 0.011979166666666667