0 0.35572916666666665 0.6177083333333333 0.043229166666666666 0.146875
0 0.525 0.4713541666666667 0.016666666666666666 0.07447916666666667
2 0.8463541666666666 0.5901041666666667 0.043229166666666666 0.13958333333333334
2 0.7932291666666667 0.46510416666666665 0.023958333333333335 0.07447916666666667
2 0.7546875 0.3859375 0.009375 0.03854166666666667
2 0.68125 0.3463541666666667 0.0046875 0.019270833333333334
0 0.6020833333333333 0.384375 0.009375 0.03854166666666667
2 0.896875 0.375 0.009375 0.0359375
2 0.7317708333333334 0.35208333333333336 0.007291666666666667 0.021875
2 0.7848958333333333 0.41354166666666664 0.011979166666666667 0.053125
2 0.56875 0.353125 0.0046875 0.021875
2 0.46041666666666664 0.32916666666666666 0.0026041666666666665 0.011979166666666667
2 0.6416666666666667 0.34010416666666665 0.0026041666666666665 0.016666666666666666
2 0.4244791666666667 0.34270833333333334 0.0046875 0.016666666666666666
2 0.7104166666666667 0.3703125 0.009375 0.03125
0 0.5927083333333333 0.41458333333333336 0.011979166666666667 0.050520833333333334
0 0.5614583333333333 0.36875 0.007291666666666667 0.028645833333333332
2 0.44947916666666665 0.3463541666666667 0.0046875 0.019270833333333334
2 0.48802083333333335 0.33177083333333335 0.0026041666666666665 0.014583333333333334
2 0.796875 0.3619791666666667 0.007291666666666667 0.028645833333333332
0 0.43385416666666665 0.353125 0.0046875 0.023958333333333335
0 0.38333333333333336 0.35 0.0046875 0.019270833333333334
2 0.6083333333333333 0.3375 0.0046875 0.016666666666666666
2 0.6369791666666667 0.359375 0.007291666666666667 0.023958333333333335
0 0.353125 0.3411458333333333 0.0046875 0.016666666666666666
0 0.8739583333333333 0.3567708333333333 0.007291666666666667 0.0265625
2 0.5072916666666667 0.35 0.0046875 0.019270833333333334
0 0.6921875 0.3375 0.0046875 0.016666666666666666
2 0.525 0.334375 0.0026041666666666665 0.014583333333333334
0 0.35833333333333334 0.3463541666666667 0.0046875 0.019270833333333334
0 0.35572916666666665 0.3375 0.0026041666666666665 0.014583333333333334
0 0.6588541666666666 0.3328125 0.0046875 0.016666666666666666
2 0.5651041666666666 0.334375 0.0026041666666666665 0.014583333333333334
2 0.415625 0.3375 0.0026041666666666665 0.014583333333333334
2 0.41458333333333336 0.33541666666666664 0.0026041666666666665 0.014583333333333334
0 0.359375 0.334375 0.0026041666666666665 0.014583333333333334
0 0.49270833333333336 0.32708333333333334 0.0046875 0.011979166666666667
0 0.5614583333333333 0.3307291666666667 0.0026041666666666665 0.014583333333333334
2 0.446875 0.328125 0.0026041666666666665 0.009375
0 0.7390625 0.3411458333333333 0.0046875 0.021875
2 0.4505208333333333 0.32916666666666666 0.0026041666666666665 0.009375
0 0.5119791666666667 0.359375 0.007291666666666667 0.023958333333333335
0 0.7921875 0.34739583333333335 0.0046875 0.021875
0 0.3619791666666667 0.33177083333333335 0.0026041666666666665 0.011979166666666667
0 0.3640625 0.32916666666666666 0.0026041666666666665 0.011979166666666667