0 0.43854166666666666 0.3640625 0.019270833333333334 0.071875
0 0.35208333333333336 0.33541666666666664 0.011979166666666667 0.053125
0 0.15 0.34375 0.011979166666666667 0.04583333333333333
2 0.6296875 0.3125 0.014583333333333334 0.0625
0 0.2453125 0.334375 0.011979166666666667 0.04583333333333333
2 0.47604166666666664 0.2942708333333333 0.011979166666666667 0.04583333333333333
2 0.058854166666666666 0.3411458333333333 0.009375 0.03854166666666667
2 0.8098958333333334 0.39166666666666666 0.03125 0.103125
0 0.47239583333333335 0.44479166666666664 0.0265625 0.11041666666666666
0 0.32708333333333334 0.7354166666666667 0.06510416666666667 0.22135416666666666
2 0.21145833333333333 0.31354166666666666 0.007291666666666667 0.033854166666666664
2 0.328125 0.2994791666666667 0.009375 0.03854166666666667