1 0.334375 0.5026041666666666 0.023958333333333335 0.0578125
1 0.740625 0.5625 0.040625 0.08645833333333333
1 0.6526041666666667 0.49895833333333334 0.023958333333333335 0.05520833333333333
1 0.6104166666666667 0.4640625 0.016666666666666666 0.040625
1 0.37135416666666665 0.4661458333333333 0.019270833333333334 0.043229166666666666
1 0.5890625 0.44479166666666664 0.014583333333333334 0.0359375
1 0.2609375 0.5708333333333333 0.03854166666666667 0.084375
1 0.56875 0.43125 0.011979166666666667 0.028645833333333332
1 0.39427083333333335 0.446875 0.014583333333333334 0.033854166666666664
1 0.5541666666666667 0.421875 0.009375 0.023958333333333335
1 0.4192708333333333 0.42291666666666666 0.009375 0.023958333333333335
1 0.4088541666666667 0.43125 0.011979166666666667 0.0265625
1 0.42291666666666666 0.415625 0.007291666666666667 0.021875
1 0.43020833333333336 0.40729166666666666 0.009375 0.019270833333333334
1 0.43645833333333334 0.40260416666666665 0.007291666666666667 0.019270833333333334
1 0.5322916666666667 0.40260416666666665 0.007291666666666667 0.019270833333333334
1 0.5375 0.40729166666666666 0.007291666666666667 0.019270833333333334
1 0.5442708333333334 0.415625 0.007291666666666667 0.021875
1 0.46145833333333336 0.3932291666666667 0.009375 0.0265625
1 0.5026041666666666 0.3932291666666667 0.007291666666666667 0.0265625
1 0.4817708333333333 0.3932291666666667 0.007291666666666667 0.0265625
1 0.4401041666666667 0.3932291666666667 0.007291666666666667 0.0265625
1 0.525 0.3932291666666667 0.007291666666666667 0.0265625