2 0.84375 0.6177083333333333 0.028645833333333332 0.12239583333333333
0 0.334375 0.5578125 0.028645833333333332 0.12760416666666666
0 0.5671875 0.4713541666666667 0.016666666666666666 0.06979166666666667
0 0.6875 0.44375 0.011979166666666667 0.053125
2 0.8723958333333334 0.5166666666666667 0.019270833333333334 0.07447916666666667
0 0.7067708333333333 0.42552083333333335 0.007291666666666667 0.028645833333333332
2 0.8895833333333333 0.47239583333333335 0.011979166666666667 0.05520833333333333
2 0.9375 0.4125 0.007291666666666667 0.019270833333333334
0 0.7942708333333334 0.390625 0.0046875 0.016666666666666666
0 0.9052083333333333 0.4 0.0046875 0.019270833333333334
2 0.8390625 0.42083333333333334 0.007291666666666667 0.03125
0 0.7453125 0.3859375 0.007291666666666667 0.019270833333333334
2 0.865625 0.4401041666666667 0.009375 0.03854166666666667
0 0.8447916666666667 0.39166666666666666 0.007291666666666667 0.016666666666666666
0 0.709375 0.40520833333333334 0.007291666666666667 0.028645833333333332
2 0.8135416666666667 0.4088541666666667 0.0046875 0.023958333333333335
2 0.865625 0.4036458333333333 0.0046875 0.021875
2 0.8088541666666667 0.39791666666666664 0.007291666666666667 0.021875
1 0.7390625 0.36875 0.0026041666666666665 0.014583333333333334
1 0.7177083333333333 0.36666666666666664 0.0026041666666666665 0.014583333333333334
1 0.7583333333333333 0.3703125 0.0046875 0.014583333333333334
1 0.7822916666666667 0.3703125 0.0026041666666666665 0.014583333333333334
1 0.6901041666666666 0.3640625 0.0046875 0.016666666666666666
1 0.6958333333333333 0.36041666666666666 0.0026041666666666665 0.009375
1 0.6260416666666667 0.35572916666666665 0.0026041666666666665 0.009375
1 0.6552083333333333 0.35572916666666665 0.0026041666666666665 0.009375