1 0.7692708333333333 0.3546875 0.011979166666666667 0.04583333333333333
1 0.6020833333333333 0.296875 0.007291666666666667 0.033854166666666664
1 0.6489583333333333 0.4088541666666667 0.019270833333333334 0.07916666666666666
1 0.6395833333333333 0.303125 0.007291666666666667 0.0359375
1 0.6166666666666667 0.33177083333333335 0.011979166666666667 0.04583333333333333
1 0.896875 0.44375 0.021875 0.07916666666666666
1 0.678125 0.3078125 0.007291666666666667 0.0359375
1 0.7125 0.31354166666666666 0.007291666666666667 0.033854166666666664
2 0.26666666666666666 0.19375 0.0026041666666666665 0.009375
2 0.2296875 0.18854166666666666 0.0046875 0.009375
2 0.1921875 0.18385416666666668 0.0046875 0.009375
2 0.15885416666666666 0.625 0.053125 0.209375
2 0.15729166666666666 0.18020833333333333 0.0026041666666666665 0.009375
1 0.7895833333333333 0.74375 0.04791666666666667 0.20416666666666666
1 0.7453125 0.30052083333333335 0.0046875 0.021875