0 0.43125 0.421875 0.014583333333333334 0.0359375
0 0.36302083333333335 0.49375 0.03125 0.0671875
0 0.45416666666666666 0.39791666666666664 0.009375 0.021875
0 0.4661458333333333 0.38333333333333336 0.007291666666666667 0.019270833333333334
0 0.47239583333333335 0.375 0.0046875 0.016666666666666666
0 0.47708333333333336 0.3703125 0.0046875 0.014583333333333334
0 0.48072916666666665 0.36666666666666664 0.0046875 0.014583333333333334
2 0.7213541666666666 0.490625 0.033854166666666664 0.0671875
2 0.5791666666666667 0.396875 0.009375 0.023958333333333335
2 0.6177083333333333 0.42083333333333334 0.014583333333333334 0.0359375
2 0.5598958333333334 0.384375 0.007291666666666667 0.019270833333333334
2 0.5494791666666666 0.3776041666666667 0.007291666666666667 0.014583333333333334
2 0.540625 0.37135416666666665 0.0046875 0.014583333333333334
2 0.5359375 0.36770833333333336 0.0026041666666666665 0.009375
2 0.53125 0.365625 0.0046875 0.009375