0 0.09739583333333333 0.4171875 0.009375 0.023958333333333335
0 0.09375 0.3953125 0.007291666666666667 0.014583333333333334
0 0.12604166666666666 0.39427083333333335 0.0046875 0.014583333333333334
0 0.15625 0.40520833333333334 0.007291666666666667 0.019270833333333334
0 0.14791666666666667 0.39427083333333335 0.0046875 0.016666666666666666
0 0.18125 0.39895833333333336 0.007291666666666667 0.019270833333333334
0 0.17083333333333334 0.3953125 0.007291666666666667 0.016666666666666666
0 0.4192708333333333 0.3776041666666667 0.0046875 0.014583333333333334
0 0.4734375 0.3796875 0.0046875 0.011979166666666667
0 0.5442708333333334 0.38229166666666664 0.007291666666666667 0.009375
0 0.6057291666666667 0.38333333333333336 0.007291666666666667 0.009375
0 0.68125 0.38697916666666665 0.009375 0.009375
0 0.803125 0.3932291666666667 0.011979166666666667 0.014583333333333334
0 0.8567708333333334 0.37135416666666665 0.0046875 0.014583333333333334
0 0.7932291666666667 0.3703125 0.0046875 0.011979166666666667
0 0.728125 0.36875 0.0046875 0.011979166666666667
0 0.68125 0.36875 0.0046875 0.014583333333333334
0 0.6359375 0.36666666666666664 0.0046875 0.009375
0 0.5947916666666667 0.365625 0.0046875 0.011979166666666667
2 0.8354166666666667 0.6333333333333333 0.07447916666666667 0.13697916666666668
2 0.3796875 0.5229166666666667 0.033854166666666664 0.07447916666666667
2 0.09270833333333334 0.5130208333333334 0.03125 0.0671875
2 0.0828125 0.39166666666666666 0.007291666666666667 0.016666666666666666
2 0.165625 0.42552083333333335 0.014583333333333334 0.033854166666666664
2 0.165625 0.38697916666666665 0.007291666666666667 0.019270833333333334
2 0.21979166666666666 0.384375 0.007291666666666667 0.016666666666666666
2 0.240625 0.3859375 0.007291666666666667 0.019270833333333334
2 0.24739583333333334 0.40729166666666666 0.011979166666666667 0.0265625
2 0.26197916666666665 0.38697916666666665 0.007291666666666667 0.019270833333333334
2 0.28854166666666664 0.39895833333333336 0.009375 0.021875
2 0.2859375 0.390625 0.009375 0.019270833333333334
2 0.43645833333333334 0.375 0.0046875 0.009375
2 0.45416666666666666 0.37395833333333334 0.0046875 0.009375
2 0.46979166666666666 0.3723958333333333 0.0046875 0.011979166666666667
2 0.48541666666666666 0.37864583333333335 0.0046875 0.011979166666666667
2 0.4890625 0.36770833333333336 0.0046875 0.009375
2 0.4796875 0.3703125 0.0046875 0.009375
2 0.4973958333333333 0.3776041666666667 0.0046875 0.011979166666666667
2 0.5072916666666667 0.37604166666666666 0.0026041666666666665 0.009375
2 0.5182291666666666 0.37395833333333334 0.0026041666666666665 0.009375
2 0.5265625 0.3723958333333333 0.0026041666666666665 0.009375
2 0.5322916666666667 0.3703125 0.0026041666666666665 0.009375
2 0.5375 0.36770833333333336 0.0026041666666666665 0.007291666666666667
2 0.5421875 0.365625 0.0026041666666666665 0.007291666666666667
2 0.49375 0.36666666666666664 0.0046875 0.009375
2 0.5010416666666667 0.36302083333333335 0.0046875 0.009375
1 0.37395833333333334 0.38958333333333334 0.016666666666666666 0.016666666666666666