2 0.44375 0.39791666666666664 0.014583333333333334 0.0671875
0 0.3151041666666667 0.2875 0.007291666666666667 0.028645833333333332
2 0.5442708333333334 0.5578125 0.033854166666666664 0.13229166666666667
0 0.2609375 0.296875 0.009375 0.0359375
2 0.44947916666666665 0.30416666666666664 0.007291666666666667 0.0265625
0 0.4244791666666667 0.28958333333333336 0.0046875 0.019270833333333334
0 0.3703125 0.28489583333333335 0.0046875 0.021875
0 0.10104166666666667 0.34739583333333335 0.016666666666666666 0.06510416666666667
0 0.20052083333333334 0.31614583333333335 0.011979166666666667 0.04583333333333333
2 0.428125 0.3125 0.007291666666666667 0.028645833333333332
0 0.93125 0.35104166666666664 0.0026041666666666665 0.014583333333333334
0 0.5598958333333334 0.3015625 0.0026041666666666665 0.019270833333333334
0 0.9 0.3390625 0.0026041666666666665 0.014583333333333334
2 0.428125 0.34010416666666665 0.009375 0.040625
2 0.5479166666666667 0.26458333333333334 0.0026041666666666665 0.011979166666666667
2 0.12604166666666666 0.1828125 0.0026041666666666665 0.014583333333333334
0 0.6046875 0.30416666666666664 0.0026041666666666665 0.016666666666666666
2 0.65 0.31979166666666664 0.0046875 0.019270833333333334
0 0.4953125 0.296875 0.0046875 0.016666666666666666
2 0.6515625 0.28854166666666664 0.0026041666666666665 0.014583333333333334
2 0.39895833333333336 0.228125 0.0026041666666666665 0.009375
0 0.2125 0.19947916666666668 0.0026041666666666665 0.011979166666666667
2 0.49895833333333334 0.30625 0.0046875 0.021875
2 0.9338541666666667 0.3619791666666667 0.0046875 0.019270833333333334
2 0.5755208333333334 0.31354166666666666 0.0026041666666666665 0.021875
2 0.8723958333333334 0.3375 0.0046875 0.011979166666666667
0 0.625 0.2921875 0.0026041666666666665 0.014583333333333334
0 0.6276041666666666 0.30052083333333335 0.0026041666666666665 0.014583333333333334
0 0.115625 0.1875 0.0026041666666666665 0.016666666666666666
0 0.2859375 0.209375 0.0026041666666666665 0.011979166666666667
2 0.459375 0.23802083333333332 0.0026041666666666665 0.009375
2 0.69375 0.31979166666666664 0.0046875 0.016666666666666666
0 0.6067708333333334 0.28229166666666666 0.0026041666666666665 0.011979166666666667
0 0.4192708333333333 0.23697916666666666 0.0026041666666666665 0.011979166666666667
2 0.8895833333333333 0.34479166666666666 0.0046875 0.016666666666666666
2 0.446875 0.240625 0.0026041666666666665 0.009375
0 0.1765625 0.196875 0.0026041666666666665 0.014583333333333334
0 0.38125 0.228125 0.0026041666666666665 0.011979166666666667
2 0.5046875 0.25625 0.0026041666666666665 0.011979166666666667
0 0.5614583333333333 0.271875 0.0026041666666666665 0.011979166666666667
0 0.515625 0.26197916666666665 0.0026041666666666665 0.014583333333333334
2 0.2994791666666667 0.209375 0.0026041666666666665 0.011979166666666667
0 0.47708333333333336 0.2526041666666667 0.0026041666666666665 0.014583333333333334
2 0.20208333333333334 0.19375 0.0026041666666666665 0.011979166666666667
2 0.4713541666666667 0.24635416666666668 0.0026041666666666665 0.011979166666666667
2 0.165625 0.1875 0.0046875 0.014583333333333334
2 0.9088541666666666 0.35208333333333336 0.007291666666666667 0.016666666666666666
2 0.6958333333333333 0.3098958333333333 0.0026041666666666665 0.016666666666666666
2 0.6708333333333333 0.2786458333333333 0.0026041666666666665 0.009375
2 0.259375 0.1984375 0.0026041666666666665 0.011979166666666667
0 0.31614583333333335 0.21614583333333334 0.0026041666666666665 0.009375
2 0.5265625 0.25 0.0026041666666666665 0.009375
1 0.9484375 0.36666666666666664 0.0046875 0.028645833333333332
2 0.8567708333333334 0.33177083333333335 0.0026041666666666665 0.011979166666666667
0 0.86875 0.32708333333333334 0.0026041666666666665 0.011979166666666667
2 0.40520833333333334 0.228125 0.0026041666666666665 0.009375
2 0.775 0.30416666666666664 0.0046875 0.009375
2 0.8364583333333333 0.32447916666666665 0.0026041666666666665 0.011979166666666667
2 0.80625 0.31354166666666666 0.0046875 0.011979166666666667
2 0.6755208333333333 0.29791666666666666 0.0026041666666666665 0.014583333333333334
2 0.49375 0.24375 0.0026041666666666665 0.009375
2 0.553125 0.2546875 0.0026041666666666665 0.009375
2 0.6380208333333334 0.27291666666666664 0.0026041666666666665 0.009375
0 0.4484375 0.24635416666666668 0.0026041666666666665 0.009375