0 0.19479166666666667 0.6984375 0.059895833333333336 0.19479166666666667
0 0.6765625 0.44583333333333336 0.009375 0.033854166666666664
2 0.9364583333333333 0.5203125 0.016666666666666666 0.059895833333333336
0 0.7067708333333333 0.4661458333333333 0.011979166666666667 0.043229166666666666
0 0.65625 0.43125 0.007291666666666667 0.0265625
2 0.8630208333333333 0.4817708333333333 0.011979166666666667 0.043229166666666666
0 0.6984375 0.49375 0.014583333333333334 0.0578125
2 0.78125 0.44947916666666665 0.007291666666666667 0.03125
0 0.6010416666666667 0.5541666666666667 0.023958333333333335 0.09635416666666667
2 0.8932291666666666 0.4421875 0.0046875 0.023958333333333335
2 0.8234375 0.46875 0.007291666666666667 0.0359375
2 0.7979166666666667 0.44375 0.0046875 0.028645833333333332
0 0.6911458333333333 0.42916666666666664 0.0046875 0.021875
2 0.9145833333333333 0.45416666666666666 0.0046875 0.0265625
2 0.8291666666666667 0.4421875 0.007291666666666667 0.0265625
0 0.8776041666666666 0.42916666666666664 0.007291666666666667 0.021875
2 0.921875 0.4625 0.007291666666666667 0.03125
0 0.7994791666666666 0.4265625 0.0046875 0.0265625
0 0.75 0.42552083333333335 0.0046875 0.019270833333333334