0 0.19947916666666668 0.5890625 0.033854166666666664 0.13229166666666667
2 0.7380208333333333 0.4265625 0.011979166666666667 0.04583333333333333
0 0.5984375 0.4 0.007291666666666667 0.0359375
2 0.8125 0.4192708333333333 0.011979166666666667 0.040625
2 0.6729166666666667 0.446875 0.016666666666666666 0.05520833333333333
0 0.9 0.4015625 0.007291666666666667 0.028645833333333332
0 0.7802083333333333 0.39166666666666666 0.007291666666666667 0.028645833333333332
1 0.10104166666666667 0.35572916666666665 0.007291666666666667 0.028645833333333332
2 0.6515625 0.5036458333333333 0.023958333333333335 0.08177083333333333
0 0.6958333333333333 0.39427083333333335 0.009375 0.03125
1 0.18020833333333333 0.35 0.007291666666666667 0.0265625
1 0.2609375 0.3484375 0.0046875 0.021875
2 0.8786458333333333 0.41354166666666664 0.009375 0.0359375
2 0.7213541666666666 0.6572916666666667 0.04583333333333333 0.15364583333333334
0 0.3619791666666667 0.46041666666666664 0.016666666666666666 0.0671875