2 0.26197916666666665 0.42291666666666666 0.0265625 0.09635416666666667
2 0.17916666666666667 0.32916666666666666 0.014583333333333334 0.0578125
2 0.14427083333333332 0.28958333333333336 0.011979166666666667 0.040625
2 0.10833333333333334 0.24270833333333333 0.007291666666666667 0.023958333333333335
2 0.1140625 0.2526041666666667 0.007291666666666667 0.023958333333333335
2 0.10104166666666667 0.23541666666666666 0.0046875 0.019270833333333334
2 0.09635416666666667 0.2296875 0.0026041666666666665 0.016666666666666666
2 0.12604166666666666 0.26666666666666666 0.007291666666666667 0.028645833333333332
2 0.33645833333333336 0.25625 0.0046875 0.023958333333333335
2 0.09270833333333334 0.2234375 0.0026041666666666665 0.016666666666666666
2 0.6140625 0.7822916666666667 0.03125 0.13229166666666667
2 0.0890625 0.21770833333333334 0.0026041666666666665 0.014583333333333334
2 0.3307291666666667 0.25833333333333336 0.0046875 0.0265625