2 0.8520833333333333 0.6177083333333333 0.03125 0.12239583333333333
0 0.5375 0.49635416666666665 0.016666666666666666 0.07447916666666667
0 0.3411458333333333 0.6296875 0.040625 0.14427083333333332
2 0.7307291666666667 0.44479166666666664 0.011979166666666667 0.04791666666666667
2 0.6885416666666667 0.421875 0.009375 0.040625
2 0.7932291666666667 0.5010416666666667 0.019270833333333334 0.06979166666666667
0 0.546875 0.44375 0.011979166666666667 0.053125
2 0.93125 0.42916666666666664 0.011979166666666667 0.033854166666666664
2 0.8833333333333333 0.4109375 0.007291666666666667 0.028645833333333332
0 0.6708333333333333 0.38333333333333336 0.0046875 0.019270833333333334
0 0.540625 0.415625 0.007291666666666667 0.0359375
0 0.5697916666666667 0.384375 0.0046875 0.023958333333333335
0 0.5276041666666667 0.38958333333333334 0.007291666666666667 0.023958333333333335
0 0.6203125 0.384375 0.0046875 0.021875
2 0.6515625 0.40729166666666666 0.009375 0.03125
0 0.8979166666666667 0.39791666666666664 0.007291666666666667 0.021875
2 0.7609375 0.396875 0.0046875 0.023958333333333335
2 0.640625 0.3953125 0.007291666666666667 0.0265625
0 0.53125 0.4036458333333333 0.007291666666666667 0.03125
2 0.8255208333333334 0.40260416666666665 0.007291666666666667 0.0265625
0 0.7260416666666667 0.3859375 0.007291666666666667 0.016666666666666666
1 0.8234375 0.37395833333333334 0.0046875 0.011979166666666667
1 0.5322916666666667 0.36041666666666666 0.0026041666666666665 0.014583333333333334
1 0.7994791666666666 0.3723958333333333 0.0026041666666666665 0.011979166666666667
2 0.5515625 0.35208333333333336 0.0026041666666666665 0.009375
1 0.5734375 0.36302083333333335 0.0026041666666666665 0.011979166666666667
1 0.5541666666666667 0.3619791666666667 0.0026041666666666665 0.014583333333333334
1 0.5963541666666666 0.3619791666666667 0.0026041666666666665 0.014583333333333334
2 0.69375 0.3932291666666667 0.007291666666666667 0.0265625
1 0.7765625 0.3723958333333333 0.0046875 0.014583333333333334
1 0.7526041666666666 0.3703125 0.0046875 0.014583333333333334
1 0.5046875 0.36041666666666666 0.0026041666666666665 0.014583333333333334
1 0.509375 0.3546875 0.0026041666666666665 0.009375
0 0.5229166666666667 0.35208333333333336 0.0026041666666666665 0.011979166666666667
0 0.7932291666666667 0.38958333333333334 0.0046875 0.023958333333333335