2 0.396875 0.49635416666666665 0.033854166666666664 0.12239583333333333
0 0.06875 0.28854166666666664 0.014583333333333334 0.04791666666666667
0 0.20572916666666666 0.259375 0.007291666666666667 0.028645833333333332
2 0.6994791666666667 0.31145833333333334 0.0046875 0.023958333333333335
2 0.27760416666666665 0.328125 0.016666666666666666 0.0578125
0 0.8859375 0.35208333333333336 0.007291666666666667 0.028645833333333332
2 0.8546875 0.36666666666666664 0.009375 0.03854166666666667
0 0.9458333333333333 0.3411458333333333 0.0046875 0.019270833333333334
0 0.2526041666666667 0.25364583333333335 0.007291666666666667 0.021875
2 0.30885416666666665 0.38333333333333336 0.019270833333333334 0.07916666666666666
2 0.3255208333333333 0.28020833333333334 0.009375 0.0359375
0 0.8786458333333333 0.334375 0.0046875 0.019270833333333334
2 0.7078125 0.3328125 0.007291666666666667 0.028645833333333332
2 0.3567708333333333 0.2609375 0.0046875 0.0265625
0 0.8307291666666666 0.32916666666666666 0.007291666666666667 0.021875
0 0.30520833333333336 0.24739583333333334 0.0046875 0.019270833333333334
2 0.7875 0.3125 0.0046875 0.016666666666666666
0 0.15520833333333334 0.26927083333333335 0.009375 0.0359375
2 0.9302083333333333 0.33177083333333335 0.0046875 0.016666666666666666
2 0.296875 0.29583333333333334 0.011979166666666667 0.043229166666666666
2 0.8473958333333333 0.31979166666666664 0.0026041666666666665 0.016666666666666666
2 0.7416666666666667 0.30885416666666665 0.0046875 0.019270833333333334
2 0.5661458333333333 0.2682291666666667 0.0026041666666666665 0.016666666666666666
2 0.49270833333333336 0.2609375 0.0046875 0.016666666666666666
2 0.38125 0.2546875 0.0046875 0.019270833333333334
0 0.3463541666666667 0.24635416666666668 0.0046875 0.019270833333333334
2 0.45208333333333334 0.25729166666666664 0.0046875 0.016666666666666666
0 0.80625 0.32916666666666666 0.007291666666666667 0.0265625
0 0.4401041666666667 0.25 0.0046875 0.016666666666666666
0 0.390625 0.24635416666666668 0.0046875 0.016666666666666666
2 0.421875 0.2546875 0.0046875 0.016666666666666666
2 0.3463541666666667 0.2682291666666667 0.007291666666666667 0.028645833333333332
2 0.5322916666666667 0.265625 0.0026041666666666665 0.014583333333333334
0 0.48802083333333335 0.25625 0.0046875 0.016666666666666666
2 0.6296875 0.27395833333333336 0.0026041666666666665 0.014583333333333334
1 0.6901041666666666 0.27760416666666665 0.0046875 0.019270833333333334
2 0.5973958333333333 0.27291666666666664 0.0026041666666666665 0.014583333333333334
1 0.678125 0.275 0.0046875 0.019270833333333334
1 0.646875 0.26927083333333335 0.0046875 0.019270833333333334
1 0.6588541666666666 0.2703125 0.0046875 0.019270833333333334
2 0.8630208333333333 0.290625 0.0026041666666666665 0.011979166666666667
2 0.6588541666666666 0.2786458333333333 0.0046875 0.014583333333333334
2 0.6838541666666667 0.28020833333333334 0.0026041666666666665 0.014583333333333334
2 0.71875 0.2838541666666667 0.0026041666666666665 0.014583333333333334
2 0.7510416666666667 0.2859375 0.0026041666666666665 0.014583333333333334
2 0.7765625 0.2875 0.0046875 0.014583333333333334
2 0.803125 0.2875 0.0046875 0.011979166666666667
2 0.834375 0.28958333333333336 0.0046875 0.014583333333333334
2 0.8932291666666666 0.29322916666666665 0.0046875 0.011979166666666667
2 0.9291666666666667 0.29583333333333334 0.0026041666666666665 0.011979166666666667
0 0.5697916666666667 0.26666666666666666 0.0026041666666666665 0.014583333333333334
0 0.6010416666666667 0.26927083333333335 0.0026041666666666665 0.014583333333333334
0 0.6260416666666667 0.27291666666666664 0.0026041666666666665 0.011979166666666667
0 0.6526041666666667 0.27291666666666664 0.0026041666666666665 0.014583333333333334
0 0.6875 0.2765625 0.0026041666666666665 0.014583333333333334
0 0.7177083333333333 0.27760416666666665 0.0026041666666666665 0.011979166666666667
0 0.7473958333333334 0.2786458333333333 0.0026041666666666665 0.014583333333333334
0 0.7692708333333333 0.2786458333333333 0.0026041666666666665 0.011979166666666667
0 0.8041666666666667 0.28125 0.0046875 0.011979166666666667
0 0.8640625 0.2875 0.0026041666666666665 0.011979166666666667
0 0.890625 0.2859375 0.0026041666666666665 0.009375
0 0.9145833333333333 0.28854166666666664 0.0026041666666666665 0.009375
0 0.93125 0.28958333333333336 0.0026041666666666665 0.009375