0 0.43020833333333336 0.5166666666666667 0.023958333333333335 0.0890625
0 0.28229166666666666 0.6286458333333333 0.04791666666666667 0.1515625
2 0.6526041666666667 0.43020833333333336 0.007291666666666667 0.03125
0 0.328125 0.4625 0.014583333333333334 0.0625
0 0.8161458333333333 0.43020833333333336 0.007291666666666667 0.03125
0 0.0984375 0.46510416666666665 0.021875 0.071875
2 0.5515625 0.421875 0.007291666666666667 0.028645833333333332
2 0.8713541666666667 0.4734375 0.011979166666666667 0.053125
2 0.08072916666666667 0.40520833333333334 0.009375 0.0359375
0 0.6958333333333333 0.421875 0.007291666666666667 0.0265625
2 0.8447916666666667 0.4505208333333333 0.011979166666666667 0.040625
2 0.74375 0.4401041666666667 0.007291666666666667 0.0359375
2 0.38125 0.4348958333333333 0.011979166666666667 0.043229166666666666
0 0.9458333333333333 0.44375 0.009375 0.0359375
2 0.23802083333333332 0.43020833333333336 0.011979166666666667 0.04583333333333333
0 0.34010416666666665 0.4036458333333333 0.007291666666666667 0.0265625
0 0.453125 0.40729166666666666 0.007291666666666667 0.0265625
1 0.6875 0.3953125 0.0046875 0.014583333333333334
2 0.44114583333333335 0.41822916666666665 0.007291666666666667 0.028645833333333332
2 0.084375 0.4265625 0.014583333333333334 0.04583333333333333
2 0.50625 0.4484375 0.011979166666666667 0.04791666666666667
1 0.3776041666666667 0.38125 0.0046875 0.016666666666666666
2 0.9098958333333333 0.7703125 0.033854166666666664 0.15364583333333334
0 0.21770833333333334 0.4 0.007291666666666667 0.0265625
1 0.31145833333333334 0.3776041666666667 0.0046875 0.014583333333333334
2 0.21145833333333333 0.4125 0.007291666666666667 0.0265625
2 0.3307291666666667 0.41354166666666664 0.007291666666666667 0.028645833333333332
1 0.34739583333333335 0.37864583333333335 0.0046875 0.016666666666666666
0 0.571875 0.41354166666666664 0.007291666666666667 0.0265625
2 0.6286458333333333 0.475 0.016666666666666666 0.059895833333333336
1 0.42291666666666666 0.38229166666666664 0.0026041666666666665 0.016666666666666666
1 0.2630208333333333 0.375 0.0046875 0.014583333333333334
2 0.7427083333333333 0.5494791666666666 0.028645833333333332 0.09635416666666667
1 0.6166666666666667 0.39166666666666666 0.0046875 0.016666666666666666
1 0.5578125 0.390625 0.0026041666666666665 0.016666666666666666