0 0.7583333333333333 0.3125 0.016666666666666666 0.06979166666666667
0 0.6802083333333333 0.39791666666666664 0.03125 0.10572916666666667
0 0.8723958333333334 0.20052083333333334 0.007291666666666667 0.023958333333333335
0 0.7958333333333333 0.26458333333333334 0.011979166666666667 0.04791666666666667
0 0.8151041666666666 0.24270833333333333 0.009375 0.040625
0 0.8796875 0.19114583333333332 0.0046875 0.021875
0 0.8364583333333333 0.22135416666666666 0.009375 0.03125
0 0.9208333333333333 0.18385416666666668 0.0046875 0.019270833333333334
0 0.859375 0.21041666666666667 0.007291666666666667 0.0265625
0 0.4109375 0.7057291666666666 0.0671875 0.24739583333333334
0 0.9 0.18645833333333334 0.0046875 0.019270833333333334
1 0.48802083333333335 0.5479166666666667 0.0671875 0.3098958333333333
1 0.31145833333333334 0.678125 0.05520833333333333 0.3390625