0 0.3411458333333333 0.6057291666666667 0.040625 0.14166666666666666
2 0.6635416666666667 0.5322916666666667 0.028645833333333332 0.10104166666666667
0 0.26458333333333334 0.40729166666666666 0.011979166666666667 0.04791666666666667
2 0.646875 0.40989583333333335 0.007291666666666667 0.040625
0 0.25625 0.4661458333333333 0.016666666666666666 0.07447916666666667
0 0.9447916666666667 0.44479166666666664 0.011979166666666667 0.04583333333333333
0 0.8677083333333333 0.4125 0.009375 0.03854166666666667
0 0.290625 0.38125 0.009375 0.0359375
2 0.553125 0.36875 0.0046875 0.023958333333333335
2 0.46041666666666664 0.37864583333333335 0.009375 0.028645833333333332
2 0.44375 0.39166666666666666 0.009375 0.03854166666666667
2 0.765625 0.3859375 0.007291666666666667 0.023958333333333335
0 0.6223958333333334 0.3640625 0.0046875 0.021875
0 0.709375 0.37395833333333334 0.0046875 0.021875
2 0.859375 0.396875 0.009375 0.023958333333333335
2 0.7125 0.4375 0.014583333333333334 0.053125
0 0.48802083333333335 0.35833333333333334 0.0046875 0.023958333333333335
2 0.5036458333333333 0.37135416666666665 0.007291666666666667 0.0265625
1 0.08177083333333333 0.32708333333333334 0.0046875 0.021875
0 0.42083333333333334 0.359375 0.0046875 0.023958333333333335
2 0.7296875 0.390625 0.009375 0.028645833333333332
2 0.9375 0.4125 0.007291666666666667 0.0265625
0 0.8088541666666667 0.4171875 0.007291666666666667 0.03854166666666667
2 0.9447916666666667 0.40729166666666666 0.007291666666666667 0.0265625
0 0.35104166666666664 0.36666666666666664 0.007291666666666667 0.028645833333333332
2 0.8463541666666666 0.478125 0.021875 0.0625
0 0.5479166666666667 0.35833333333333334 0.0046875 0.016666666666666666
2 0.6744791666666666 0.37604166666666666 0.007291666666666667 0.023958333333333335
2 0.8291666666666667 0.39895833333333336 0.007291666666666667 0.028645833333333332
2 0.5973958333333333 0.36875 0.0026041666666666665 0.021875
2 0.4557291666666667 0.4192708333333333 0.011979166666666667 0.043229166666666666
0 0.8895833333333333 0.39791666666666664 0.007291666666666667 0.021875
2 0.5182291666666666 0.459375 0.019270833333333334 0.0671875
2 0.6645833333333333 0.396875 0.009375 0.0359375
1 0.14427083333333332 0.3255208333333333 0.0026041666666666665 0.016666666666666666