0 0.5697916666666667 0.36875 0.023958333333333335 0.07708333333333334
0 0.2703125 0.32708333333333334 0.011979166666666667 0.04583333333333333
0 0.4036458333333333 0.33645833333333336 0.016666666666666666 0.05520833333333333
0 0.21510416666666668 0.28229166666666666 0.007291666666666667 0.023958333333333335
2 0.8484375 0.23333333333333334 0.007291666666666667 0.023958333333333335
2 0.48072916666666665 0.28958333333333336 0.009375 0.03854166666666667
2 0.6838541666666667 0.303125 0.009375 0.04583333333333333
2 0.36666666666666664 0.28958333333333336 0.007291666666666667 0.03125
0 0.1921875 0.3015625 0.009375 0.033854166666666664
0 0.48541666666666666 0.6140625 0.050520833333333334 0.1875
2 0.8760416666666667 0.33645833333333336 0.023958333333333335 0.07447916666666667
0 0.88125 0.22708333333333333 0.007291666666666667 0.021875
0 0.1609375 0.28020833333333334 0.0046875 0.023958333333333335
0 0.2125 0.25364583333333335 0.0026041666666666665 0.011979166666666667
0 0.20677083333333332 0.31354166666666666 0.009375 0.03854166666666667
2 0.12239583333333333 0.2630208333333333 0.0026041666666666665 0.014583333333333334
2 0.44479166666666664 0.2453125 0.0046875 0.016666666666666666
2 0.6322916666666667 0.23697916666666666 0.0046875 0.019270833333333334
0 0.115625 0.259375 0.0026041666666666665 0.014583333333333334
0 0.271875 0.2526041666666667 0.0046875 0.014583333333333334
2 0.24739583333333334 0.2682291666666667 0.0046875 0.021875
0 0.09375 0.28489583333333335 0.007291666666666667 0.023958333333333335
0 0.5552083333333333 0.23541666666666666 0.0026041666666666665 0.016666666666666666
0 0.3723958333333333 0.2453125 0.0046875 0.016666666666666666
2 0.5083333333333333 0.24375 0.0026041666666666665 0.016666666666666666
2 0.0625 0.275 0.0046875 0.019270833333333334
2 0.34739583333333335 0.25364583333333335 0.0046875 0.016666666666666666
0 0.48333333333333334 0.23802083333333332 0.0046875 0.016666666666666666
2 0.5734375 0.2390625 0.0026041666666666665 0.019270833333333334
0 0.7765625 0.22708333333333333 0.0046875 0.019270833333333334
0 0.3171875 0.25 0.0046875 0.014583333333333334
2 0.328125 0.2786458333333333 0.007291666666666667 0.0265625
0 0.43020833333333336 0.24166666666666667 0.0046875 0.016666666666666666
0 0.15885416666666666 0.25833333333333336 0.0046875 0.011979166666666667
2 0.08645833333333333 0.26666666666666666 0.0046875 0.014583333333333334
2 0.290625 0.25625 0.0046875 0.014583333333333334
2 0.7692708333333333 0.23333333333333334 0.0046875 0.021875
2 0.23333333333333334 0.2546875 0.0046875 0.014583333333333334
2 0.6958333333333333 0.23333333333333334 0.0046875 0.019270833333333334
2 0.31979166666666664 0.26927083333333335 0.0046875 0.021875
0 0.6203125 0.23177083333333334 0.0046875 0.016666666666666666
2 0.39427083333333335 0.25 0.0046875 0.016666666666666666
2 0.16822916666666668 0.259375 0.0026041666666666665 0.014583333333333334
2 0.16458333333333333 0.271875 0.0026041666666666665 0.016666666666666666
0 0.078125 0.2609375 0.0026041666666666665 0.011979166666666667
0 0.696875 0.228125 0.0026041666666666665 0.016666666666666666