0 0.08177083333333333 0.21614583333333334 0.007291666666666667 0.0265625
0 0.28489583333333335 0.23333333333333334 0.007291666666666667 0.023958333333333335
2 0.5770833333333333 0.275 0.007291666666666667 0.0265625
2 0.2682291666666667 0.24166666666666667 0.007291666666666667 0.028645833333333332
2 0.1203125 0.2296875 0.009375 0.03125
0 0.37395833333333334 0.24375 0.007291666666666667 0.023958333333333335
0 0.4640625 0.25625 0.0046875 0.023958333333333335
0 0.5026041666666666 0.25833333333333336 0.0046875 0.021875
2 0.6130208333333333 0.2765625 0.0046875 0.021875
2 0.228125 0.5130208333333334 0.043229166666666666 0.1515625
0 0.5395833333333333 0.25833333333333336 0.0046875 0.019270833333333334
0 0.5276041666666667 0.259375 0.0046875 0.019270833333333334
2 0.7942708333333334 0.28489583333333335 0.0046875 0.016666666666666666
2 0.93125 0.3125 0.0046875 0.016666666666666666
2 0.634375 0.25833333333333336 0.0026041666666666665 0.016666666666666666
2 0.665625 0.26197916666666665 0.0026041666666666665 0.014583333333333334
2 0.353125 0.2526041666666667 0.007291666666666667 0.028645833333333332
0 0.8666666666666667 0.29583333333333334 0.0046875 0.016666666666666666
0 0.5359375 0.2453125 0.0026041666666666665 0.016666666666666666
0 0.42552083333333335 0.25104166666666666 0.0046875 0.023958333333333335
2 0.4890625 0.2682291666666667 0.007291666666666667 0.028645833333333332
2 0.6140625 0.25625 0.0046875 0.016666666666666666
2 0.6223958333333334 0.271875 0.0046875 0.019270833333333334
2 0.7703125 0.2786458333333333 0.0026041666666666665 0.016666666666666666
2 0.6 0.25833333333333336 0.0026041666666666665 0.016666666666666666
0 0.1875 0.2234375 0.007291666666666667 0.0265625
0 0.9255208333333333 0.30625 0.0026041666666666665 0.016666666666666666
2 0.6994791666666667 0.26666666666666666 0.0026041666666666665 0.014583333333333334
2 0.8760416666666667 0.3015625 0.0026041666666666665 0.016666666666666666
0 0.5588541666666667 0.24635416666666668 0.0026041666666666665 0.014583333333333334
0 0.7885416666666667 0.28020833333333334 0.0026041666666666665 0.014583333333333334
0 0.53125 0.25 0.0046875 0.016666666666666666
2 0.421875 0.2609375 0.007291666666666667 0.028645833333333332
2 0.8354166666666667 0.2942708333333333 0.0046875 0.016666666666666666
0 0.890625 0.30052083333333335 0.0046875 0.016666666666666666
2 0.6166666666666667 0.265625 0.0046875 0.019270833333333334
0 0.8390625 0.28958333333333336 0.0046875 0.016666666666666666
2 0.18125 0.23333333333333334 0.007291666666666667 0.028645833333333332
2 0.734375 0.27291666666666664 0.0026041666666666665 0.016666666666666666
0 0.5973958333333333 0.25 0.0026041666666666665 0.014583333333333334
0 0.6395833333333333 0.25625 0.0026041666666666665 0.016666666666666666
0 0.6875 0.26197916666666665 0.0046875 0.014583333333333334
0 0.7369791666666666 0.2703125 0.0046875 0.014583333333333334