2 0.11770833333333333 0.3015625 0.016666666666666666 0.0578125
0 0.10208333333333333 0.20208333333333334 0.0046875 0.016666666666666666
2 0.26197916666666665 0.4171875 0.028645833333333332 0.10104166666666667
2 0.20572916666666666 0.34270833333333334 0.019270833333333334 0.071875
0 0.07447916666666667 0.19947916666666668 0.0046875 0.019270833333333334
2 0.8151041666666666 0.30052083333333335 0.0046875 0.016666666666666666
0 0.1671875 0.1984375 0.0046875 0.016666666666666666
2 0.8916666666666667 0.3151041666666667 0.007291666666666667 0.016666666666666666
0 0.15 0.203125 0.0046875 0.019270833333333334
2 0.9385416666666667 0.3234375 0.0046875 0.016666666666666666
0 0.15989583333333332 0.20052083333333334 0.0026041666666666665 0.016666666666666666
0 0.7859375 0.290625 0.0026041666666666665 0.014583333333333334
2 0.209375 0.2140625 0.007291666666666667 0.019270833333333334
2 0.2546875 0.209375 0.0046875 0.016666666666666666
0 0.3546875 0.21770833333333334 0.0026041666666666665 0.011979166666666667
2 0.7609375 0.290625 0.0046875 0.014583333333333334
2 0.18125 0.2125 0.007291666666666667 0.019270833333333334
2 0.41458333333333336 0.2234375 0.0026041666666666665 0.011979166666666667
2 0.3953125 0.2234375 0.0026041666666666665 0.011979166666666667
2 0.8520833333333333 0.30625 0.0046875 0.016666666666666666
0 0.3171875 0.2140625 0.0026041666666666665 0.011979166666666667
2 0.5026041666666666 0.23541666666666666 0.0026041666666666665 0.011979166666666667
2 0.06979166666666667 0.2078125 0.007291666666666667 0.021875
0 0.13333333333333333 0.20208333333333334 0.0046875 0.016666666666666666
0 0.7380208333333333 0.2838541666666667 0.0026041666666666665 0.014583333333333334
2 0.553125 0.2453125 0.0026041666666666665 0.011979166666666667
0 0.19583333333333333 0.20052083333333334 0.0046875 0.014583333333333334
0 0.3619791666666667 0.21875 0.0046875 0.014583333333333334
2 0.5864583333333333 0.25625 0.0026041666666666665 0.011979166666666667
2 0.45416666666666666 0.228125 0.0026041666666666665 0.011979166666666667
2 0.4796875 0.23333333333333334 0.0026041666666666665 0.011979166666666667
0 0.603125 0.2546875 0.0026041666666666665 0.011979166666666667
2 0.40520833333333334 0.2234375 0.0026041666666666665 0.011979166666666667
1 0.4869791666666667 0.6609375 0.06979166666666667 0.35572916666666665
2 0.584375 0.25364583333333335 0.0026041666666666665 0.011979166666666667
2 0.9494791666666667 0.3463541666666667 0.0026041666666666665 0.021875
0 0.6635416666666667 0.2682291666666667 0.0046875 0.011979166666666667
0 0.5442708333333334 0.24166666666666667 0.0026041666666666665 0.009375
1 0.603125 0.703125 0.04791666666666667 0.2838541666666667
2 0.578125 0.2526041666666667 0.0026041666666666665 0.009375
2 0.43385416666666665 0.22604166666666667 0.0026041666666666665 0.011979166666666667
0 0.9 0.3125 0.0046875 0.014583333333333334
0 0.6369791666666667 0.2630208333333333 0.0026041666666666665 0.014583333333333334
0 0.6453125 0.265625 0.0026041666666666665 0.011979166666666667
2 0.3390625 0.21770833333333334 0.0046875 0.014583333333333334
0 0.8411458333333334 0.3015625 0.0046875 0.016666666666666666
2 0.5661458333333333 0.24739583333333334 0.0026041666666666665 0.011979166666666667
2 0.6708333333333333 0.27395833333333336 0.0026041666666666665 0.016666666666666666
2 0.22239583333333332 0.2125 0.0046875 0.016666666666666666
0 0.29791666666666666 0.2125 0.0046875 0.011979166666666667
0 0.2630208333333333 0.2078125 0.0046875 0.014583333333333334
2 0.5973958333333333 0.25729166666666664 0.0026041666666666665 0.011979166666666667
2 0.7140625 0.2838541666666667 0.0046875 0.016666666666666666
0 0.5083333333333333 0.23541666666666666 0.0026041666666666665 0.011979166666666667
0 0.6223958333333334 0.25833333333333336 0.0026041666666666665 0.011979166666666667
2 0.225 0.209375 0.0046875 0.016666666666666666
2 0.6322916666666667 0.265625 0.0046875 0.016666666666666666
2 0.30885416666666665 0.21614583333333334 0.0046875 0.016666666666666666
2 0.134375 0.21145833333333333 0.0046875 0.023958333333333335
0 0.47239583333333335 0.23072916666666668 0.0026041666666666665 0.009375
0 0.5755208333333334 0.24739583333333334 0.0026041666666666665 0.009375
0 0.7114583333333333 0.2786458333333333 0.0026041666666666665 0.014583333333333334
0 0.6848958333333334 0.27395833333333336 0.0046875 0.011979166666666667
2 0.5276041666666667 0.240625 0.0026041666666666665 0.011979166666666667
2 0.37604166666666666 0.22239583333333332 0.0026041666666666665 0.014583333333333334
0 0.23072916666666668 0.20416666666666666 0.0026041666666666665 0.014583333333333334
2 0.234375 0.2078125 0.0046875 0.014583333333333334
2 0.5338541666666666 0.7510416666666667 0.050520833333333334 0.1875
0 0.4375 0.22604166666666667 0.0026041666666666665 0.009375
2 0.228125 0.21041666666666667 0.0046875 0.016666666666666666