0 0.35572916666666665 0.24635416666666668 0.0046875 0.021875
0 0.06979166666666667 0.21770833333333334 0.0046875 0.023958333333333335
2 0.24375 0.24375 0.007291666666666667 0.0265625
0 0.17552083333333332 0.22708333333333333 0.0046875 0.021875
0 0.39427083333333335 0.24895833333333334 0.0046875 0.019270833333333334
2 0.3776041666666667 0.25833333333333336 0.0046875 0.0265625
2 0.4640625 0.2630208333333333 0.0046875 0.021875
2 0.5302083333333333 0.24739583333333334 0.0026041666666666665 0.014583333333333334
0 0.4192708333333333 0.25 0.0046875 0.019270833333333334
0 0.3171875 0.24270833333333333 0.0046875 0.021875
0 0.265625 0.23697916666666666 0.0046875 0.021875
2 0.5 0.2630208333333333 0.0046875 0.019270833333333334
2 0.49270833333333336 0.24895833333333334 0.0026041666666666665 0.016666666666666666
0 0.9302083333333333 0.3078125 0.0026041666666666665 0.011979166666666667
0 0.7427083333333333 0.28020833333333334 0.0026041666666666665 0.011979166666666667
2 0.7489583333333333 0.28489583333333335 0.0026041666666666665 0.014583333333333334
2 0.5109375 0.2609375 0.0026041666666666665 0.016666666666666666
2 0.3125 0.2526041666666667 0.0046875 0.0265625
2 0.8390625 0.30052083333333335 0.0026041666666666665 0.014583333333333334
2 0.7125 0.2786458333333333 0.0026041666666666665 0.014583333333333334
2 0.5911458333333334 0.25625 0.0026041666666666665 0.011979166666666667
0 0.45677083333333335 0.23802083333333332 0.0026041666666666665 0.011979166666666667
0 0.42552083333333335 0.240625 0.0026041666666666665 0.014583333333333334
0 0.896875 0.30416666666666664 0.0026041666666666665 0.014583333333333334
2 0.5072916666666667 0.25625 0.0026041666666666665 0.016666666666666666
2 0.09010416666666667 0.44479166666666664 0.03854166666666667 0.11770833333333333
0 0.7619791666666667 0.2838541666666667 0.0026041666666666665 0.014583333333333334
2 0.6239583333333333 0.2609375 0.0026041666666666665 0.011979166666666667
0 0.9484375 0.3098958333333333 0.0026041666666666665 0.011979166666666667
2 0.8776041666666666 0.30625 0.0026041666666666665 0.014583333333333334
2 0.0625 0.22708333333333333 0.007291666666666667 0.0265625
2 0.65625 0.265625 0.0026041666666666665 0.011979166666666667
0 0.8208333333333333 0.29322916666666665 0.0026041666666666665 0.014583333333333334
0 0.5807291666666666 0.25104166666666666 0.0026041666666666665 0.009375
2 0.678125 0.2703125 0.0026041666666666665 0.011979166666666667
2 0.15625 0.234375 0.0046875 0.0265625
2 0.5588541666666667 0.25104166666666666 0.0026041666666666665 0.011979166666666667
2 0.4265625 0.6958333333333333 0.0578125 0.22135416666666666
0 0.8739583333333333 0.3015625 0.0026041666666666665 0.014583333333333334
0 0.8463541666666666 0.296875 0.0026041666666666665 0.014583333333333334
2 0.9171875 0.31145833333333334 0.0026041666666666665 0.014583333333333334
0 0.71875 0.275 0.0026041666666666665 0.011979166666666667
0 0.6744791666666666 0.26666666666666666 0.0026041666666666665 0.011979166666666667
0 0.4328125 0.24895833333333334 0.0046875 0.016666666666666666
0 0.4348958333333333 0.24635416666666668 0.0026041666666666665 0.016666666666666666
0 0.4328125 0.23802083333333332 0.0026041666666666665 0.014583333333333334
2 0.4953125 0.24635416666666668 0.0026041666666666665 0.016666666666666666
0 0.49375 0.24166666666666667 0.0026041666666666665 0.011979166666666667
2 0.5083333333333333 0.24739583333333334 0.0026041666666666665 0.014583333333333334
0 0.5348958333333333 0.2453125 0.0026041666666666665 0.011979166666666667
0 0.6276041666666666 0.25833333333333336 0.0026041666666666665 0.011979166666666667
2 0.7942708333333334 0.29322916666666665 0.0026041666666666665 0.014583333333333334
0 0.790625 0.28958333333333336 0.0026041666666666665 0.014583333333333334
0 0.915625 0.30625 0.0026041666666666665 0.011979166666666667