0 0.3234375 0.32447916666666665 0.014583333333333334 0.050520833333333334
0 0.16927083333333334 0.35833333333333334 0.021875 0.07447916666666667
2 0.6901041666666666 0.37135416666666665 0.011979166666666667 0.043229166666666666
2 0.48541666666666666 0.42552083333333335 0.019270833333333334 0.08177083333333333
0 0.44947916666666665 0.32083333333333336 0.009375 0.03854166666666667
2 0.584375 0.36770833333333336 0.011979166666666667 0.050520833333333334
2 0.525 0.384375 0.016666666666666666 0.059895833333333336
0 0.8005208333333333 0.3640625 0.007291666666666667 0.03125
0 0.6791666666666667 0.34270833333333334 0.007291666666666667 0.03125
2 0.865625 0.39791666666666664 0.011979166666666667 0.03854166666666667
2 0.5010416666666667 0.5348958333333333 0.03125 0.13229166666666667
0 0.5697916666666667 0.328125 0.007291666666666667 0.033854166666666664
0 0.9291666666666667 0.39166666666666666 0.009375 0.03125
2 0.7526041666666666 0.3776041666666667 0.011979166666666667 0.03854166666666667
2 0.7526041666666666 0.790625 0.0265625 0.11041666666666666