0 0.8557291666666667 0.34375 0.007291666666666667 0.0359375
0 0.7473958333333334 0.32708333333333334 0.007291666666666667 0.033854166666666664
0 0.09010416666666667 0.2921875 0.009375 0.040625
0 0.1453125 0.2609375 0.0046875 0.028645833333333332
0 0.11197916666666667 0.2703125 0.007291666666666667 0.033854166666666664
2 0.20416666666666666 0.39427083333333335 0.021875 0.084375
0 0.6635416666666667 0.31145833333333334 0.007291666666666667 0.03125
2 0.2078125 0.3375 0.011979166666666667 0.05520833333333333
0 0.6203125 0.296875 0.007291666666666667 0.0265625
2 0.7994791666666666 0.2875 0.0026041666666666665 0.011979166666666667
2 0.5432291666666667 0.3015625 0.007291666666666667 0.033854166666666664
2 0.646875 0.328125 0.007291666666666667 0.03854166666666667
2 0.93125 0.30625 0.0026041666666666665 0.014583333333333334
0 0.17447916666666666 0.25104166666666666 0.0046875 0.023958333333333335
2 0.5166666666666667 0.28489583333333335 0.0026041666666666665 0.0265625
2 0.25104166666666666 0.3015625 0.009375 0.040625
0 0.25104166666666666 0.23541666666666666 0.0046875 0.014583333333333334
2 0.24635416666666668 0.271875 0.0046875 0.023958333333333335
2 0.4 0.5984375 0.050520833333333334 0.18020833333333333
0 0.6416666666666667 0.28229166666666666 0.0026041666666666665 0.016666666666666666
2 0.26458333333333334 0.26197916666666665 0.007291666666666667 0.023958333333333335
2 0.8604166666666667 0.3640625 0.011979166666666667 0.050520833333333334
2 0.9088541666666666 0.2765625 0.0026041666666666665 0.011979166666666667
0 0.20416666666666666 0.2453125 0.0046875 0.021875
0 0.6140625 0.26927083333333335 0.0046875 0.016666666666666666
2 0.2786458333333333 0.2546875 0.0046875 0.021875
0 0.7765625 0.28958333333333336 0.0026041666666666665 0.014583333333333334
0 0.225 0.23802083333333332 0.0046875 0.016666666666666666
2 0.6765625 0.271875 0.0026041666666666665 0.014583333333333334
2 0.86875 0.27291666666666664 0.0026041666666666665 0.009375
2 0.86875 0.29791666666666666 0.0046875 0.014583333333333334
2 0.30052083333333335 0.24375 0.0046875 0.019270833333333334
2 0.7354166666666667 0.2786458333333333 0.0026041666666666665 0.011979166666666667
2 0.5302083333333333 0.265625 0.0026041666666666665 0.014583333333333334
2 0.28854166666666664 0.24895833333333334 0.0046875 0.016666666666666666
2 0.390625 0.23802083333333332 0.0026041666666666665 0.011979166666666667
2 0.571875 0.2786458333333333 0.0026041666666666665 0.019270833333333334
2 0.7682291666666666 0.26666666666666666 0.0026041666666666665 0.011979166666666667
2 0.7078125 0.2630208333333333 0.0026041666666666665 0.009375
0 0.8833333333333333 0.31145833333333334 0.0046875 0.016666666666666666
2 0.5541666666666667 0.28125 0.0026041666666666665 0.023958333333333335
0 0.6552083333333333 0.2921875 0.0046875 0.021875
2 0.7979166666666667 0.2682291666666667 0.0026041666666666665 0.009375
0 0.9255208333333333 0.271875 0.0026041666666666665 0.009375
2 0.6223958333333334 0.26458333333333334 0.0046875 0.014583333333333334
0 0.3171875 0.23541666666666666 0.0026041666666666665 0.014583333333333334
0 0.8307291666666666 0.296875 0.0026041666666666665 0.016666666666666666
0 0.7161458333333334 0.28229166666666666 0.0026041666666666665 0.014583333333333334
2 0.35 0.240625 0.0046875 0.016666666666666666
2 0.5947916666666667 0.25364583333333335 0.0026041666666666665 0.011979166666666667
2 0.32447916666666665 0.24166666666666667 0.0046875 0.016666666666666666
2 0.453125 0.2390625 0.0026041666666666665 0.011979166666666667
2 0.5494791666666666 0.26927083333333335 0.0026041666666666665 0.016666666666666666
2 0.478125 0.24270833333333333 0.0026041666666666665 0.011979166666666667
0 0.6625 0.27395833333333336 0.0046875 0.014583333333333334
2 0.834375 0.2703125 0.0026041666666666665 0.011979166666666667
2 0.740625 0.26666666666666666 0.0026041666666666665 0.009375
0 0.61875 0.27395833333333336 0.0026041666666666665 0.014583333333333334
0 0.890625 0.27291666666666664 0.0026041666666666665 0.009375
0 0.5890625 0.2526041666666667 0.0026041666666666665 0.011979166666666667
0 0.6369791666666667 0.25625 0.0026041666666666665 0.009375
2 0.37395833333333334 0.2390625 0.0046875 0.014583333333333334
2 0.6729166666666667 0.2609375 0.0026041666666666665 0.009375
0 0.853125 0.26927083333333335 0.0026041666666666665 0.009375
0 0.81875 0.26666666666666666 0.0026041666666666665 0.009375
0 0.3859375 0.23697916666666666 0.0026041666666666665 0.009375
2 0.5119791666666667 0.2453125 0.0026041666666666665 0.011979166666666667
2 0.6239583333333333 0.25625 0.0026041666666666665 0.011979166666666667
0 0.69375 0.259375 0.0026041666666666665 0.009375
0 0.6140625 0.2546875 0.0026041666666666665 0.009375
2 0.24895833333333334 0.28125 0.007291666666666667 0.033854166666666664
0 0.28854166666666664 0.23541666666666666 0.0046875 0.014583333333333334
0 0.4171875 0.23541666666666666 0.0026041666666666665 0.011979166666666667
0 0.4869791666666667 0.240625 0.0026041666666666665 0.011979166666666667
0 0.7546875 0.26197916666666665 0.0026041666666666665 0.007291666666666667
0 0.5229166666666667 0.24375 0.0026041666666666665 0.009375
2 0.5432291666666667 0.24739583333333334 0.0026041666666666665 0.011979166666666667
0 0.5588541666666667 0.24739583333333334 0.0026041666666666665 0.011979166666666667
2 0.5697916666666667 0.25 0.0026041666666666665 0.011979166666666667
0 0.6572916666666667 0.28854166666666664 0.0026041666666666665 0.019270833333333334
1 0.6552083333333333 0.2546875 0.0026041666666666665 0.016666666666666666
2 0.65 0.25729166666666664 0.0026041666666666665 0.011979166666666667
0 0.6609375 0.25833333333333336 0.0026041666666666665 0.009375
1 0.6791666666666667 0.25729166666666664 0.0026041666666666665 0.016666666666666666
0 0.7234375 0.26197916666666665 0.0026041666666666665 0.009375
0 0.7786458333333334 0.2630208333333333 0.0026041666666666665 0.011979166666666667
2 0.41822916666666665 0.23802083333333332 0.0026041666666666665 0.011979166666666667
0 0.44947916666666665 0.23697916666666666 0.0026041666666666665 0.011979166666666667
2 0.56875 0.2609375 0.0026041666666666665 0.014583333333333334
1 0.6682291666666667 0.25625 0.0026041666666666665 0.016666666666666666