0 0.9421875 0.30885416666666665 0.019270833333333334 0.0671875
0 0.5265625 0.5651041666666666 0.050520833333333334 0.17552083333333332
0 0.7859375 0.38333333333333336 0.028645833333333332 0.10104166666666667
2 0.39166666666666666 0.17447916666666666 0.0026041666666666665 0.011979166666666667
0 0.5130208333333334 0.17552083333333332 0.0026041666666666665 0.019270833333333334
0 0.33541666666666664 0.17916666666666667 0.0026041666666666665 0.009375
0 0.6442708333333333 0.16354166666666667 0.0026041666666666665 0.016666666666666666
0 0.5927083333333333 0.16927083333333334 0.0026041666666666665 0.019270833333333334
0 0.29583333333333334 0.18125 0.0026041666666666665 0.011979166666666667
2 0.3859375 0.17291666666666666 0.0026041666666666665 0.011979166666666667
0 0.3234375 0.18020833333333333 0.0046875 0.016666666666666666
2 0.4796875 0.16927083333333334 0.0046875 0.016666666666666666
0 0.42552083333333335 0.18125 0.0046875 0.019270833333333334
0 0.30885416666666665 0.18125 0.0026041666666666665 0.009375
2 0.42916666666666664 0.16927083333333334 0.0026041666666666665 0.011979166666666667
0 0.30052083333333335 0.17916666666666667 0.0026041666666666665 0.014583333333333334
0 0.5026041666666666 0.15885416666666666 0.0026041666666666665 0.009375
0 0.45208333333333334 0.1625 0.0026041666666666665 0.009375
2 0.42291666666666666 0.16927083333333334 0.0026041666666666665 0.016666666666666666
2 0.5182291666666666 0.1609375 0.0026041666666666665 0.009375
2 0.46770833333333334 0.16458333333333333 0.0026041666666666665 0.009375
2 0.6369791666666667 0.15885416666666666 0.0026041666666666665 0.011979166666666667
0 0.365625 0.1828125 0.0026041666666666665 0.014583333333333334
2 0.5395833333333333 0.16458333333333333 0.0026041666666666665 0.016666666666666666
2 0.5890625 0.1609375 0.0026041666666666665 0.014583333333333334
0 0.7453125 0.15885416666666666 0.0046875 0.011979166666666667
0 0.7885416666666667 0.15729166666666666 0.0046875 0.011979166666666667
2 0.5661458333333333 0.15729166666666666 0.0026041666666666665 0.009375
0 0.5302083333333333 0.15729166666666666 0.0026041666666666665 0.009375
0 0.5578125 0.15625 0.0026041666666666665 0.007291666666666667
0 0.890625 0.15729166666666666 0.0046875 0.009375