0 0.6958333333333333 0.228125 0.0046875 0.023958333333333335
0 0.7703125 0.2140625 0.0046875 0.021875
0 0.6213541666666667 0.2942708333333333 0.007291666666666667 0.04791666666666667
2 0.9036458333333334 0.29583333333333334 0.016666666666666666 0.0625
0 0.6177083333333333 0.4171875 0.023958333333333335 0.10104166666666667
0 0.5494791666666666 0.53125 0.03854166666666667 0.14895833333333333
2 0.8411458333333334 0.21614583333333334 0.007291666666666667 0.028645833333333332
2 0.7838541666666666 0.24739583333333334 0.009375 0.03854166666666667
2 0.8015625 0.22604166666666667 0.007291666666666667 0.03125
0 0.6296875 0.3546875 0.019270833333333334 0.07447916666666667
2 0.8427083333333333 0.2703125 0.011979166666666667 0.050520833333333334
0 0.6177083333333333 0.26666666666666666 0.007291666666666667 0.0359375
0 0.8604166666666667 0.203125 0.0046875 0.021875
0 0.6286458333333333 0.3234375 0.014583333333333334 0.059895833333333336
2 0.90625 0.209375 0.007291666666666667 0.0265625
0 0.640625 0.24375 0.007291666666666667 0.028645833333333332
0 0.29583333333333334 0.771875 0.028645833333333332 0.14895833333333333
2 0.7838541666666666 0.23541666666666666 0.007291666666666667 0.03125