0 0.7140625 0.34270833333333334 0.007291666666666667 0.023958333333333335
2 0.32447916666666665 0.421875 0.0265625 0.08645833333333333
0 0.740625 0.353125 0.007291666666666667 0.0265625
0 0.8713541666666667 0.40729166666666666 0.011979166666666667 0.040625
0 0.7510416666666667 0.36875 0.007291666666666667 0.0359375
2 0.25625 0.35104166666666664 0.016666666666666666 0.06510416666666667
0 0.05520833333333333 0.2546875 0.009375 0.03854166666666667
2 0.6213541666666667 0.33541666666666664 0.007291666666666667 0.028645833333333332
0 0.15 0.23177083333333334 0.0046875 0.021875
0 0.09375 0.24375 0.009375 0.03125
2 0.7380208333333333 0.3932291666666667 0.011979166666666667 0.04791666666666667
2 0.21510416666666668 0.31145833333333334 0.011979166666666667 0.050520833333333334
0 0.7057291666666666 0.3234375 0.0046875 0.016666666666666666
0 0.11875 0.23541666666666666 0.007291666666666667 0.0265625
0 0.7666666666666667 0.33541666666666664 0.0026041666666666665 0.016666666666666666
2 0.5166666666666667 0.29583333333333334 0.0026041666666666665 0.019270833333333334
2 0.6104166666666667 0.3234375 0.0026041666666666665 0.023958333333333335
2 0.5614583333333333 0.3078125 0.0046875 0.019270833333333334
2 0.2546875 0.24635416666666668 0.0046875 0.021875
2 0.7114583333333333 0.31875 0.0046875 0.014583333333333334
0 0.8234375 0.34739583333333335 0.0046875 0.016666666666666666
2 0.3234375 0.2453125 0.0026041666666666665 0.016666666666666666
2 0.9145833333333333 0.3619791666666667 0.0046875 0.016666666666666666
0 0.63125 0.3151041666666667 0.0046875 0.019270833333333334
2 0.28229166666666666 0.24635416666666668 0.0046875 0.019270833333333334
2 0.6864583333333333 0.30052083333333335 0.0026041666666666665 0.011979166666666667
0 0.19583333333333333 0.234375 0.0046875 0.016666666666666666
2 0.8739583333333333 0.3234375 0.0026041666666666665 0.009375
0 0.6755208333333333 0.32916666666666666 0.0046875 0.023958333333333335
2 0.6 0.29791666666666666 0.0026041666666666665 0.016666666666666666
2 0.7786458333333334 0.3328125 0.0046875 0.016666666666666666
0 0.26458333333333334 0.23802083333333332 0.0046875 0.016666666666666666
2 0.546875 0.290625 0.0046875 0.016666666666666666
2 0.5 0.7489583333333333 0.05520833333333333 0.19479166666666667
2 0.7125 0.3015625 0.0026041666666666665 0.011979166666666667
2 0.38697916666666665 0.25 0.0026041666666666665 0.016666666666666666
2 0.5130208333333334 0.271875 0.0026041666666666665 0.011979166666666667
2 0.6119791666666666 0.3463541666666667 0.007291666666666667 0.033854166666666664
2 0.21875 0.28489583333333335 0.007291666666666667 0.03854166666666667
2 0.8510416666666667 0.3484375 0.0046875 0.014583333333333334
0 0.6526041666666667 0.3125 0.0026041666666666665 0.016666666666666666
2 0.2296875 0.25 0.0046875 0.023958333333333335
2 0.7729166666666667 0.30885416666666665 0.0026041666666666665 0.009375
2 0.35104166666666664 0.24635416666666668 0.0026041666666666665 0.014583333333333334
0 0.8833333333333333 0.365625 0.0046875 0.016666666666666666
0 0.37604166666666666 0.2453125 0.0026041666666666665 0.011979166666666667
2 0.2234375 0.25833333333333336 0.0046875 0.0265625
2 0.3078125 0.2453125 0.0046875 0.016666666666666666
2 0.6203125 0.28958333333333336 0.0026041666666666665 0.011979166666666667
0 0.34010416666666665 0.24270833333333333 0.0026041666666666665 0.014583333333333334
2 0.22135416666666666 0.2682291666666667 0.0046875 0.028645833333333332
0 0.609375 0.30520833333333336 0.0046875 0.016666666666666666
2 0.415625 0.2546875 0.0026041666666666665 0.014583333333333334
1 0.615625 0.2859375 0.0026041666666666665 0.016666666666666666
0 0.30625 0.2390625 0.0046875 0.016666666666666666
0 0.2296875 0.23541666666666666 0.0046875 0.016666666666666666
1 0.6260416666666667 0.28854166666666664 0.0026041666666666665 0.019270833333333334
1 0.6083333333333333 0.28125 0.0026041666666666665 0.019270833333333334
1 0.5973958333333333 0.28125 0.0026041666666666665 0.021875