1 0.15520833333333334 0.26666666666666666 0.014583333333333334 0.06979166666666667
2 0.1828125 0.3255208333333333 0.016666666666666666 0.059895833333333336
1 0.1140625 0.23697916666666666 0.007291666666666667 0.0265625
2 0.2838541666666667 0.44479166666666664 0.028645833333333332 0.10833333333333334
1 0.10677083333333333 0.22604166666666667 0.0046875 0.021875
1 0.08541666666666667 0.20052083333333334 0.0026041666666666665 0.011979166666666667
1 0.14791666666666667 0.26197916666666665 0.009375 0.06510416666666667
1 0.12864583333333332 0.2526041666666667 0.007291666666666667 0.028645833333333332
1 0.0890625 0.20416666666666666 0.0026041666666666665 0.014583333333333334
1 0.1 0.21770833333333334 0.0026041666666666665 0.019270833333333334
1 0.10208333333333333 0.2140625 0.0026041666666666665 0.016666666666666666
1 0.09635416666666667 0.21510416666666668 0.0026041666666666665 0.016666666666666666
1 0.09114583333333333 0.20677083333333332 0.0026041666666666665 0.016666666666666666