1 0.21614583333333334 0.3307291666666667 0.021875 0.125
1 0.11666666666666667 0.22708333333333333 0.009375 0.03125
1 0.1296875 0.24895833333333334 0.009375 0.03854166666666667
2 0.45416666666666666 0.69375 0.0625 0.22604166666666667
1 0.1046875 0.2125 0.007291666666666667 0.023958333333333335
1 0.15989583333333332 0.2838541666666667 0.014583333333333334 0.053125
1 0.234375 0.34739583333333335 0.03125 0.13958333333333334
1 0.09270833333333334 0.1984375 0.0026041666666666665 0.016666666666666666
1 0.09635416666666667 0.203125 0.0026041666666666665 0.019270833333333334
1 0.084375 0.1875 0.0026041666666666665 0.016666666666666666
1 0.0875 0.1921875 0.0026041666666666665 0.016666666666666666
1 0.1 0.2078125 0.0046875 0.021875
1 0.10677083333333333 0.209375 0.0026041666666666665 0.021875