0 0.12395833333333334 0.6588541666666666 0.04791666666666667 0.17291666666666666
0 0.4713541666666667 0.48541666666666666 0.0265625 0.084375
0 0.5973958333333333 0.43125 0.016666666666666666 0.059895833333333336
2 0.8723958333333334 0.4890625 0.016666666666666666 0.0671875
0 0.8520833333333333 0.41354166666666664 0.009375 0.03854166666666667
0 0.8916666666666667 0.4036458333333333 0.007291666666666667 0.033854166666666664
0 0.7390625 0.4171875 0.011979166666666667 0.04583333333333333
2 0.8390625 0.5911458333333334 0.03854166666666667 0.115625
0 0.9265625 0.38333333333333336 0.0046875 0.019270833333333334
0 0.9098958333333333 0.3953125 0.007291666666666667 0.0265625
0 0.9145833333333333 0.38958333333333334 0.0046875 0.028645833333333332