0 0.42916666666666664 0.290625 0.011979166666666667 0.04583333333333333
2 0.7645833333333333 0.271875 0.011979166666666667 0.050520833333333334
0 0.30520833333333336 0.2859375 0.009375 0.040625
2 0.6479166666666667 0.25833333333333336 0.009375 0.043229166666666666
2 0.3723958333333333 0.24375 0.007291666666666667 0.0265625
2 0.9052083333333333 0.30416666666666664 0.021875 0.071875
0 0.6260416666666667 0.421875 0.028645833333333332 0.11041666666666666
0 0.28958333333333336 0.24739583333333334 0.0046875 0.021875
2 0.4109375 0.2296875 0.0046875 0.021875
2 0.5395833333333333 0.2546875 0.009375 0.040625
0 0.6020833333333333 0.35 0.019270833333333334 0.08177083333333333
2 0.49270833333333336 0.2140625 0.0046875 0.019270833333333334
0 0.7177083333333333 0.1875 0.0046875 0.016666666666666666
2 0.42552083333333335 0.2546875 0.009375 0.033854166666666664
0 0.5635416666666667 0.3151041666666667 0.014583333333333334 0.06510416666666667
2 0.4505208333333333 0.22135416666666666 0.0046875 0.021875
0 0.24635416666666668 0.2765625 0.007291666666666667 0.03125
0 0.5 0.29791666666666666 0.011979166666666667 0.05520833333333333
2 0.646875 0.20052083333333334 0.0046875 0.021875
0 0.6369791666666667 0.19583333333333333 0.0026041666666666665 0.016666666666666666
0 0.5963541666666666 0.1984375 0.0026041666666666665 0.016666666666666666
0 0.5578125 0.540625 0.043229166666666666 0.16822916666666668
2 0.8005208333333333 0.18125 0.0026041666666666665 0.016666666666666666
0 0.3390625 0.23333333333333334 0.0046875 0.019270833333333334
0 0.7958333333333333 0.165625 0.0026041666666666665 0.011979166666666667
0 0.7354166666666667 0.18489583333333334 0.0026041666666666665 0.016666666666666666
2 0.7776041666666667 0.18645833333333334 0.0026041666666666665 0.016666666666666666
0 0.7703125 0.16927083333333334 0.0026041666666666665 0.011979166666666667
0 0.6947916666666667 0.19010416666666666 0.0046875 0.016666666666666666
0 0.6635416666666667 0.19375 0.0046875 0.016666666666666666
2 0.7427083333333333 0.19010416666666666 0.0046875 0.019270833333333334
0 0.7583333333333333 0.17916666666666667 0.0026041666666666665 0.016666666666666666
2 0.8822916666666667 0.1625 0.0026041666666666665 0.014583333333333334
0 0.2078125 0.7895833333333333 0.028645833333333332 0.11302083333333333
2 0.540625 0.209375 0.0026041666666666665 0.019270833333333334
0 0.75 0.18125 0.0026041666666666665 0.016666666666666666
0 0.24895833333333334 0.26197916666666665 0.007291666666666667 0.0265625
2 0.834375 0.165625 0.0026041666666666665 0.011979166666666667
2 0.5791666666666667 0.20572916666666666 0.0046875 0.019270833333333334
0 0.9265625 0.15729166666666666 0.0046875 0.011979166666666667
2 0.853125 0.16458333333333333 0.0026041666666666665 0.014583333333333334
2 0.6984375 0.19583333333333333 0.0046875 0.021875
2 0.8161458333333333 0.17916666666666667 0.0026041666666666665 0.016666666666666666
2 0.38333333333333336 0.25104166666666666 0.007291666666666667 0.028645833333333332
2 0.9447916666666667 0.15885416666666666 0.0046875 0.014583333333333334
0 0.46145833333333336 0.2125 0.0046875 0.016666666666666666
2 0.915625 0.15989583333333332 0.0026041666666666665 0.011979166666666667
0 0.39895833333333336 0.22239583333333332 0.0046875 0.019270833333333334
2 0.38125 0.23802083333333332 0.0046875 0.023958333333333335
0 0.5276041666666667 0.20416666666666666 0.0026041666666666665 0.016666666666666666
0 0.8760416666666667 0.15989583333333332 0.0026041666666666665 0.009375
0 0.7619791666666667 0.17552083333333332 0.0026041666666666665 0.019270833333333334
2 0.8255208333333334 0.1765625 0.0026041666666666665 0.016666666666666666
2 0.8234375 0.17291666666666666 0.0026041666666666665 0.014583333333333334
2 0.8151041666666666 0.16822916666666668 0.0046875 0.014583333333333334
2 0.8208333333333333 0.17083333333333334 0.0026041666666666665 0.014583333333333334
2 0.821875 0.165625 0.0026041666666666665 0.014583333333333334
0 0.8328125 0.1625 0.0026041666666666665 0.011979166666666667