0 0.25364583333333335 0.34479166666666666 0.014583333333333334 0.0625
2 0.5807291666666666 0.39427083333333335 0.014583333333333334 0.0625
0 0.41458333333333336 0.33177083333333335 0.011979166666666667 0.050520833333333334
2 0.69375 0.36666666666666664 0.009375 0.040625
2 0.6744791666666666 0.38125 0.011979166666666667 0.050520833333333334
2 0.5203125 0.415625 0.016666666666666666 0.07708333333333334
2 0.6395833333333333 0.32916666666666666 0.007291666666666667 0.028645833333333332
2 0.6119791666666666 0.31614583333333335 0.007291666666666667 0.0265625
2 0.49635416666666665 0.49895833333333334 0.028645833333333332 0.115625
2 0.5770833333333333 0.30416666666666664 0.007291666666666667 0.023958333333333335
0 0.49270833333333336 0.3307291666666667 0.011979166666666667 0.043229166666666666
0 0.43645833333333334 0.275 0.0046875 0.021875
0 0.515625 0.30885416666666665 0.007291666666666667 0.033854166666666664
2 0.7682291666666666 0.31875 0.0046875 0.016666666666666666
2 0.5421875 0.2921875 0.007291666666666667 0.023958333333333335
0 0.4625 0.28229166666666666 0.007291666666666667 0.023958333333333335
0 0.9348958333333334 0.34270833333333334 0.0046875 0.011979166666666667
2 0.7296875 0.31145833333333334 0.0046875 0.016666666666666666
2 0.428125 0.2526041666666667 0.0046875 0.014583333333333334
0 0.5166666666666667 0.328125 0.009375 0.03854166666666667
2 0.4578125 0.25729166666666664 0.0046875 0.014583333333333334
0 0.3307291666666667 0.23802083333333332 0.0026041666666666665 0.016666666666666666
2 0.915625 0.34010416666666665 0.0046875 0.011979166666666667
0 0.7416666666666667 0.31145833333333334 0.0046875 0.014583333333333334
0 0.5046875 0.3015625 0.007291666666666667 0.028645833333333332
0 0.3859375 0.2609375 0.0046875 0.019270833333333334
0 0.34479166666666666 0.25 0.0046875 0.019270833333333334
2 0.665625 0.34479166666666666 0.007291666666666667 0.0359375
0 0.7630208333333334 0.31354166666666666 0.0046875 0.014583333333333334
0 0.49375 0.2609375 0.0026041666666666665 0.014583333333333334
0 0.484375 0.290625 0.007291666666666667 0.0265625
2 0.5828125 0.28125 0.0026041666666666665 0.016666666666666666
2 0.4036458333333333 0.25 0.0046875 0.016666666666666666
2 0.4817708333333333 0.275 0.0046875 0.019270833333333334
2 0.9494791666666667 0.34739583333333335 0.0026041666666666665 0.011979166666666667
2 0.8328125 0.3234375 0.0046875 0.011979166666666667
2 0.3932291666666667 0.25 0.0046875 0.016666666666666666
0 0.44375 0.2526041666666667 0.0046875 0.014583333333333334
0 0.525 0.31875 0.007291666666666667 0.033854166666666664
0 0.3234375 0.240625 0.0046875 0.016666666666666666
2 0.53125 0.271875 0.0046875 0.014583333333333334
2 0.8328125 0.32916666666666666 0.0026041666666666665 0.011979166666666667
2 0.8078125 0.3255208333333333 0.0046875 0.014583333333333334
0 0.7151041666666667 0.30625 0.0026041666666666665 0.014583333333333334
0 0.35833333333333334 0.2390625 0.0046875 0.014583333333333334
2 0.6885416666666667 0.303125 0.0026041666666666665 0.016666666666666666
2 0.4869791666666667 0.26197916666666665 0.0046875 0.014583333333333334
0 0.7776041666666667 0.31614583333333335 0.0026041666666666665 0.014583333333333334
2 0.8447916666666667 0.3307291666666667 0.0026041666666666665 0.014583333333333334
2 0.865625 0.32916666666666666 0.0046875 0.011979166666666667
2 0.40989583333333335 0.25729166666666664 0.0046875 0.019270833333333334
0 0.8895833333333333 0.33177083333333335 0.0026041666666666665 0.011979166666666667
0 0.5901041666666667 0.28020833333333334 0.0026041666666666665 0.014583333333333334
2 0.5072916666666667 0.28125 0.0026041666666666665 0.021875
0 0.7885416666666667 0.31875 0.0026041666666666665 0.011979166666666667
0 0.8098958333333334 0.31614583333333335 0.0026041666666666665 0.011979166666666667
2 0.6223958333333334 0.74375 0.0625 0.209375
0 0.7822916666666667 0.31354166666666666 0.0026041666666666665 0.011979166666666667
0 0.396875 0.2453125 0.0026041666666666665 0.014583333333333334
2 0.8869791666666667 0.3328125 0.0026041666666666665 0.011979166666666667
0 0.5421875 0.2703125 0.0026041666666666665 0.014583333333333334
0 0.41354166666666664 0.2682291666666667 0.0046875 0.021875
1 0.634375 0.28854166666666664 0.0046875 0.021875
0 0.790625 0.31875 0.0026041666666666665 0.014583333333333334
1 0.6395833333333333 0.2859375 0.0026041666666666665 0.019270833333333334
2 0.45208333333333334 0.26666666666666666 0.0046875 0.019270833333333334
2 0.6296875 0.290625 0.0046875 0.014583333333333334
1 0.63125 0.28489583333333335 0.0046875 0.021875
1 0.625 0.2859375 0.0046875 0.021875
2 0.3953125 0.25104166666666666 0.0046875 0.016666666666666666
2 0.8463541666666666 0.32708333333333334 0.0026041666666666665 0.014583333333333334
0 0.7875 0.3125 0.0026041666666666665 0.011979166666666667