0 0.34010416666666665 0.53125 0.043229166666666666 0.08645833333333333
0 0.6223958333333334 0.428125 0.019270833333333334 0.043229166666666666
0 0.6901041666666666 0.40520833333333334 0.014583333333333334 0.0359375
0 0.7067708333333333 0.3880208333333333 0.011979166666666667 0.028645833333333332
0 0.678125 0.37864583333333335 0.009375 0.023958333333333335
0 0.65625 0.37395833333333334 0.007291666666666667 0.019270833333333334
0 0.6489583333333333 0.36770833333333336 0.007291666666666667 0.019270833333333334
0 0.6645833333333333 0.3640625 0.007291666666666667 0.016666666666666666
0 0.6958333333333333 0.3567708333333333 0.0046875 0.014583333333333334
0 0.71875 0.35104166666666664 0.0046875 0.011979166666666667
2 0.8677083333333333 0.5651041666666666 0.050520833333333334 0.10572916666666667
2 0.9036458333333334 0.4 0.016666666666666666 0.033854166666666664
2 0.8447916666666667 0.384375 0.011979166666666667 0.0265625
2 0.78125 0.3776041666666667 0.009375 0.023958333333333335
2 0.759375 0.3703125 0.007291666666666667 0.021875
2 0.7463541666666667 0.365625 0.0046875 0.016666666666666666
2 0.7682291666666666 0.35833333333333334 0.0046875 0.016666666666666666
2 0.7838541666666666 0.353125 0.0046875 0.014583333333333334
2 0.7921875 0.3484375 0.0046875 0.014583333333333334
2 0.7994791666666666 0.34739583333333335 0.0046875 0.014583333333333334