0 0.20572916666666666 0.33541666666666664 0.014583333333333334 0.053125
0 0.9109375 0.3375 0.007291666666666667 0.023958333333333335
2 0.44947916666666665 0.37135416666666665 0.016666666666666666 0.0578125
0 0.7859375 0.31979166666666664 0.007291666666666667 0.023958333333333335
0 0.3411458333333333 0.30885416666666665 0.009375 0.040625
0 0.5442708333333334 0.28854166666666664 0.007291666666666667 0.0265625
0 0.4484375 0.29583333333333334 0.007291666666666667 0.03125
2 0.5322916666666667 0.34375 0.011979166666666667 0.043229166666666666
2 0.6692708333333334 0.75625 0.04791666666666667 0.1828125
0 0.665625 0.30416666666666664 0.007291666666666667 0.023958333333333335
2 0.7333333333333333 0.33541666666666664 0.007291666666666667 0.033854166666666664
2 0.8630208333333333 0.35104166666666664 0.007291666666666667 0.028645833333333332
2 0.41822916666666665 0.4401041666666667 0.021875 0.08645833333333333
2 0.634375 0.33177083333333335 0.009375 0.0359375
0 0.8484375 0.32916666666666666 0.007291666666666667 0.023958333333333335