0 0.10104166666666667 0.23177083333333334 0.007291666666666667 0.028645833333333332
0 0.1671875 0.23072916666666668 0.0046875 0.021875
0 0.8666666666666667 0.3234375 0.0046875 0.021875
2 0.27291666666666664 0.4036458333333333 0.023958333333333335 0.09114583333333333
0 0.07083333333333333 0.234375 0.007291666666666667 0.028645833333333332
2 0.21145833333333333 0.32708333333333334 0.014583333333333334 0.0578125
2 0.48333333333333334 0.678125 0.05520833333333333 0.20677083333333332
2 0.9171875 0.34010416666666665 0.007291666666666667 0.028645833333333332
2 0.19947916666666668 0.25833333333333336 0.007291666666666667 0.033854166666666664
0 0.775 0.30625 0.0046875 0.019270833333333334
2 0.45677083333333335 0.2609375 0.0046875 0.019270833333333334
2 0.5635416666666667 0.2786458333333333 0.0026041666666666665 0.021875
2 0.7942708333333334 0.31875 0.007291666666666667 0.0265625
2 0.6708333333333333 0.29791666666666666 0.0046875 0.021875
0 0.4125 0.25 0.0046875 0.019270833333333334
0 0.6104166666666667 0.27760416666666665 0.0026041666666666665 0.019270833333333334
0 0.475 0.25729166666666664 0.0046875 0.016666666666666666
0 0.540625 0.26666666666666666 0.0026041666666666665 0.016666666666666666
2 0.1875 0.28489583333333335 0.009375 0.040625
0 0.69375 0.2921875 0.0046875 0.019270833333333334
0 0.35208333333333336 0.24375 0.0046875 0.019270833333333334
2 0.3567708333333333 0.25104166666666666 0.0046875 0.021875
2 0.2994791666666667 0.21875 0.0026041666666666665 0.011979166666666667
2 0.26458333333333334 0.24739583333333334 0.0046875 0.023958333333333335
2 0.28020833333333334 0.21979166666666666 0.0026041666666666665 0.009375
0 0.265625 0.23697916666666666 0.0046875 0.021875
0 0.56875 0.24739583333333334 0.0026041666666666665 0.011979166666666667
2 0.5734375 0.24895833333333334 0.0026041666666666665 0.011979166666666667
2 0.07916666666666666 0.19583333333333333 0.0026041666666666665 0.011979166666666667
2 0.08177083333333333 0.19375 0.0026041666666666665 0.009375
2 0.0984375 0.19375 0.0026041666666666665 0.009375
2 0.0875 0.19375 0.0026041666666666665 0.009375
1 0.540625 0.228125 0.0026041666666666665 0.011979166666666667
2 0.08541666666666667 0.19375 0.0026041666666666665 0.009375
2 0.09479166666666666 0.19375 0.0026041666666666665 0.009375