2 0.2838541666666667 0.4 0.016666666666666666 0.07447916666666667
0 0.9015625 0.40260416666666665 0.0046875 0.023958333333333335
2 0.37604166666666666 0.29583333333333334 0.0046875 0.021875
2 0.9291666666666667 0.4171875 0.009375 0.028645833333333332
0 0.5395833333333333 0.328125 0.0026041666666666665 0.021875
1 0.475 0.30625 0.0046875 0.03125
1 0.446875 0.30885416666666665 0.007291666666666667 0.033854166666666664
2 0.4661458333333333 0.6479166666666667 0.04791666666666667 0.17552083333333332
2 0.521875 0.334375 0.0026041666666666665 0.021875
2 0.4328125 0.30885416666666665 0.0046875 0.021875
0 0.36302083333333335 0.28854166666666664 0.0046875 0.016666666666666666
2 0.8005208333333333 0.38958333333333334 0.007291666666666667 0.028645833333333332
2 0.615625 0.3567708333333333 0.0026041666666666665 0.021875
2 0.7020833333333333 0.37135416666666665 0.007291666666666667 0.0265625
2 0.31614583333333335 0.2786458333333333 0.0046875 0.021875
2 0.1765625 0.31614583333333335 0.011979166666666667 0.050520833333333334
0 0.459375 0.3098958333333333 0.0046875 0.021875
0 0.7765625 0.375 0.0046875 0.023958333333333335
2 0.21145833333333333 0.2526041666666667 0.0046875 0.019270833333333334
2 0.16458333333333333 0.2390625 0.0046875 0.019270833333333334
0 0.196875 0.24270833333333333 0.0046875 0.016666666666666666
0 0.7057291666666666 0.3619791666666667 0.0046875 0.023958333333333335
0 0.1296875 0.2234375 0.0026041666666666665 0.016666666666666666
0 0.40729166666666666 0.29791666666666666 0.0046875 0.019270833333333334
0 0.259375 0.259375 0.0046875 0.016666666666666666
1 0.41822916666666665 0.29791666666666666 0.0046875 0.033854166666666664
2 0.2609375 0.265625 0.0046875 0.019270833333333334
0 0.3151041666666667 0.2765625 0.0026041666666666665 0.016666666666666666
0 0.615625 0.3411458333333333 0.0026041666666666665 0.016666666666666666
1 0.44947916666666665 0.303125 0.0046875 0.03125
2 0.11041666666666666 0.22604166666666667 0.0046875 0.019270833333333334