2 0.7057291666666666 0.525 0.023958333333333335 0.08645833333333333
0 0.37135416666666665 0.42291666666666666 0.011979166666666667 0.043229166666666666
0 0.34479166666666666 0.39895833333333336 0.007291666666666667 0.033854166666666664
2 0.6276041666666666 0.46510416666666665 0.014583333333333334 0.0578125
0 0.3880208333333333 0.39166666666666666 0.007291666666666667 0.028645833333333332
0 0.5083333333333333 0.375 0.0046875 0.021875
2 0.8364583333333333 0.3953125 0.0046875 0.021875
2 0.7526041666666666 0.44947916666666665 0.011979166666666667 0.04791666666666667
2 0.9182291666666667 0.3859375 0.0026041666666666665 0.016666666666666666
2 0.7572916666666667 0.38333333333333336 0.0046875 0.019270833333333334
0 0.4557291666666667 0.38125 0.007291666666666667 0.023958333333333335
2 0.6203125 0.40989583333333335 0.007291666666666667 0.03125
0 0.8703125 0.4375 0.011979166666666667 0.040625
2 0.7921875 0.3953125 0.007291666666666667 0.023958333333333335
2 0.7932291666666667 0.3776041666666667 0.0026041666666666665 0.016666666666666666
2 0.7390625 0.39791666666666664 0.007291666666666667 0.021875
2 0.9348958333333334 0.725 0.033854166666666664 0.18020833333333333
0 0.6911458333333333 0.375 0.0026041666666666665 0.016666666666666666
2 0.8760416666666667 0.3932291666666667 0.0026041666666666665 0.019270833333333334
2 0.6598958333333333 0.42916666666666664 0.009375 0.040625
2 0.5385416666666667 0.39427083333333335 0.007291666666666667 0.0265625
0 0.5807291666666666 0.375 0.0046875 0.019270833333333334
2 0.8895833333333333 0.5026041666666666 0.023958333333333335 0.06979166666666667
0 0.37395833333333334 0.5421875 0.03125 0.10104166666666667
0 0.4171875 0.46145833333333336 0.016666666666666666 0.059895833333333336
2 0.6645833333333333 0.38697916666666665 0.0046875 0.021875
0 0.7739583333333333 0.42083333333333334 0.009375 0.033854166666666664
2 0.5145833333333333 0.415625 0.007291666666666667 0.03854166666666667
2 0.6 0.38958333333333334 0.0046875 0.021875
2 0.9447916666666667 0.39166666666666666 0.0046875 0.016666666666666666
2 0.6239583333333333 0.4015625 0.0046875 0.0265625
2 0.68125 0.39791666666666664 0.007291666666666667 0.023958333333333335
2 0.9109375 0.3932291666666667 0.0046875 0.016666666666666666
2 0.7776041666666667 0.38125 0.0026041666666666665 0.019270833333333334
2 0.5203125 0.4036458333333333 0.007291666666666667 0.028645833333333332
0 0.65 0.37604166666666666 0.0046875 0.016666666666666666
2 0.7223958333333333 0.3859375 0.0046875 0.021875
0 0.9182291666666667 0.40729166666666666 0.007291666666666667 0.0265625
0 0.8244791666666667 0.40989583333333335 0.007291666666666667 0.028645833333333332
0 0.765625 0.36875 0.0046875 0.014583333333333334
0 0.8630208333333333 0.4109375 0.007291666666666667 0.0265625
0 0.725 0.3723958333333333 0.0026041666666666665 0.016666666666666666
0 0.9302083333333333 0.38125 0.0046875 0.014583333333333334
0 0.8869791666666667 0.375 0.0026041666666666665 0.014583333333333334
2 0.5697916666666667 0.43645833333333334 0.011979166666666667 0.04583333333333333
0 0.7390625 0.37135416666666665 0.0046875 0.014583333333333334
0 0.7692708333333333 0.4109375 0.007291666666666667 0.028645833333333332