1 0.42291666666666666 0.39895833333333336 0.023958333333333335 0.0890625
1 0.28020833333333334 0.29322916666666665 0.014583333333333334 0.053125
1 0.22239583333333332 0.2453125 0.009375 0.03854166666666667
1 0.1515625 0.1921875 0.0046875 0.021875
1 0.13333333333333333 0.178125 0.0046875 0.016666666666666666
1 0.140625 0.18385416666666668 0.0046875 0.016666666666666666
1 0.12135416666666667 0.16822916666666668 0.0046875 0.014583333333333334
1 0.12604166666666666 0.171875 0.0026041666666666665 0.016666666666666666
1 0.165625 0.20416666666666666 0.007291666666666667 0.0265625
1 0.1875 0.21979166666666666 0.009375 0.03125
1 0.11302083333333333 0.1625 0.0026041666666666665 0.011979166666666667
1 0.11041666666666666 0.15989583333333332 0.0026041666666666665 0.011979166666666667
1 0.11770833333333333 0.16458333333333333 0.0026041666666666665 0.011979166666666667