2 0.5322916666666667 0.4015625 0.016666666666666666 0.071875
0 0.36875 0.3411458333333333 0.014583333333333334 0.05520833333333333
2 0.7213541666666666 0.38697916666666665 0.011979166666666667 0.04791666666666667
0 0.7848958333333333 0.375 0.009375 0.0359375
0 0.5026041666666666 0.3390625 0.011979166666666667 0.04583333333333333
0 0.6369791666666667 0.35 0.009375 0.03854166666666667
2 0.6203125 0.38229166666666664 0.011979166666666667 0.053125
2 0.47604166666666664 0.46875 0.0265625 0.10572916666666667
2 0.16927083333333334 0.3171875 0.014583333333333334 0.059895833333333336
2 0.8427083333333333 0.40625 0.011979166666666667 0.043229166666666666
1 0.1921875 0.29583333333333334 0.014583333333333334 0.04791666666666667
1 0.25364583333333335 0.24166666666666667 0.0046875 0.021875
1 0.35833333333333334 0.3171875 0.011979166666666667 0.04583333333333333
1 0.2786458333333333 0.2453125 0.0046875 0.021875
1 0.24270833333333333 0.25104166666666666 0.007291666666666667 0.0265625
1 0.225 0.26666666666666666 0.009375 0.033854166666666664
1 0.30520833333333336 0.25 0.0046875 0.021875
1 0.334375 0.265625 0.007291666666666667 0.0265625
1 0.34270833333333334 0.2838541666666667 0.007291666666666667 0.033854166666666664
1 0.328125 0.2526041666666667 0.0046875 0.021875
1 0.49375 0.5854166666666667 0.053125 0.2786458333333333
2 0.5276041666666667 0.7104166666666667 0.05520833333333333 0.209375
1 0.5973958333333333 0.7020833333333333 0.04583333333333333 0.290625