0 0.4348958333333333 0.6729166666666667 0.05520833333333333 0.21145833333333333
0 0.4890625 0.43125 0.0265625 0.10572916666666667
0 0.43020833333333336 0.3619791666666667 0.019270833333333334 0.071875
0 0.3390625 0.34270833333333334 0.011979166666666667 0.053125
0 0.21875 0.34375 0.011979166666666667 0.04583333333333333
0 0.115625 0.3567708333333333 0.011979166666666667 0.043229166666666666
0 0.2994791666666667 0.2630208333333333 0.0046875 0.016666666666666666
0 0.36875 0.2526041666666667 0.0046875 0.016666666666666666
0 0.43020833333333336 0.2453125 0.0046875 0.016666666666666666
0 0.4817708333333333 0.24375 0.0046875 0.019270833333333334
0 0.5119791666666667 0.259375 0.007291666666666667 0.028645833333333332
0 0.5145833333333333 0.24635416666666668 0.0026041666666666665 0.021875
0 0.1453125 0.290625 0.0026041666666666665 0.016666666666666666
0 0.22604166666666667 0.275 0.0046875 0.016666666666666666
0 0.453125 0.28125 0.007291666666666667 0.033854166666666664
2 0.171875 0.328125 0.009375 0.0359375
2 0.171875 0.290625 0.0046875 0.019270833333333334
2 0.11041666666666666 0.30416666666666664 0.007291666666666667 0.021875
2 0.07916666666666666 0.3390625 0.007291666666666667 0.033854166666666664
2 0.0578125 0.32083333333333336 0.007291666666666667 0.023958333333333335
2 0.2765625 0.30885416666666665 0.009375 0.0359375
2 0.2875 0.26927083333333335 0.0046875 0.019270833333333334
2 0.36666666666666664 0.2875 0.007291666666666667 0.03125
2 0.384375 0.25625 0.0046875 0.019270833333333334
2 0.34010416666666665 0.2609375 0.0046875 0.016666666666666666
2 0.4171875 0.25625 0.0046875 0.019270833333333334
2 0.42083333333333334 0.26927083333333335 0.007291666666666667 0.0265625
2 0.4328125 0.259375 0.0046875 0.021875
2 0.459375 0.3015625 0.009375 0.043229166666666666
2 0.6046875 0.31354166666666666 0.014583333333333334 0.0578125
2 0.7848958333333333 0.3723958333333333 0.023958333333333335 0.09375
2 0.23177083333333334 0.27760416666666665 0.0046875 0.019270833333333334
1 0.0875 0.3484375 0.016666666666666666 0.071875
1 0.140625 0.3390625 0.019270833333333334 0.071875
1 0.15260416666666668 0.31979166666666664 0.011979166666666667 0.05520833333333333
1 0.19375 0.3125 0.011979166666666667 0.0578125
1 0.5697916666666667 0.26458333333333334 0.007291666666666667 0.033854166666666664
1 0.6057291666666667 0.27760416666666665 0.009375 0.040625
1 0.6885416666666667 0.24635416666666668 0.007291666666666667 0.03125
1 0.7489583333333333 0.2546875 0.009375 0.040625