0 0.5348958333333333 0.5588541666666667 0.0265625 0.10572916666666667
0 0.6322916666666667 0.43385416666666665 0.009375 0.033854166666666664
2 0.8583333333333333 0.490625 0.014583333333333334 0.0578125
0 0.6296875 0.48072916666666665 0.014583333333333334 0.0578125
0 0.646875 0.44947916666666665 0.009375 0.043229166666666666
2 0.7296875 0.4125 0.0046875 0.023958333333333335
2 0.884375 0.421875 0.0046875 0.023958333333333335
0 0.9052083333333333 0.4036458333333333 0.0026041666666666665 0.016666666666666666
2 0.9375 0.415625 0.0046875 0.019270833333333334
2 0.7213541666666666 0.42916666666666664 0.007291666666666667 0.028645833333333332
2 0.8171875 0.42916666666666664 0.007291666666666667 0.028645833333333332
2 0.803125 0.41354166666666664 0.0046875 0.021875
2 0.8713541666666667 0.41458333333333336 0.0046875 0.021875
2 0.8666666666666667 0.44375 0.009375 0.0359375
2 0.8234375 0.42291666666666666 0.0046875 0.023958333333333335
0 0.5973958333333333 0.41822916666666665 0.007291666666666667 0.028645833333333332
0 0.9458333333333333 0.40520833333333334 0.0046875 0.016666666666666666
0 0.6130208333333333 0.39791666666666664 0.0046875 0.021875
0 0.8484375 0.40260416666666665 0.0046875 0.016666666666666666
2 0.8098958333333334 0.46041666666666664 0.011979166666666667 0.04583333333333333
0 0.59375 0.40989583333333335 0.0046875 0.023958333333333335
0 0.6515625 0.3953125 0.0046875 0.019270833333333334
2 0.7666666666666667 0.44375 0.009375 0.0359375
2 0.6958333333333333 0.41458333333333336 0.007291666666666667 0.021875
0 0.7125 0.39791666666666664 0.0046875 0.019270833333333334
2 0.709375 0.421875 0.007291666666666667 0.0265625
2 0.9494791666666667 0.4265625 0.0026041666666666665 0.021875
0 0.78125 0.4 0.0046875 0.016666666666666666