0 0.48802083333333335 0.3375 0.011979166666666667 0.0578125
1 0.5494791666666666 0.3411458333333333 0.023958333333333335 0.115625
1 0.8088541666666667 0.30520833333333336 0.03125 0.11770833333333333
0 0.18125 0.3567708333333333 0.009375 0.040625
0 0.6 0.4484375 0.0265625 0.11302083333333333
0 0.6692708333333334 0.24739583333333334 0.007291666666666667 0.03125
1 0.75625 0.2942708333333333 0.028645833333333332 0.10572916666666667
2 0.921875 0.21145833333333333 0.007291666666666667 0.033854166666666664
2 0.709375 0.28854166666666664 0.011979166666666667 0.053125
2 0.8291666666666667 0.22708333333333333 0.009375 0.03125
0 0.8776041666666666 0.20677083333333332 0.007291666666666667 0.03125
2 0.7765625 0.32083333333333336 0.019270833333333334 0.0671875
0 0.5973958333333333 0.271875 0.007291666666666667 0.03854166666666667
0 0.7630208333333334 0.22604166666666667 0.0046875 0.028645833333333332
2 0.7161458333333334 0.2630208333333333 0.009375 0.040625
0 0.396875 0.3307291666666667 0.011979166666666667 0.04791666666666667
0 0.29583333333333334 0.3375 0.009375 0.040625
2 0.359375 0.3078125 0.009375 0.033854166666666664
1 0.44947916666666665 0.27291666666666664 0.007291666666666667 0.019270833333333334
2 0.06510416666666667 0.3640625 0.009375 0.0359375
1 0.571875 0.26458333333333334 0.007291666666666667 0.028645833333333332
2 0.47708333333333336 0.2942708333333333 0.009375 0.0359375
1 0.5322916666666667 0.2546875 0.007291666666666667 0.0265625
1 0.46510416666666665 0.28489583333333335 0.007291666666666667 0.033854166666666664
2 0.7609375 0.2453125 0.007291666666666667 0.028645833333333332
0 0.36875 0.7885416666666667 0.023958333333333335 0.115625
1 0.43854166666666666 0.26197916666666665 0.0046875 0.021875
0 0.5625 0.36875 0.014583333333333334 0.084375
1 0.43020833333333336 0.25625 0.0046875 0.016666666666666666
2 0.22135416666666666 0.32916666666666666 0.007291666666666667 0.033854166666666664
1 0.5083333333333333 0.24895833333333334 0.0026041666666666665 0.019270833333333334
1 0.578125 0.35833333333333334 0.028645833333333332 0.1296875
1 0.4713541666666667 0.24739583333333334 0.0046875 0.021875
1 0.4505208333333333 0.2526041666666667 0.0046875 0.019270833333333334
1 0.4890625 0.24375 0.0046875 0.019270833333333334
0 0.050520833333333334 0.38958333333333334 0.0046875 0.03125