0 0.23541666666666666 0.33177083333333335 0.016666666666666666 0.0625
2 0.6260416666666667 0.3640625 0.011979166666666667 0.050520833333333334
0 0.6166666666666667 0.321875 0.007291666666666667 0.03125
0 0.5890625 0.3234375 0.007291666666666667 0.0359375
2 0.7307291666666667 0.3234375 0.007291666666666667 0.023958333333333335
2 0.7354166666666667 0.36770833333333336 0.009375 0.040625
2 0.5578125 0.36770833333333336 0.011979166666666667 0.0578125
2 0.49635416666666665 0.39791666666666664 0.019270833333333334 0.07447916666666667
0 0.515625 0.3171875 0.007291666666666667 0.03854166666666667
0 0.38125 0.3125 0.011979166666666667 0.04583333333333333
2 0.4817708333333333 0.47708333333333336 0.0265625 0.11041666666666666
2 0.775 0.36302083333333335 0.007291666666666667 0.03854166666666667
2 0.5744791666666667 0.7041666666666667 0.053125 0.20208333333333334
2 0.765625 0.3463541666666667 0.007291666666666667 0.033854166666666664
2 0.7510416666666667 0.33541666666666664 0.007291666666666667 0.028645833333333332
2 0.7041666666666667 0.3125 0.007291666666666667 0.023958333333333335
2 0.6755208333333333 0.303125 0.0046875 0.021875
2 0.6838541666666667 0.2875 0.0026041666666666665 0.014583333333333334
2 0.6453125 0.29322916666666665 0.0046875 0.019270833333333334
2 0.640625 0.27760416666666665 0.0046875 0.014583333333333334
0 0.65 0.2765625 0.0026041666666666665 0.011979166666666667
0 0.6333333333333333 0.3171875 0.007291666666666667 0.028645833333333332
0 0.63125 0.31145833333333334 0.0046875 0.0265625
0 0.6260416666666667 0.30520833333333336 0.007291666666666667 0.023958333333333335
0 0.6119791666666666 0.296875 0.0046875 0.023958333333333335
2 0.6223958333333334 0.2875 0.0046875 0.016666666666666666
2 0.6119791666666666 0.271875 0.0026041666666666665 0.016666666666666666
0 0.5963541666666666 0.290625 0.0046875 0.019270833333333334
0 0.5744791666666667 0.2838541666666667 0.0026041666666666665 0.021875
0 0.55625 0.2786458333333333 0.0046875 0.019270833333333334
0 0.5338541666666666 0.2703125 0.0026041666666666665 0.019270833333333334
2 0.5479166666666667 0.26458333333333334 0.0026041666666666665 0.016666666666666666
2 0.5614583333333333 0.26927083333333335 0.0026041666666666665 0.016666666666666666
2 0.5828125 0.26666666666666666 0.0026041666666666665 0.016666666666666666
0 0.5 0.2609375 0.0046875 0.016666666666666666
0 0.5182291666666666 0.2546875 0.0026041666666666665 0.014583333333333334
0 0.49270833333333336 0.2526041666666667 0.0026041666666666665 0.014583333333333334
0 0.484375 0.2546875 0.0046875 0.016666666666666666
0 0.6984375 0.2859375 0.0046875 0.014583333333333334
0 0.7463541666666667 0.296875 0.0026041666666666665 0.016666666666666666
2 0.7354166666666667 0.29791666666666666 0.0026041666666666665 0.016666666666666666
2 0.8473958333333333 0.321875 0.0026041666666666665 0.014583333333333334
0 0.8520833333333333 0.31875 0.0046875 0.014583333333333334
0 0.8822916666666667 0.32708333333333334 0.0046875 0.014583333333333334
2 0.8942708333333333 0.3328125 0.0046875 0.016666666666666666
0 0.9135416666666667 0.3328125 0.0046875 0.016666666666666666
2 0.9421875 0.3411458333333333 0.0046875 0.016666666666666666
2 0.7848958333333333 0.3078125 0.0026041666666666665 0.016666666666666666
0 0.7932291666666667 0.30625 0.0026041666666666665 0.014583333333333334
1 0.7895833333333333 0.30416666666666664 0.0046875 0.023958333333333335
1 0.7786458333333334 0.303125 0.0046875 0.023958333333333335
1 0.796875 0.30416666666666664 0.0046875 0.019270833333333334