0 0.8161458333333333 0.30885416666666665 0.014583333333333334 0.0578125
0 0.8760416666666667 0.22604166666666667 0.007291666666666667 0.0265625
0 0.8833333333333333 0.21614583333333334 0.007291666666666667 0.021875
0 0.8666666666666667 0.240625 0.009375 0.03125
0 0.85 0.2630208333333333 0.011979166666666667 0.040625
0 0.7380208333333333 0.415625 0.028645833333333332 0.10572916666666667
1 0.5119791666666667 0.6588541666666666 0.08177083333333333 0.375
0 0.8953125 0.20208333333333334 0.0046875 0.016666666666666666
0 0.890625 0.20677083333333332 0.0046875 0.019270833333333334
1 0.4 0.7057291666666666 0.043229166666666666 0.2859375
0 0.8989583333333333 0.19583333333333333 0.0046875 0.014583333333333334
0 0.9026041666666667 0.1921875 0.0026041666666666665 0.014583333333333334
0 0.6166666666666667 0.23697916666666666 0.0046875 0.0265625