0 0.37604166666666666 0.5322916666666667 0.023958333333333335 0.10104166666666667
2 0.7885416666666667 0.61875 0.03125 0.134375
0 0.475 0.47239583333333335 0.016666666666666666 0.071875
2 0.859375 0.446875 0.014583333333333334 0.04791666666666667
2 0.9182291666666667 0.484375 0.016666666666666666 0.0671875
0 0.09010416666666667 0.3859375 0.007291666666666667 0.0265625
2 0.4265625 0.42083333333333334 0.009375 0.03854166666666667
0 0.3859375 0.4375 0.011979166666666667 0.050520833333333334
2 0.7536458333333333 0.42083333333333334 0.007291666666666667 0.0359375
0 0.20416666666666666 0.43854166666666666 0.014583333333333334 0.0578125
0 0.828125 0.41458333333333336 0.007291666666666667 0.0265625
2 0.5791666666666667 0.4088541666666667 0.007291666666666667 0.028645833333333332
2 0.640625 0.44479166666666664 0.011979166666666667 0.053125
0 0.15729166666666666 0.390625 0.0046875 0.028645833333333332
0 0.7151041666666667 0.40729166666666666 0.007291666666666667 0.023958333333333335
2 0.671875 0.41458333333333336 0.007291666666666667 0.03125
0 0.946875 0.42552083333333335 0.007291666666666667 0.03125
2 0.17447916666666666 0.4125 0.011979166666666667 0.040625
0 0.6 0.4015625 0.007291666666666667 0.023958333333333335
1 0.46041666666666664 0.3776041666666667 0.0026041666666666665 0.014583333333333334
2 0.5359375 0.428125 0.009375 0.040625
2 0.27291666666666664 0.4036458333333333 0.007291666666666667 0.0265625
2 0.303125 0.4171875 0.009375 0.03854166666666667
1 0.3546875 0.37395833333333334 0.0026041666666666665 0.016666666666666666
2 0.37864583333333335 0.4036458333333333 0.009375 0.03125
1 0.5890625 0.38125 0.0026041666666666665 0.016666666666666666
2 0.8447916666666667 0.43125 0.009375 0.0359375
2 0.478125 0.40520833333333334 0.0046875 0.0265625
1 0.4171875 0.375 0.0026041666666666665 0.014583333333333334
1 0.30885416666666665 0.37135416666666665 0.0026041666666666665 0.016666666666666666
0 0.059895833333333336 0.7177083333333333 0.021875 0.196875
2 0.7213541666666666 0.4953125 0.019270833333333334 0.07447916666666667
1 0.7140625 0.3859375 0.0046875 0.016666666666666666
1 0.6453125 0.38333333333333336 0.0026041666666666665 0.014583333333333334
1 0.5286458333333334 0.38125 0.0026041666666666665 0.016666666666666666
1 0.3880208333333333 0.375 0.0026041666666666665 0.014583333333333334
0 0.3859375 0.396875 0.0046875 0.023958333333333335
0 0.2765625 0.39166666666666666 0.0046875 0.0265625
2 0.1625 0.39791666666666664 0.007291666666666667 0.033854166666666664
1 0.06354166666666666 0.365625 0.007291666666666667 0.014583333333333334