0 0.8114583333333333 0.26458333333333334 0.007291666666666667 0.03854166666666667
0 0.9052083333333333 0.24895833333333334 0.009375 0.0359375
2 0.9244791666666666 0.3328125 0.023958333333333335 0.07447916666666667
0 0.5671875 0.4640625 0.0265625 0.11770833333333333
0 0.17916666666666667 0.3098958333333333 0.007291666666666667 0.021875
0 0.703125 0.290625 0.011979166666666667 0.043229166666666666
0 0.625 0.34270833333333334 0.016666666666666666 0.0625
0 0.06875 0.32708333333333334 0.007291666666666667 0.0265625
2 0.15989583333333332 0.29583333333333334 0.0046875 0.019270833333333334
0 0.2609375 0.28958333333333336 0.0046875 0.021875
2 0.23333333333333334 0.23697916666666666 0.0026041666666666665 0.011979166666666667
0 0.38125 0.2546875 0.0046875 0.016666666666666666
2 0.18489583333333334 0.2453125 0.0046875 0.011979166666666667
2 0.275 0.2682291666666667 0.0046875 0.016666666666666666
0 0.3953125 0.228125 0.0026041666666666665 0.011979166666666667
0 0.36666666666666664 0.22604166666666667 0.0026041666666666665 0.009375
2 0.07083333333333333 0.30520833333333336 0.0046875 0.019270833333333334
2 0.3234375 0.2296875 0.0026041666666666665 0.009375
0 0.39791666666666664 0.2453125 0.0026041666666666665 0.011979166666666667
2 0.08541666666666667 0.259375 0.0046875 0.014583333333333334
0 0.06875 0.25729166666666664 0.0026041666666666665 0.014583333333333334
2 0.328125 0.24739583333333334 0.0026041666666666665 0.014583333333333334
0 0.321875 0.27291666666666664 0.0046875 0.016666666666666666
0 0.40729166666666666 0.23177083333333334 0.0026041666666666665 0.011979166666666667
2 0.30416666666666664 0.25729166666666664 0.0046875 0.014583333333333334
2 0.228125 0.2838541666666667 0.0046875 0.019270833333333334
0 0.38333333333333336 0.22708333333333333 0.0026041666666666665 0.011979166666666667
2 0.28125 0.23177083333333334 0.0026041666666666665 0.009375
2 0.3411458333333333 0.240625 0.0026041666666666665 0.011979166666666667
0 0.32708333333333334 0.22604166666666667 0.0026041666666666665 0.009375
0 0.40520833333333334 0.23802083333333332 0.0026041666666666665 0.011979166666666667
0 0.16822916666666668 0.24375 0.0026041666666666665 0.011979166666666667
2 0.1359375 0.2526041666666667 0.0026041666666666665 0.011979166666666667
0 0.35833333333333334 0.2630208333333333 0.0046875 0.016666666666666666
0 0.290625 0.22708333333333333 0.0026041666666666665 0.009375
2 0.34375 0.23333333333333334 0.0026041666666666665 0.011979166666666667
0 0.21145833333333333 0.23541666666666666 0.0026041666666666665 0.009375
0 0.1203125 0.25 0.0026041666666666665 0.011979166666666667
0 0.240625 0.23072916666666668 0.0026041666666666665 0.009375
0 0.25833333333333336 0.228125 0.0026041666666666665 0.009375