0 0.8520833333333333 0.3375 0.007291666666666667 0.028645833333333332
1 0.728125 0.30885416666666665 0.007291666666666667 0.04583333333333333
2 0.23333333333333334 0.3703125 0.021875 0.07916666666666666
0 0.9109375 0.3484375 0.007291666666666667 0.028645833333333332
2 0.14427083333333332 0.3098958333333333 0.014583333333333334 0.0578125
0 0.13229166666666667 0.24739583333333334 0.009375 0.03125
2 0.5265625 0.296875 0.007291666666666667 0.033854166666666664
0 0.34270833333333334 0.259375 0.007291666666666667 0.0265625
2 0.428125 0.28020833333333334 0.007291666666666667 0.028645833333333332
2 0.3619791666666667 0.27291666666666664 0.007291666666666667 0.028645833333333332
0 0.44583333333333336 0.2703125 0.007291666666666667 0.023958333333333335
2 0.33177083333333335 0.43854166666666666 0.028645833333333332 0.103125
0 0.5442708333333334 0.2859375 0.007291666666666667 0.023958333333333335
0 0.6432291666666666 0.303125 0.007291666666666667 0.0265625
2 0.896875 0.359375 0.009375 0.0359375
0 0.9421875 0.32708333333333334 0.0046875 0.019270833333333334
2 0.46041666666666664 0.5375 0.040625 0.14427083333333332
2 0.171875 0.27291666666666664 0.009375 0.040625
2 0.75625 0.33541666666666664 0.007291666666666667 0.033854166666666664
1 0.7666666666666667 0.328125 0.009375 0.053125
2 0.28854166666666664 0.2682291666666667 0.007291666666666667 0.033854166666666664
0 0.23802083333333332 0.25104166666666666 0.0046875 0.0265625
2 0.7921875 0.75625 0.053125 0.18489583333333334
2 0.6453125 0.31614583333333335 0.007291666666666667 0.033854166666666664
1 0.7473958333333334 0.3125 0.0046875 0.043229166666666666
2 0.146875 0.28489583333333335 0.011979166666666667 0.04583333333333333
2 0.21979166666666666 0.26666666666666666 0.009375 0.0359375
0 0.7369791666666666 0.31875 0.007291666666666667 0.028645833333333332
1 0.74375 0.3234375 0.009375 0.050520833333333334