0 0.45416666666666666 0.36770833333333336 0.019270833333333334 0.07708333333333334
0 0.290625 0.32916666666666666 0.014583333333333334 0.050520833333333334
0 0.37135416666666665 0.334375 0.014583333333333334 0.05520833333333333
0 0.47708333333333336 0.4890625 0.028645833333333332 0.1296875
0 0.059895833333333336 0.3567708333333333 0.011979166666666667 0.04583333333333333
0 0.18489583333333334 0.33541666666666664 0.011979166666666667 0.04583333333333333
2 0.5 0.2921875 0.011979166666666667 0.04583333333333333
2 0.6635416666666667 0.31614583333333335 0.016666666666666666 0.06510416666666667
2 0.384375 0.290625 0.009375 0.040625
2 0.10677083333333333 0.32916666666666666 0.009375 0.0359375
2 0.25364583333333335 0.30520833333333336 0.009375 0.03854166666666667
2 0.896875 0.4401041666666667 0.03854166666666667 0.1296875