0 0.25 0.5109375 0.0265625 0.09114583333333333
2 0.6729166666666667 0.40625 0.007291666666666667 0.040625
0 0.553125 0.38697916666666665 0.007291666666666667 0.028645833333333332
2 0.7390625 0.4015625 0.007291666666666667 0.0359375
2 0.6130208333333333 0.42291666666666666 0.011979166666666667 0.04583333333333333
2 0.5901041666666667 0.46145833333333336 0.019270833333333334 0.0625
0 0.6416666666666667 0.38125 0.007291666666666667 0.028645833333333332
0 0.35104166666666664 0.43020833333333336 0.014583333333333334 0.05520833333333333
1 0.15989583333333332 0.34270833333333334 0.0046875 0.023958333333333335
0 0.821875 0.38958333333333334 0.007291666666666667 0.0265625
1 0.08541666666666667 0.3463541666666667 0.009375 0.028645833333333332
0 0.71875 0.38125 0.007291666666666667 0.0265625
2 0.921875 0.41354166666666664 0.011979166666666667 0.0359375
2 0.7979166666666667 0.39791666666666664 0.009375 0.03125
1 0.23541666666666666 0.34010416666666665 0.007291666666666667 0.023958333333333335
2 0.8880208333333334 0.7875 0.03854166666666667 0.1203125
2 0.625 0.5458333333333333 0.028645833333333332 0.10572916666666667
0 0.453125 0.4 0.011979166666666667 0.043229166666666666