2 0.525 0.4505208333333333 0.019270833333333334 0.071875
2 0.3484375 0.40625 0.014583333333333334 0.05520833333333333
2 0.3567708333333333 0.3567708333333333 0.007291666666666667 0.028645833333333332
2 0.375 0.3484375 0.007291666666666667 0.0265625
2 0.3328125 0.3411458333333333 0.007291666666666667 0.021875
2 0.30520833333333336 0.36666666666666664 0.009375 0.033854166666666664
2 0.27395833333333336 0.38333333333333336 0.011979166666666667 0.040625
2 0.2838541666666667 0.334375 0.007291666666666667 0.021875
2 0.275 0.3234375 0.0046875 0.016666666666666666
2 0.259375 0.328125 0.0046875 0.019270833333333334
0 0.31979166666666664 0.5552083333333333 0.033854166666666664 0.12760416666666666
0 0.209375 0.46770833333333334 0.021875 0.084375
0 0.05625 0.415625 0.014583333333333334 0.0625
0 0.0875 0.375 0.014583333333333334 0.04791666666666667
0 0.103125 0.34270833333333334 0.009375 0.03125
0 0.1453125 0.35833333333333334 0.011979166666666667 0.03854166666666667
0 0.134375 0.33541666666666664 0.007291666666666667 0.028645833333333332
0 0.234375 0.35208333333333336 0.007291666666666667 0.028645833333333332
0 0.2630208333333333 0.34479166666666666 0.007291666666666667 0.0265625
0 0.19947916666666668 0.31614583333333335 0.0046875 0.016666666666666666
0 0.1875 0.3255208333333333 0.007291666666666667 0.021875
0 0.18020833333333333 0.31979166666666664 0.007291666666666667 0.016666666666666666
0 0.23697916666666666 0.33541666666666664 0.0046875 0.021875
0 0.240625 0.31614583333333335 0.0046875 0.016666666666666666
0 0.125 0.32083333333333336 0.0046875 0.021875
2 0.32083333333333336 0.31979166666666664 0.0046875 0.016666666666666666
2 0.30625 0.32083333333333336 0.0046875 0.016666666666666666
0 0.12135416666666667 0.31614583333333335 0.0046875 0.021875
0 0.13125 0.3098958333333333 0.0026041666666666665 0.016666666666666666
0 0.14322916666666666 0.30625 0.0026041666666666665 0.014583333333333334
2 0.7463541666666667 0.5026041666666666 0.028645833333333332 0.09114583333333333
0 0.23697916666666666 0.3098958333333333 0.0046875 0.016666666666666666
0 0.21145833333333333 0.30520833333333336 0.0046875 0.011979166666666667
0 0.21614583333333334 0.3015625 0.0026041666666666665 0.014583333333333334
0 0.20416666666666666 0.303125 0.0026041666666666665 0.011979166666666667
0 0.15364583333333334 0.30416666666666664 0.0026041666666666665 0.016666666666666666
0 0.1609375 0.3015625 0.0026041666666666665 0.014583333333333334
0 0.1671875 0.2994791666666667 0.0026041666666666665 0.011979166666666667
0 0.171875 0.2994791666666667 0.0026041666666666665 0.011979166666666667
0 0.17552083333333332 0.29791666666666666 0.0026041666666666665 0.011979166666666667
0 0.25625 0.31354166666666666 0.0046875 0.014583333333333334
2 0.29791666666666666 0.3151041666666667 0.0046875 0.014583333333333334