0 0.7041666666666667 0.3015625 0.007291666666666667 0.0265625
0 0.7453125 0.3078125 0.007291666666666667 0.023958333333333335
0 0.5322916666666667 0.2765625 0.0046875 0.023958333333333335
0 0.7921875 0.3125 0.007291666666666667 0.0265625
0 0.6395833333333333 0.290625 0.007291666666666667 0.0265625
2 0.23697916666666666 0.290625 0.011979166666666667 0.043229166666666666
2 0.8869791666666667 0.3390625 0.007291666666666667 0.028645833333333332
2 0.5515625 0.2921875 0.007291666666666667 0.028645833333333332
2 0.17916666666666667 0.3125 0.014583333333333334 0.05520833333333333
2 0.7307291666666667 0.321875 0.007291666666666667 0.033854166666666664
0 0.08541666666666667 0.26666666666666666 0.011979166666666667 0.040625
0 0.8713541666666667 0.31145833333333334 0.0026041666666666665 0.021875
0 0.21145833333333333 0.2609375 0.007291666666666667 0.03125
0 0.8473958333333333 0.31614583333333335 0.007291666666666667 0.023958333333333335
2 0.9385416666666667 0.3411458333333333 0.007291666666666667 0.028645833333333332
2 0.171875 0.41354166666666664 0.028645833333333332 0.10104166666666667
2 0.39427083333333335 0.28125 0.007291666666666667 0.033854166666666664
2 0.81875 0.33541666666666664 0.007291666666666667 0.033854166666666664
2 0.140625 0.3463541666666667 0.019270833333333334 0.071875
2 0.6140625 0.3015625 0.007291666666666667 0.028645833333333332
0 0.853125 0.296875 0.0046875 0.016666666666666666
2 0.4713541666666667 0.2838541666666667 0.007291666666666667 0.03125
0 0.8244791666666667 0.3151041666666667 0.007291666666666667 0.023958333333333335
0 0.42916666666666664 0.26666666666666666 0.0046875 0.0265625
2 0.3151041666666667 0.2838541666666667 0.009375 0.03854166666666667
0 0.32447916666666665 0.2609375 0.007291666666666667 0.028645833333333332
0 0.890625 0.296875 0.0026041666666666665 0.011979166666666667
2 0.9328125 0.30885416666666665 0.0046875 0.014583333333333334
2 0.9494791666666667 0.3171875 0.0026041666666666665 0.016666666666666666
0 0.8640625 0.3151041666666667 0.0046875 0.021875
2 0.4817708333333333 0.6479166666666667 0.053125 0.196875
0 0.8703125 0.3078125 0.0026041666666666665 0.016666666666666666
0 0.8666666666666667 0.30625 0.0046875 0.016666666666666666
0 0.8619791666666666 0.303125 0.0046875 0.016666666666666666
0 0.8604166666666667 0.2942708333333333 0.0026041666666666665 0.014583333333333334
2 0.9375 0.3078125 0.0046875 0.014583333333333334
0 0.9401041666666666 0.303125 0.0026041666666666665 0.014583333333333334