0 0.8546875 0.23333333333333334 0.007291666666666667 0.03125
0 0.8098958333333334 0.2921875 0.014583333333333334 0.050520833333333334
0 0.7536458333333333 0.37395833333333334 0.023958333333333335 0.08645833333333333
0 0.23072916666666668 0.328125 0.011979166666666667 0.04583333333333333
0 0.8390625 0.2546875 0.009375 0.040625
0 0.5359375 0.678125 0.059895833333333336 0.22135416666666666
0 0.8713541666666667 0.21041666666666667 0.0046875 0.021875
0 0.8776041666666666 0.20416666666666666 0.0046875 0.019270833333333334
0 0.8640625 0.21979166666666666 0.007291666666666667 0.0265625
0 0.88125 0.1984375 0.0046875 0.016666666666666666
2 0.9411458333333333 0.19010416666666666 0.0026041666666666665 0.014583333333333334
2 0.946875 0.1984375 0.0046875 0.019270833333333334
2 0.9364583333333333 0.1875 0.0026041666666666665 0.011979166666666667
2 0.9447916666666667 0.19375 0.0046875 0.016666666666666666
0 0.8833333333333333 0.19479166666666667 0.0046875 0.016666666666666666
2 0.8317708333333333 0.19010416666666666 0.0026041666666666665 0.011979166666666667
0 0.8859375 0.19114583333333332 0.0026041666666666665 0.014583333333333334
1 0.9348958333333334 0.18125 0.0046875 0.019270833333333334
1 0.8869791666666667 0.18489583333333334 0.0026041666666666665 0.021875