1 0.5661458333333333 0.28958333333333336 0.011979166666666667 0.050520833333333334
0 0.4713541666666667 0.27760416666666665 0.007291666666666667 0.0265625
0 0.8197916666666667 0.32083333333333336 0.007291666666666667 0.028645833333333332
0 0.7114583333333333 0.3078125 0.007291666666666667 0.028645833333333332
2 0.2921875 0.4734375 0.0359375 0.125
0 0.2546875 0.24166666666666667 0.007291666666666667 0.023958333333333335
0 0.946875 0.334375 0.007291666666666667 0.033854166666666664
0 0.5322916666666667 0.28489583333333335 0.007291666666666667 0.0265625
2 0.50625 0.28958333333333336 0.007291666666666667 0.033854166666666664
1 0.6223958333333334 0.28958333333333336 0.009375 0.043229166666666666
2 0.27760416666666665 0.25625 0.007291666666666667 0.028645833333333332
2 0.853125 0.34479166666666666 0.009375 0.03854166666666667
2 0.7161458333333334 0.32447916666666665 0.007291666666666667 0.0359375
0 0.334375 0.2546875 0.007291666666666667 0.021875
0 0.17447916666666666 0.228125 0.0046875 0.021875
2 0.34479166666666666 0.26666666666666666 0.007291666666666667 0.028645833333333332
0 0.40729166666666666 0.2682291666666667 0.007291666666666667 0.023958333333333335
1 0.5890625 0.28489583333333335 0.007291666666666667 0.043229166666666666
0 0.0828125 0.21614583333333334 0.0046875 0.021875
2 0.21770833333333334 0.24635416666666668 0.007291666666666667 0.028645833333333332
2 0.0578125 0.225 0.007291666666666667 0.021875
2 0.421875 0.2765625 0.007291666666666667 0.03125
2 0.15 0.234375 0.0046875 0.0265625
0 0.6020833333333333 0.29583333333333334 0.007291666666666667 0.0265625
1 0.6083333333333333 0.29791666666666666 0.009375 0.053125
2 0.5875 0.30416666666666664 0.007291666666666667 0.03125