2 0.6416666666666667 0.29791666666666666 0.014583333333333334 0.053125
0 0.40729166666666666 0.3411458333333333 0.014583333333333334 0.059895833333333336
0 0.4421875 0.42552083333333335 0.023958333333333335 0.09635416666666667
0 0.5697916666666667 0.24635416666666668 0.007291666666666667 0.028645833333333332
2 0.7307291666666667 0.23177083333333334 0.007291666666666667 0.028645833333333332
2 0.6177083333333333 0.27760416666666665 0.011979166666666667 0.04583333333333333
0 0.6515625 0.2296875 0.0046875 0.0265625
0 0.43020833333333336 0.29791666666666666 0.009375 0.043229166666666666
2 0.6359375 0.259375 0.009375 0.03854166666666667
0 0.740625 0.21614583333333334 0.007291666666666667 0.021875
2 0.7895833333333333 0.35 0.023958333333333335 0.08177083333333333
2 0.8739583333333333 0.2125 0.007291666666666667 0.028645833333333332
0 0.2921875 0.7666666666666667 0.033854166666666664 0.1609375
0 0.4890625 0.2682291666666667 0.007291666666666667 0.033854166666666664
0 0.4375 0.5348958333333333 0.0359375 0.14895833333333333
2 0.671875 0.24375 0.007291666666666667 0.033854166666666664
2 0.7979166666666667 0.22135416666666666 0.007291666666666667 0.028645833333333332
0 0.8375 0.20416666666666666 0.007291666666666667 0.023958333333333335