0 0.3151041666666667 0.540625 0.04791666666666667 0.0890625
0 0.5984375 0.46510416666666665 0.023958333333333335 0.0578125
0 0.8546875 0.44583333333333336 0.019270833333333334 0.04791666666666667
0 0.8005208333333333 0.37864583333333335 0.011979166666666667 0.033854166666666664
0 0.5338541666666666 0.3796875 0.011979166666666667 0.033854166666666664
0 0.8786458333333333 0.36302083333333335 0.007291666666666667 0.023958333333333335
2 0.728125 0.3723958333333333 0.009375 0.021875
2 0.5963541666666666 0.3723958333333333 0.009375 0.021875
2 0.8895833333333333 0.37135416666666665 0.0046875 0.014583333333333334
2 0.9026041666666667 0.37135416666666665 0.007291666666666667 0.014583333333333334
2 0.9145833333333333 0.37135416666666665 0.007291666666666667 0.014583333333333334