2 0.9208333333333333 0.321875 0.0046875 0.016666666666666666
0 0.08177083333333333 0.22135416666666666 0.007291666666666667 0.023958333333333335
0 0.1671875 0.225 0.0046875 0.021875
0 0.20208333333333334 0.225 0.0046875 0.019270833333333334
0 0.8796875 0.31145833333333334 0.0046875 0.014583333333333334
2 0.290625 0.23802083333333332 0.0046875 0.019270833333333334
2 0.3234375 0.53125 0.033854166666666664 0.14895833333333333
2 0.42291666666666666 0.23802083333333332 0.0026041666666666665 0.014583333333333334
0 0.13697916666666668 0.225 0.0046875 0.021875
2 0.8640625 0.3125 0.0046875 0.016666666666666666
2 0.26197916666666665 0.2390625 0.0046875 0.019270833333333334
2 0.46145833333333336 0.24166666666666667 0.0026041666666666665 0.014583333333333334
2 0.6802083333333333 0.271875 0.0026041666666666665 0.011979166666666667
2 0.38958333333333334 0.234375 0.0046875 0.014583333333333334
0 0.21875 0.225 0.0046875 0.019270833333333334
2 0.8114583333333333 0.3015625 0.0026041666666666665 0.016666666666666666
0 0.3723958333333333 0.23072916666666668 0.0026041666666666665 0.014583333333333334
0 0.8171875 0.30052083333333335 0.0046875 0.016666666666666666
2 0.209375 0.2390625 0.007291666666666667 0.0265625
2 0.49635416666666665 0.24166666666666667 0.0026041666666666665 0.011979166666666667
0 0.74375 0.28229166666666666 0.0026041666666666665 0.014583333333333334
0 0.334375 0.22604166666666667 0.0026041666666666665 0.014583333333333334
0 0.4171875 0.23333333333333334 0.0026041666666666665 0.014583333333333334
2 0.6166666666666667 0.25729166666666664 0.0026041666666666665 0.011979166666666667
0 0.85 0.30520833333333336 0.0026041666666666665 0.014583333333333334
0 0.790625 0.2942708333333333 0.0046875 0.014583333333333334
2 0.5375 0.2453125 0.0026041666666666665 0.011979166666666667
0 0.9375 0.31979166666666664 0.0026041666666666665 0.014583333333333334
2 0.5145833333333333 0.24375 0.0026041666666666665 0.009375
2 0.7140625 0.28125 0.0046875 0.014583333333333334
2 0.32916666666666666 0.22708333333333333 0.0046875 0.014583333333333334
2 0.6635416666666667 0.26666666666666666 0.0026041666666666665 0.011979166666666667
2 0.13333333333333333 0.23802083333333332 0.007291666666666667 0.028645833333333332
0 0.4328125 0.234375 0.0026041666666666665 0.014583333333333334
0 0.728125 0.2786458333333333 0.0026041666666666665 0.011979166666666667
0 0.6692708333333334 0.265625 0.0026041666666666665 0.011979166666666667
2 0.6911458333333333 0.275 0.0026041666666666665 0.014583333333333334
0 0.26197916666666665 0.21770833333333334 0.0026041666666666665 0.011979166666666667
0 0.45208333333333334 0.234375 0.0026041666666666665 0.014583333333333334
0 0.225 0.21979166666666666 0.0046875 0.014583333333333334
2 0.74375 0.7703125 0.033854166666666664 0.15364583333333334
0 0.43854166666666666 0.234375 0.0026041666666666665 0.011979166666666667
0 0.7536458333333333 0.2859375 0.0026041666666666665 0.014583333333333334
2 0.48802083333333335 0.24166666666666667 0.0026041666666666665 0.011979166666666667
0 0.29791666666666666 0.22135416666666666 0.0026041666666666665 0.014583333333333334
0 0.228125 0.2234375 0.0046875 0.016666666666666666
0 0.39427083333333335 0.23177083333333334 0.0026041666666666665 0.014583333333333334
0 0.23072916666666668 0.21614583333333334 0.0026041666666666665 0.014583333333333334
2 0.3078125 0.22604166666666667 0.0026041666666666665 0.014583333333333334
2 0.3078125 0.23333333333333334 0.0026041666666666665 0.016666666666666666
2 0.303125 0.23541666666666666 0.0026041666666666665 0.019270833333333334
2 0.29791666666666666 0.22708333333333333 0.0026041666666666665 0.016666666666666666
2 0.48072916666666665 0.24270833333333333 0.0026041666666666665 0.011979166666666667
0 0.48333333333333334 0.23802083333333332 0.0026041666666666665 0.011979166666666667
2 0.5890625 0.25364583333333335 0.0026041666666666665 0.011979166666666667
2 0.6994791666666667 0.27760416666666665 0.0026041666666666665 0.014583333333333334
0 0.7020833333333333 0.27291666666666664 0.0026041666666666665 0.011979166666666667
2 0.7609375 0.2921875 0.0046875 0.014583333333333334
0 0.7666666666666667 0.28958333333333336 0.0026041666666666665 0.014583333333333334
2 0.5625 0.25 0.0026041666666666665 0.011979166666666667
0 0.5515625 0.2453125 0.0026041666666666665 0.011979166666666667
0 0.5911458333333334 0.2526041666666667 0.0026041666666666665 0.011979166666666667
0 0.63125 0.25729166666666664 0.0026041666666666665 0.011979166666666667
2 0.646875 0.2630208333333333 0.0026041666666666665 0.014583333333333334