0 0.25625 0.5229166666666667 0.021875 0.09635416666666667
0 0.8677083333333333 0.446875 0.009375 0.03854166666666667
2 0.6802083333333333 0.446875 0.009375 0.040625
0 0.4036458333333333 0.6802083333333333 0.050520833333333334 0.178125
0 0.7213541666666666 0.4328125 0.007291666666666667 0.028645833333333332
2 0.7979166666666667 0.4640625 0.009375 0.04583333333333333
0 0.3078125 0.4088541666666667 0.009375 0.03125
1 0.5541666666666667 0.38958333333333334 0.0026041666666666665 0.016666666666666666
0 0.1609375 0.4036458333333333 0.009375 0.033854166666666664
1 0.2838541666666667 0.37135416666666665 0.0046875 0.016666666666666666
1 0.3567708333333333 0.37604166666666666 0.0046875 0.016666666666666666
2 0.4265625 0.43020833333333336 0.009375 0.03854166666666667
1 0.40625 0.3796875 0.0046875 0.019270833333333334
2 0.3484375 0.46145833333333336 0.014583333333333334 0.05520833333333333
0 0.4401041666666667 0.41458333333333336 0.007291666666666667 0.028645833333333332
2 0.5588541666666667 0.43645833333333334 0.009375 0.03854166666666667
1 0.6177083333333333 0.39166666666666666 0.0046875 0.019270833333333334
2 0.2921875 0.4244791666666667 0.009375 0.0359375
1 0.69375 0.396875 0.0046875 0.016666666666666666
1 0.3234375 0.37395833333333334 0.007291666666666667 0.016666666666666666
2 0.696875 0.5385416666666667 0.0265625 0.08645833333333333
2 0.14322916666666666 0.4192708333333333 0.011979166666666667 0.040625
2 0.15885416666666666 0.4557291666666667 0.016666666666666666 0.0578125
2 0.5119791666666667 0.484375 0.019270833333333334 0.06510416666666667
0 0.578125 0.42083333333333334 0.007291666666666667 0.028645833333333332
2 0.9338541666666667 0.48541666666666666 0.014583333333333334 0.053125
1 0.48541666666666666 0.3859375 0.0046875 0.016666666666666666