2 0.44947916666666665 0.49270833333333336 0.028645833333333332 0.11770833333333333
0 0.365625 0.30625 0.009375 0.040625
0 0.4505208333333333 0.290625 0.007291666666666667 0.028645833333333332
2 0.459375 0.375 0.014583333333333334 0.06510416666666667
0 0.48541666666666666 0.2838541666666667 0.007291666666666667 0.023958333333333335
0 0.5395833333333333 0.28020833333333334 0.0026041666666666665 0.021875
0 0.4125 0.296875 0.007291666666666667 0.0359375
2 0.5697916666666667 0.3098958333333333 0.007291666666666667 0.03125
0 0.21875 0.33645833333333336 0.014583333333333334 0.0625
0 0.6572916666666667 0.2859375 0.0026041666666666665 0.016666666666666666
2 0.7354166666666667 0.3015625 0.0026041666666666665 0.019270833333333334
0 0.7875 0.29322916666666665 0.0046875 0.014583333333333334
2 0.6901041666666666 0.3015625 0.0046875 0.021875
2 0.5302083333333333 0.33177083333333335 0.009375 0.043229166666666666
0 0.6020833333333333 0.28489583333333335 0.0046875 0.019270833333333334
2 0.928125 0.30625 0.0046875 0.014583333333333334
2 0.7932291666666667 0.296875 0.0026041666666666665 0.016666666666666666
2 0.8989583333333333 0.30625 0.0046875 0.014583333333333334
0 0.8739583333333333 0.29583333333333334 0.0026041666666666665 0.011979166666666667
0 0.7427083333333333 0.290625 0.0046875 0.016666666666666666
2 0.59375 0.30052083333333335 0.007291666666666667 0.0265625
2 0.6296875 0.29791666666666666 0.0046875 0.023958333333333335
0 0.6984375 0.2859375 0.0046875 0.016666666666666666
2 0.7572916666666667 0.29791666666666666 0.0046875 0.016666666666666666
0 0.8427083333333333 0.29583333333333334 0.0026041666666666665 0.014583333333333334
2 0.8401041666666667 0.303125 0.0026041666666666665 0.016666666666666666
0 0.9098958333333333 0.29791666666666666 0.0026041666666666665 0.011979166666666667