0 0.3078125 0.5734375 0.028645833333333332 0.1296875
0 0.5046875 0.4890625 0.019270833333333334 0.07916666666666666
0 0.7692708333333333 0.48802083333333335 0.016666666666666666 0.0625
1 0.49166666666666664 0.3567708333333333 0.0046875 0.0265625
1 0.8088541666666667 0.39791666666666664 0.007291666666666667 0.028645833333333332
1 0.3125 0.334375 0.007291666666666667 0.021875
2 0.8989583333333333 0.7114583333333333 0.043229166666666666 0.165625
1 0.7125 0.384375 0.007291666666666667 0.0265625
1 0.6119791666666666 0.3723958333333333 0.007291666666666667 0.0265625
1 0.39895833333333336 0.3463541666666667 0.0046875 0.023958333333333335
1 0.9125 0.4109375 0.007291666666666667 0.023958333333333335
2 0.8546875 0.4088541666666667 0.007291666666666667 0.014583333333333334
2 0.8604166666666667 0.40989583333333335 0.0046875 0.016666666666666666