0 0.5072916666666667 0.5505208333333333 0.040625 0.15885416666666666
0 0.5192708333333333 0.40729166666666666 0.023958333333333335 0.09635416666666667
0 0.4578125 0.3484375 0.016666666666666666 0.06510416666666667
0 0.3703125 0.32916666666666666 0.014583333333333334 0.053125
0 0.2703125 0.32916666666666666 0.011979166666666667 0.04583333333333333
0 0.15625 0.3411458333333333 0.011979166666666667 0.043229166666666666
2 0.790625 0.3567708333333333 0.023958333333333335 0.08645833333333333
2 0.6223958333333334 0.30520833333333336 0.014583333333333334 0.05520833333333333
2 0.4817708333333333 0.29322916666666665 0.011979166666666667 0.043229166666666666
2 0.35 0.296875 0.011979166666666667 0.03854166666666667
2 0.21041666666666667 0.31354166666666666 0.011979166666666667 0.0359375
2 0.0515625 0.34010416666666665 0.007291666666666667 0.03854166666666667