2 0.5614583333333333 0.7114583333333333 0.059895833333333336 0.22135416666666666
2 0.30052083333333335 0.490625 0.03854166666666667 0.13229166666666667
2 0.9348958333333334 0.365625 0.009375 0.03125
2 0.8989583333333333 0.35104166666666664 0.007291666666666667 0.0265625
2 0.8822916666666667 0.3375 0.007291666666666667 0.023958333333333335
2 0.8546875 0.32916666666666666 0.007291666666666667 0.021875
2 0.7848958333333333 0.31354166666666666 0.0026041666666666665 0.019270833333333334
2 0.7213541666666666 0.3015625 0.0046875 0.019270833333333334
2 0.678125 0.290625 0.0046875 0.019270833333333334
2 0.6333333333333333 0.28125 0.0046875 0.016666666666666666
2 0.6 0.27291666666666664 0.0026041666666666665 0.016666666666666666
2 0.5697916666666667 0.265625 0.0026041666666666665 0.016666666666666666
2 0.3463541666666667 0.22239583333333332 0.0046875 0.014583333333333334
2 0.29791666666666666 0.21614583333333334 0.0046875 0.014583333333333334
2 0.259375 0.21041666666666667 0.0046875 0.011979166666666667
2 0.228125 0.20572916666666666 0.0046875 0.014583333333333334
2 0.18385416666666668 0.1984375 0.0026041666666666665 0.011979166666666667
2 0.14895833333333333 0.19375 0.0026041666666666665 0.011979166666666667
0 0.865625 0.32447916666666665 0.0046875 0.019270833333333334
0 0.7838541666666666 0.3078125 0.0046875 0.016666666666666666
0 0.7427083333333333 0.30052083333333335 0.0046875 0.016666666666666666
0 0.7104166666666667 0.2921875 0.0046875 0.016666666666666666
0 0.6828125 0.2859375 0.0046875 0.016666666666666666
0 0.6572916666666667 0.28020833333333334 0.0026041666666666665 0.016666666666666666
0 0.6395833333333333 0.2765625 0.0026041666666666665 0.016666666666666666
0 0.6213541666666667 0.2703125 0.0026041666666666665 0.016666666666666666
0 0.6119791666666666 0.26666666666666666 0.0026041666666666665 0.014583333333333334
1 0.22135416666666666 0.1984375 0.0046875 0.019270833333333334
1 0.21510416666666668 0.196875 0.0026041666666666665 0.019270833333333334
1 0.1875 0.19479166666666667 0.0046875 0.021875
1 0.18020833333333333 0.19479166666666667 0.0046875 0.019270833333333334