0 0.6921875 0.4265625 0.0359375 0.11770833333333333
0 0.3015625 0.63125 0.05520833333333333 0.19479166666666667
2 0.19583333333333333 0.23333333333333334 0.0026041666666666665 0.011979166666666667
2 0.1609375 0.22604166666666667 0.0026041666666666665 0.009375
2 0.15364583333333334 0.23333333333333334 0.0026041666666666665 0.011979166666666667
2 0.30625 0.228125 0.0026041666666666665 0.011979166666666667
0 0.2838541666666667 0.22135416666666666 0.0026041666666666665 0.009375
0 0.2453125 0.2125 0.0026041666666666665 0.009375
0 0.1828125 0.22135416666666666 0.0026041666666666665 0.009375
2 0.37395833333333334 0.21614583333333334 0.0026041666666666665 0.009375
2 0.24739583333333334 0.234375 0.0026041666666666665 0.011979166666666667
2 0.31614583333333335 0.22135416666666666 0.0026041666666666665 0.011979166666666667
2 0.3484375 0.21875 0.0026041666666666665 0.009375
2 0.3640625 0.22239583333333332 0.0026041666666666665 0.014583333333333334
2 0.27395833333333336 0.2234375 0.0026041666666666665 0.009375
2 0.1671875 0.23333333333333334 0.0026041666666666665 0.011979166666666667
0 0.396875 0.21510416666666668 0.0026041666666666665 0.007291666666666667
0 0.3234375 0.21979166666666666 0.0026041666666666665 0.009375
2 0.275 0.209375 0.0026041666666666665 0.009375
2 0.2546875 0.209375 0.0026041666666666665 0.007291666666666667
2 0.39895833333333336 0.2140625 0.0026041666666666665 0.011979166666666667
1 0.265625 0.23333333333333334 0.0026041666666666665 0.011979166666666667
2 0.428125 0.21614583333333334 0.0026041666666666665 0.011979166666666667
0 0.19583333333333333 0.2125 0.0026041666666666665 0.007291666666666667
0 0.2234375 0.22135416666666666 0.0026041666666666665 0.009375
0 0.4192708333333333 0.2078125 0.0026041666666666665 0.007291666666666667
0 0.25729166666666664 0.22135416666666666 0.0026041666666666665 0.009375
1 0.34270833333333334 0.21770833333333334 0.0026041666666666665 0.007291666666666667
2 0.22239583333333332 0.225 0.0026041666666666665 0.009375
0 0.7838541666666666 0.19479166666666667 0.0026041666666666665 0.009375
0 0.40989583333333335 0.20677083333333332 0.0026041666666666665 0.007291666666666667
2 0.35833333333333334 0.20416666666666666 0.0026041666666666665 0.009375
0 0.32708333333333334 0.21041666666666667 0.0026041666666666665 0.007291666666666667
0 0.17291666666666666 0.2140625 0.0026041666666666665 0.0046875
2 0.4192708333333333 0.196875 0.0026041666666666665 0.007291666666666667
0 0.396875 0.20416666666666666 0.0026041666666666665 0.007291666666666667
2 0.165625 0.2125 0.0026041666666666665 0.007291666666666667
0 0.2942708333333333 0.21145833333333333 0.0026041666666666665 0.007291666666666667
2 0.3078125 0.20677083333333332 0.0026041666666666665 0.007291666666666667
2 0.234375 0.21041666666666667 0.0026041666666666665 0.009375
2 0.43125 0.203125 0.0026041666666666665 0.009375
2 0.3932291666666667 0.203125 0.0026041666666666665 0.007291666666666667
2 0.21614583333333334 0.21041666666666667 0.0026041666666666665 0.007291666666666667
0 0.35 0.2078125 0.0026041666666666665 0.0046875
1 0.21510416666666668 0.21770833333333334 0.0026041666666666665 0.009375
2 0.4171875 0.203125 0.0026041666666666665 0.007291666666666667
2 0.22135416666666666 0.21041666666666667 0.0026041666666666665 0.007291666666666667
1 0.9494791666666667 0.19947916666666668 0.0026041666666666665 0.014583333333333334
2 0.4265625 0.2125 0.0026041666666666665 0.009375
2 0.328125 0.20572916666666666 0.0026041666666666665 0.0046875
0 0.3723958333333333 0.21614583333333334 0.0026041666666666665 0.009375
0 0.3776041666666667 0.20677083333333332 0.0026041666666666665 0.007291666666666667
0 0.7786458333333334 0.19375 0.0026041666666666665 0.009375
0 0.765625 0.19375 0.0026041666666666665 0.011979166666666667