1 0.7213541666666666 0.2453125 0.011979166666666667 0.04791666666666667
1 0.9192708333333334 0.1671875 0.007291666666666667 0.0265625
1 0.9401041666666666 0.17916666666666667 0.009375 0.03125
1 0.7526041666666666 0.21041666666666667 0.009375 0.033854166666666664
1 0.6552083333333333 0.31875 0.021875 0.07708333333333334
1 0.7692708333333333 0.19010416666666666 0.007291666666666667 0.028645833333333332
1 0.9052083333333333 0.1609375 0.007291666666666667 0.016666666666666666
1 0.7802083333333333 0.1765625 0.007291666666666667 0.021875
1 0.7885416666666667 0.16822916666666668 0.0046875 0.019270833333333334
1 0.4015625 0.6010416666666667 0.05520833333333333 0.19479166666666667
1 0.8953125 0.15729166666666666 0.0046875 0.009375
1 0.7942708333333334 0.1625 0.0046875 0.016666666666666666
1 0.7979166666666667 0.15885416666666666 0.0026041666666666665 0.011979166666666667