0 0.3723958333333333 0.5119791666666667 0.0265625 0.09114583333333333
0 0.8796875 0.4401041666666667 0.011979166666666667 0.040625
0 0.5375 0.4625 0.016666666666666666 0.0625
0 0.7526041666666666 0.4265625 0.009375 0.040625
1 0.25104166666666666 0.34010416666666665 0.0046875 0.016666666666666666
0 0.6369791666666667 0.4484375 0.011979166666666667 0.05520833333333333
2 0.8953125 0.5578125 0.033854166666666664 0.0984375
1 0.0734375 0.3255208333333333 0.0026041666666666665 0.016666666666666666
1 0.27760416666666665 0.34270833333333334 0.0046875 0.016666666666666666
1 0.303125 0.3411458333333333 0.0026041666666666665 0.011979166666666667
1 0.32916666666666666 0.34270833333333334 0.0026041666666666665 0.009375