0 0.1515625 0.5182291666666666 0.028645833333333332 0.059895833333333336
0 0.828125 0.40729166666666666 0.009375 0.021875
0 0.41458333333333336 0.4796875 0.019270833333333334 0.043229166666666666
0 0.34375 0.42291666666666666 0.009375 0.021875
0 0.6119791666666666 0.42552083333333335 0.009375 0.019270833333333334
0 0.421875 0.43125 0.011979166666666667 0.023958333333333335
0 0.8583333333333333 0.5890625 0.04791666666666667 0.103125
0 0.23802083333333332 0.4192708333333333 0.009375 0.021875
0 0.4796875 0.45677083333333335 0.011979166666666667 0.03125
0 0.7067708333333333 0.41458333333333336 0.007291666666666667 0.021875
2 0.7223958333333333 0.47708333333333336 0.019270833333333334 0.04583333333333333
2 0.7020833333333333 0.43020833333333336 0.011979166666666667 0.023958333333333335
2 0.7776041666666667 0.421875 0.011979166666666667 0.0265625
2 0.8786458333333333 0.415625 0.011979166666666667 0.023958333333333335
2 0.32708333333333334 0.578125 0.04583333333333333 0.09375
2 0.275 0.4125 0.009375 0.021875
2 0.1453125 0.4125 0.009375 0.021875
2 0.4015625 0.4171875 0.009375 0.019270833333333334
2 0.6442708333333333 0.4557291666666667 0.011979166666666667 0.043229166666666666
2 0.65 0.44114583333333335 0.009375 0.033854166666666664
2 0.48802083333333335 0.42552083333333335 0.009375 0.0265625
1 0.5911458333333334 0.4192708333333333 0.007291666666666667 0.021875
1 0.584375 0.4109375 0.007291666666666667 0.019270833333333334
1 0.5770833333333333 0.40260416666666665 0.0046875 0.014583333333333334
1 0.5671875 0.396875 0.0046875 0.014583333333333334
1 0.5598958333333334 0.3932291666666667 0.0046875 0.014583333333333334
1 0.5458333333333333 0.3932291666666667 0.0046875 0.014583333333333334
1 0.5276041666666667 0.3932291666666667 0.007291666666666667 0.014583333333333334
1 0.5109375 0.3932291666666667 0.007291666666666667 0.014583333333333334
1 0.6395833333333333 0.4401041666666667 0.016666666666666666 0.05520833333333333
1 0.6598958333333333 0.45208333333333334 0.019270833333333334 0.06510416666666667
1 0.4973958333333333 0.4192708333333333 0.007291666666666667 0.019270833333333334
1 0.48072916666666665 0.44114583333333335 0.019270833333333334 0.050520833333333334
1 0.46875 0.45208333333333334 0.014583333333333334 0.059895833333333336