0 0.25729166666666664 0.32447916666666665 0.011979166666666667 0.050520833333333334
0 0.37395833333333334 0.31145833333333334 0.009375 0.040625
2 0.38958333333333334 0.396875 0.019270833333333334 0.071875
0 0.09114583333333333 0.3567708333333333 0.021875 0.071875
0 0.9072916666666667 0.3567708333333333 0.007291666666666667 0.023958333333333335
1 0.8463541666666666 0.3375 0.007291666666666667 0.028645833333333332
2 0.37864583333333335 0.515625 0.033854166666666664 0.1296875
0 0.4088541666666667 0.2765625 0.007291666666666667 0.0265625
2 0.49270833333333336 0.3567708333333333 0.011979166666666667 0.053125
0 0.415625 0.29583333333333334 0.007291666666666667 0.03125
0 0.0875 0.1984375 0.007291666666666667 0.021875
1 0.7765625 0.3234375 0.007291666666666667 0.033854166666666664
2 0.5395833333333333 0.30416666666666664 0.007291666666666667 0.028645833333333332
2 0.13333333333333333 0.1984375 0.0046875 0.019270833333333334
0 0.165625 0.21041666666666667 0.0046875 0.021875
2 0.8630208333333333 0.3546875 0.0046875 0.023958333333333335
2 0.49375 0.28125 0.0046875 0.023958333333333335
2 0.059895833333333336 0.18385416666666668 0.0046875 0.019270833333333334
1 0.7994791666666666 0.3307291666666667 0.007291666666666667 0.03125
0 0.37395833333333334 0.25625 0.0046875 0.021875
0 0.3234375 0.23697916666666666 0.0046875 0.019270833333333334
0 0.7546875 0.31875 0.0046875 0.016666666666666666
2 0.6671875 0.296875 0.0046875 0.016666666666666666
0 0.24635416666666668 0.2234375 0.0046875 0.019270833333333334
2 0.7463541666666667 0.31979166666666664 0.0046875 0.019270833333333334
2 0.2994791666666667 0.228125 0.0046875 0.016666666666666666
2 0.703125 0.30625 0.0046875 0.016666666666666666
2 0.4328125 0.25833333333333336 0.0046875 0.019270833333333334
1 0.8234375 0.3307291666666667 0.007291666666666667 0.028645833333333332
2 0.6067708333333334 0.2786458333333333 0.0026041666666666665 0.016666666666666666
0 0.7197916666666667 0.3098958333333333 0.0026041666666666665 0.016666666666666666
2 0.540625 0.328125 0.009375 0.03854166666666667
0 0.6791666666666667 0.29583333333333334 0.0046875 0.016666666666666666
2 0.37604166666666666 0.24166666666666667 0.0026041666666666665 0.019270833333333334
2 0.140625 0.18645833333333334 0.0026041666666666665 0.011979166666666667
0 0.10208333333333333 0.1765625 0.0046875 0.011979166666666667
0 0.8317708333333333 0.3390625 0.0046875 0.021875
2 0.30885416666666665 0.2125 0.0046875 0.011979166666666667
2 0.08541666666666667 0.1765625 0.0026041666666666665 0.014583333333333334
2 0.20677083333333332 0.21041666666666667 0.0046875 0.016666666666666666
2 0.7885416666666667 0.33177083333333335 0.0046875 0.021875
2 0.634375 0.2875 0.0046875 0.016666666666666666
2 0.225 0.1984375 0.0026041666666666665 0.011979166666666667
2 0.2682291666666667 0.20572916666666666 0.0046875 0.011979166666666667
2 0.49270833333333336 0.24895833333333334 0.0026041666666666665 0.014583333333333334
2 0.353125 0.22135416666666666 0.0026041666666666665 0.011979166666666667
0 0.6369791666666667 0.2838541666666667 0.0026041666666666665 0.014583333333333334
2 0.5755208333333334 0.2703125 0.0026041666666666665 0.014583333333333334
2 0.18385416666666668 0.1921875 0.0026041666666666665 0.014583333333333334
2 0.39166666666666666 0.22708333333333333 0.0026041666666666665 0.011979166666666667
0 0.25833333333333336 0.20208333333333334 0.0046875 0.014583333333333334
0 0.59375 0.2703125 0.0026041666666666665 0.014583333333333334
0 0.5479166666666667 0.25833333333333336 0.0026041666666666665 0.011979166666666667
2 0.5338541666666666 0.259375 0.0026041666666666665 0.011979166666666667
2 0.44583333333333336 0.2390625 0.0026041666666666665 0.011979166666666667
0 0.15625 0.18489583333333334 0.0026041666666666665 0.009375
0 0.3125 0.2125 0.0026041666666666665 0.009375
0 0.36041666666666666 0.22135416666666666 0.0026041666666666665 0.009375
0 0.4109375 0.23177083333333334 0.0026041666666666665 0.009375
0 0.4640625 0.24166666666666667 0.0026041666666666665 0.009375
0 0.5083333333333333 0.25104166666666666 0.0026041666666666665 0.011979166666666667