0 0.9135416666666667 0.2786458333333333 0.011979166666666667 0.050520833333333334
0 0.6296875 0.4015625 0.0265625 0.09114583333333333
0 0.303125 0.2942708333333333 0.007291666666666667 0.021875
2 0.12135416666666667 0.30625 0.007291666666666667 0.019270833333333334
0 0.40520833333333334 0.696875 0.0578125 0.21875
2 0.40989583333333335 0.23072916666666668 0.0026041666666666665 0.014583333333333334
0 0.7619791666666667 0.31614583333333335 0.016666666666666666 0.0578125
2 0.38697916666666665 0.24375 0.0046875 0.011979166666666667
0 0.4625 0.225 0.0026041666666666665 0.014583333333333334
2 0.40520833333333334 0.23697916666666666 0.0046875 0.014583333333333334
2 0.32708333333333334 0.2682291666666667 0.0046875 0.019270833333333334
2 0.36041666666666666 0.25625 0.0046875 0.016666666666666666
0 0.37135416666666665 0.27395833333333336 0.0046875 0.019270833333333334
0 0.4348958333333333 0.22135416666666666 0.0026041666666666665 0.011979166666666667
0 0.10833333333333334 0.3307291666666667 0.007291666666666667 0.0265625
2 0.20572916666666666 0.29791666666666666 0.0046875 0.021875
2 0.053125 0.27760416666666665 0.0046875 0.016666666666666666
2 0.275 0.2838541666666667 0.007291666666666667 0.021875
0 0.21614583333333334 0.31354166666666666 0.0046875 0.0265625
0 0.459375 0.24375 0.0046875 0.014583333333333334
0 0.4734375 0.228125 0.0046875 0.014583333333333334
0 0.4505208333333333 0.22239583333333332 0.0026041666666666665 0.011979166666666667
0 0.4401041666666667 0.2526041666666667 0.0046875 0.016666666666666666
2 0.94375 0.18854166666666666 0.0046875 0.011979166666666667
0 0.24166666666666667 0.240625 0.0046875 0.011979166666666667
2 0.15989583333333332 0.25833333333333336 0.0026041666666666665 0.014583333333333334
0 0.4125 0.2630208333333333 0.0046875 0.016666666666666666
2 0.1046875 0.2682291666666667 0.0026041666666666665 0.014583333333333334
2 0.2078125 0.25 0.0046875 0.011979166666666667
2 0.390625 0.22708333333333333 0.0026041666666666665 0.011979166666666667
0 0.46875 0.23541666666666666 0.0026041666666666665 0.014583333333333334
0 0.19479166666666667 0.24895833333333334 0.0046875 0.011979166666666667
2 0.2546875 0.24270833333333333 0.0046875 0.011979166666666667
2 0.8833333333333333 0.19479166666666667 0.0046875 0.011979166666666667