0 0.28854166666666664 0.34010416666666665 0.014583333333333334 0.059895833333333336
2 0.6609375 0.3723958333333333 0.011979166666666667 0.04583333333333333
0 0.103125 0.40520833333333334 0.033854166666666664 0.103125
0 0.9072916666666667 0.3859375 0.007291666666666667 0.028645833333333332
2 0.5963541666666666 0.38229166666666664 0.014583333333333334 0.05520833333333333
0 0.42291666666666666 0.3234375 0.011979166666666667 0.043229166666666666
2 0.7729166666666667 0.38229166666666664 0.011979166666666667 0.040625
0 0.540625 0.32708333333333334 0.007291666666666667 0.033854166666666664
2 0.546875 0.4088541666666667 0.016666666666666666 0.071875
2 0.53125 0.4817708333333333 0.023958333333333335 0.10572916666666667
2 0.8411458333333334 0.3932291666666667 0.009375 0.040625
0 0.7765625 0.35833333333333334 0.0046875 0.028645833333333332
2 0.6489583333333333 0.6911458333333333 0.05520833333333333 0.19010416666666666
0 0.6609375 0.34010416666666665 0.007291666666666667 0.03125