2 0.19583333333333333 0.2296875 0.007291666666666667 0.023958333333333335
2 0.88125 0.29583333333333334 0.0046875 0.016666666666666666
2 0.10572916666666667 0.44947916666666665 0.040625 0.1296875
2 0.6296875 0.2609375 0.0046875 0.016666666666666666
2 0.9171875 0.31614583333333335 0.007291666666666667 0.021875
0 0.11770833333333333 0.21875 0.007291666666666667 0.023958333333333335
2 0.08177083333333333 0.23072916666666668 0.009375 0.028645833333333332
2 0.2234375 0.22708333333333333 0.0046875 0.023958333333333335
2 0.14895833333333333 0.2296875 0.007291666666666667 0.0265625
2 0.5791666666666667 0.2546875 0.0026041666666666665 0.016666666666666666
0 0.6130208333333333 0.25625 0.0026041666666666665 0.016666666666666666
0 0.65625 0.2609375 0.0046875 0.016666666666666666
2 0.790625 0.2765625 0.0046875 0.014583333333333334
2 0.3619791666666667 0.22135416666666666 0.0046875 0.014583333333333334
2 0.3932291666666667 0.22604166666666667 0.0046875 0.014583333333333334
2 0.24270833333333333 0.2234375 0.0046875 0.021875
0 0.14322916666666666 0.21770833333333334 0.0046875 0.023958333333333335
0 0.16354166666666667 0.21614583333333334 0.0046875 0.021875
2 0.765625 0.27291666666666664 0.0046875 0.014583333333333334
0 0.946875 0.30520833333333336 0.0046875 0.016666666666666666
0 0.303125 0.2125 0.0026041666666666665 0.011979166666666667
2 0.703125 0.26927083333333335 0.0046875 0.016666666666666666
2 0.4109375 0.61875 0.05520833333333333 0.19479166666666667
2 0.28229166666666666 0.2125 0.0046875 0.014583333333333334
2 0.8630208333333333 0.290625 0.0026041666666666665 0.014583333333333334
0 0.5854166666666667 0.2526041666666667 0.0026041666666666665 0.016666666666666666
2 0.3375 0.21875 0.0046875 0.014583333333333334
0 0.0828125 0.21875 0.0046875 0.023958333333333335
2 0.50625 0.24375 0.0026041666666666665 0.014583333333333334
0 0.9145833333333333 0.29791666666666666 0.0046875 0.014583333333333334
2 0.7333333333333333 0.2703125 0.0026041666666666665 0.014583333333333334
0 0.34739583333333335 0.21770833333333334 0.0026041666666666665 0.014583333333333334
2 0.8375 0.28489583333333335 0.0046875 0.014583333333333334
0 0.5588541666666667 0.24895833333333334 0.0026041666666666665 0.014583333333333334
0 0.5359375 0.24375 0.0026041666666666665 0.014583333333333334
0 0.6838541666666667 0.2609375 0.0026041666666666665 0.014583333333333334
0 0.634375 0.25833333333333336 0.0046875 0.016666666666666666
0 0.17447916666666666 0.21614583333333334 0.0046875 0.019270833333333334
2 0.8880208333333334 0.3078125 0.007291666666666667 0.019270833333333334
0 0.17916666666666667 0.21510416666666668 0.0046875 0.019270833333333334
2 0.25364583333333335 0.2234375 0.0026041666666666665 0.016666666666666666
0 0.6692708333333334 0.2609375 0.0026041666666666665 0.014583333333333334
0 0.22239583333333332 0.20677083333333332 0.0026041666666666665 0.014583333333333334
2 0.7234375 0.2703125 0.0046875 0.016666666666666666
2 0.8869791666666667 0.29791666666666666 0.0026041666666666665 0.016666666666666666
0 0.19375 0.20572916666666666 0.0026041666666666665 0.014583333333333334
2 0.24739583333333334 0.21614583333333334 0.0046875 0.016666666666666666
0 0.38958333333333334 0.22239583333333332 0.0026041666666666665 0.014583333333333334
2 0.42916666666666664 0.23072916666666668 0.0046875 0.014583333333333334
2 0.7427083333333333 0.26927083333333335 0.0046875 0.016666666666666666
0 0.834375 0.28229166666666666 0.0046875 0.014583333333333334
0 0.7875 0.275 0.0046875 0.014583333333333334
2 0.2630208333333333 0.21145833333333333 0.0026041666666666665 0.014583333333333334
0 0.2609375 0.209375 0.0026041666666666665 0.014583333333333334
2 0.30885416666666665 0.21510416666666668 0.0046875 0.014583333333333334
2 0.5385416666666667 0.24895833333333334 0.0026041666666666665 0.016666666666666666
2 0.8125 0.28125 0.0046875 0.014583333333333334
1 0.459375 0.23177083333333334 0.0046875 0.021875
0 0.7067708333333333 0.2630208333333333 0.0026041666666666665 0.014583333333333334
0 0.4244791666666667 0.22708333333333333 0.0026041666666666665 0.016666666666666666
2 0.671875 0.265625 0.0046875 0.016666666666666666
0 0.8776041666666666 0.28958333333333336 0.0026041666666666665 0.014583333333333334
1 0.490625 0.23333333333333334 0.0046875 0.021875
1 0.46510416666666665 0.23333333333333334 0.0046875 0.021875
1 0.49635416666666665 0.234375 0.0046875 0.021875
2 0.24270833333333333 0.2125 0.0046875 0.016666666666666666
2 0.4625 0.23697916666666666 0.0026041666666666665 0.014583333333333334
0 0.49270833333333336 0.2390625 0.0026041666666666665 0.014583333333333334
2 0.8723958333333334 0.3015625 0.0046875 0.019270833333333334
0 0.18125 0.2078125 0.0046875 0.016666666666666666
2 0.25104166666666666 0.21979166666666666 0.0046875 0.016666666666666666