0 0.93125 0.3411458333333333 0.007291666666666667 0.023958333333333335
0 0.8197916666666667 0.31979166666666664 0.0046875 0.023958333333333335
0 0.134375 0.2453125 0.009375 0.0359375
0 0.46145833333333336 0.2630208333333333 0.0046875 0.021875
0 0.27395833333333336 0.25 0.007291666666666667 0.028645833333333332
0 0.3859375 0.25625 0.007291666666666667 0.0265625
2 0.2140625 0.31145833333333334 0.016666666666666666 0.0578125
2 0.23541666666666666 0.41458333333333336 0.0265625 0.10104166666666667
2 0.6911458333333333 0.3098958333333333 0.007291666666666667 0.028645833333333332
2 0.8375 0.3375 0.007291666666666667 0.028645833333333332
2 0.2942708333333333 0.275 0.011979166666666667 0.040625
0 0.6239583333333333 0.2838541666666667 0.0046875 0.023958333333333335
0 0.540625 0.27291666666666664 0.0026041666666666665 0.021875
2 0.4125 0.271875 0.007291666666666667 0.028645833333333332
2 0.5145833333333333 0.759375 0.03125 0.17552083333333332
0 0.7140625 0.30052083333333335 0.0046875 0.023958333333333335
2 0.334375 0.2140625 0.0026041666666666665 0.011979166666666667
2 0.5442708333333334 0.2859375 0.007291666666666667 0.028645833333333332
2 0.5265625 0.240625 0.0026041666666666665 0.009375
2 0.28489583333333335 0.20052083333333334 0.0026041666666666665 0.0046875
2 0.571875 0.24166666666666667 0.0026041666666666665 0.009375
2 0.353125 0.21875 0.0026041666666666665 0.009375
2 0.5192708333333333 0.2296875 0.0026041666666666665 0.009375
2 0.30520833333333336 0.2140625 0.0026041666666666665 0.011979166666666667
0 0.28020833333333334 0.203125 0.0026041666666666665 0.007291666666666667
2 0.2703125 0.21041666666666667 0.0026041666666666665 0.011979166666666667
2 0.25 0.2140625 0.0046875 0.011979166666666667
2 0.24270833333333333 0.2078125 0.0026041666666666665 0.011979166666666667
2 0.30520833333333336 0.20208333333333334 0.0026041666666666665 0.007291666666666667
0 0.55625 0.22604166666666667 0.0026041666666666665 0.007291666666666667
0 0.328125 0.209375 0.0026041666666666665 0.007291666666666667
2 0.5458333333333333 0.23177083333333334 0.0026041666666666665 0.0046875
0 0.25364583333333335 0.203125 0.0026041666666666665 0.007291666666666667
2 0.25 0.20208333333333334 0.0026041666666666665 0.007291666666666667
2 0.34010416666666665 0.20677083333333332 0.0026041666666666665 0.007291666666666667
2 0.30052083333333335 0.21145833333333333 0.0026041666666666665 0.011979166666666667
2 0.35104166666666664 0.2078125 0.0026041666666666665 0.007291666666666667
2 0.5744791666666667 0.23177083333333334 0.0026041666666666665 0.007291666666666667