0 0.7536458333333333 0.37135416666666665 0.007291666666666667 0.0359375
0 0.11666666666666667 0.4265625 0.0359375 0.11302083333333333
0 0.4817708333333333 0.3390625 0.009375 0.04583333333333333
0 0.90625 0.40520833333333334 0.009375 0.0359375
2 0.81875 0.40625 0.011979166666666667 0.043229166666666666
0 0.615625 0.3484375 0.007291666666666667 0.03854166666666667
0 0.3307291666666667 0.35104166666666664 0.016666666666666666 0.0625
2 0.6083333333333333 0.3880208333333333 0.014583333333333334 0.05520833333333333
2 0.7057291666666666 0.38958333333333334 0.011979166666666667 0.04791666666666667
2 0.475 0.5036458333333333 0.0265625 0.11770833333333333
2 0.5229166666666667 0.4125 0.021875 0.07447916666666667