0 0.15260416666666668 0.615625 0.043229166666666666 0.13697916666666668
0 0.7895833333333333 0.4265625 0.009375 0.0359375
2 0.10572916666666667 0.4890625 0.023958333333333335 0.07447916666666667
2 0.3328125 0.49166666666666664 0.021875 0.071875
2 0.7453125 0.44947916666666665 0.011979166666666667 0.050520833333333334
2 0.5302083333333333 0.521875 0.023958333333333335 0.08177083333333333
2 0.6 0.4401041666666667 0.009375 0.04583333333333333
0 0.6223958333333334 0.4192708333333333 0.007291666666666667 0.033854166666666664
0 0.15885416666666666 0.4171875 0.009375 0.03854166666666667
2 0.12395833333333334 0.43854166666666666 0.014583333333333334 0.050520833333333334
0 0.31979166666666664 0.41458333333333336 0.007291666666666667 0.0359375
2 0.8942708333333333 0.46875 0.016666666666666666 0.059895833333333336
2 0.44583333333333336 0.4375 0.011979166666666667 0.04583333333333333
2 0.2921875 0.43645833333333334 0.011979166666666667 0.04583333333333333
2 0.7932291666666667 0.6223958333333334 0.03854166666666667 0.13229166666666667