0 0.49375 0.42552083333333335 0.014583333333333334 0.0359375
0 0.46041666666666664 0.459375 0.021875 0.050520833333333334
0 0.5671875 0.39895833333333336 0.009375 0.021875
0 0.34739583333333335 0.5864583333333333 0.059895833333333336 0.11041666666666666
0 0.6104166666666667 0.3932291666666667 0.007291666666666667 0.021875
0 0.53125 0.4088541666666667 0.011979166666666667 0.0265625
0 0.6536458333333334 0.384375 0.0046875 0.014583333333333334
0 0.6489583333333333 0.38958333333333334 0.007291666666666667 0.014583333333333334
2 0.8098958333333334 0.44114583333333335 0.019270833333333334 0.03854166666666667
2 0.7703125 0.415625 0.014583333333333334 0.028645833333333332
2 0.8739583333333333 0.41458333333333336 0.011979166666666667 0.028645833333333332
2 0.7546875 0.4015625 0.009375 0.021875
2 0.9125 0.4890625 0.0265625 0.059895833333333336
2 0.8510416666666667 0.40260416666666665 0.009375 0.023958333333333335
2 0.8234375 0.38333333333333336 0.007291666666666667 0.019270833333333334
2 0.8078125 0.390625 0.007291666666666667 0.019270833333333334
2 0.790625 0.39427083333333335 0.007291666666666667 0.021875
2 0.7859375 0.38697916666666665 0.007291666666666667 0.019270833333333334
2 0.7380208333333333 0.38229166666666664 0.007291666666666667 0.016666666666666666
2 0.8567708333333334 0.3953125 0.007291666666666667 0.019270833333333334