0 0.3723958333333333 0.5 0.019270833333333334 0.08645833333333333
0 0.4484375 0.38958333333333334 0.009375 0.040625
0 0.42552083333333335 0.42552083333333335 0.011979166666666667 0.053125
0 0.12864583333333332 0.7838541666666666 0.033854166666666664 0.1296875
2 0.6213541666666667 0.3880208333333333 0.007291666666666667 0.040625
2 0.7390625 0.3640625 0.009375 0.028645833333333332
0 0.68125 0.35208333333333336 0.007291666666666667 0.023958333333333335
0 0.5854166666666667 0.359375 0.007291666666666667 0.0265625
0 0.9385416666666667 0.35 0.007291666666666667 0.0265625
0 0.7958333333333333 0.3484375 0.007291666666666667 0.023958333333333335
2 0.6552083333333333 0.37135416666666665 0.007291666666666667 0.03125
0 0.5109375 0.3703125 0.007291666666666667 0.028645833333333332
2 0.8447916666666667 0.36041666666666666 0.007291666666666667 0.03125
2 0.6276041666666666 0.4192708333333333 0.014583333333333334 0.053125
2 0.6921875 0.4890625 0.023958333333333335 0.084375