0 0.44375 0.25833333333333336 0.007291666666666667 0.028645833333333332
0 0.4625 0.3640625 0.016666666666666666 0.07708333333333334
0 0.5239583333333333 0.23802083333333332 0.007291666666666667 0.0265625
0 0.8307291666666666 0.19947916666666668 0.009375 0.028645833333333332
0 0.38333333333333336 0.31875 0.011979166666666667 0.053125
2 0.5505208333333333 0.26458333333333334 0.009375 0.040625
0 0.4421875 0.546875 0.040625 0.15625
2 0.5661458333333333 0.25 0.007291666666666667 0.0359375
2 0.5744791666666667 0.27395833333333336 0.011979166666666667 0.043229166666666666
0 0.48333333333333334 0.41458333333333336 0.021875 0.10104166666666667
2 0.6598958333333333 0.228125 0.007291666666666667 0.03125
0 0.7223958333333333 0.209375 0.007291666666666667 0.0265625
0 0.3859375 0.28489583333333335 0.009375 0.03854166666666667
2 0.86875 0.34375 0.023958333333333335 0.0890625
2 0.7177083333333333 0.296875 0.014583333333333334 0.059895833333333336
2 0.6104166666666667 0.23802083333333332 0.007291666666666667 0.03125
0 0.6203125 0.22135416666666666 0.007291666666666667 0.023958333333333335
2 0.9375 0.20677083333333332 0.011979166666666667 0.0359375
2 0.8317708333333333 0.2125 0.007291666666666667 0.03125
2 0.734375 0.22135416666666666 0.009375 0.03125
0 0.2546875 0.7838541666666666 0.03125 0.12760416666666666