2 0.4796875 0.35833333333333334 0.011979166666666667 0.0578125
0 0.25625 0.30520833333333336 0.011979166666666667 0.04583333333333333
2 0.4796875 0.4015625 0.016666666666666666 0.07447916666666667
0 0.15520833333333334 0.2609375 0.009375 0.0359375
0 0.23802083333333332 0.32083333333333336 0.014583333333333334 0.0578125
0 0.20572916666666666 0.27291666666666664 0.009375 0.03854166666666667
0 0.23541666666666666 0.2859375 0.009375 0.043229166666666666
2 0.49166666666666664 0.5192708333333333 0.028645833333333332 0.12760416666666666
2 0.3234375 0.27395833333333336 0.007291666666666667 0.028645833333333332
0 0.09114583333333333 0.24739583333333334 0.009375 0.0359375
2 0.25 0.25729166666666664 0.007291666666666667 0.028645833333333332
2 0.3880208333333333 0.29583333333333334 0.009375 0.033854166666666664
2 0.3171875 0.23333333333333334 0.0026041666666666665 0.016666666666666666
2 0.80625 0.31145833333333334 0.0026041666666666665 0.011979166666666667
2 0.8307291666666666 0.31614583333333335 0.0026041666666666665 0.009375
2 0.14166666666666666 0.21041666666666667 0.0026041666666666665 0.016666666666666666
0 0.171875 0.3463541666666667 0.019270833333333334 0.071875
0 0.2786458333333333 0.225 0.0026041666666666665 0.014583333333333334
2 0.05416666666666667 0.225 0.007291666666666667 0.028645833333333332
2 0.9182291666666667 0.353125 0.0026041666666666665 0.016666666666666666
2 0.165625 0.24270833333333333 0.007291666666666667 0.028645833333333332
2 0.8567708333333334 0.33177083333333335 0.0026041666666666665 0.016666666666666666
0 0.2526041666666667 0.22239583333333332 0.0046875 0.014583333333333334
2 0.459375 0.3307291666666667 0.009375 0.04583333333333333
2 0.28229166666666666 0.23072916666666668 0.0046875 0.016666666666666666
0 0.0515625 0.19583333333333333 0.0046875 0.019270833333333334
2 0.34479166666666666 0.23541666666666666 0.0026041666666666665 0.014583333333333334
2 0.09270833333333334 0.20572916666666666 0.0026041666666666665 0.016666666666666666
2 0.8484375 0.31979166666666664 0.0046875 0.009375
2 0.178125 0.21510416666666668 0.0046875 0.016666666666666666
2 0.8833333333333333 0.32916666666666666 0.0026041666666666665 0.011979166666666667
2 0.2390625 0.225 0.0046875 0.016666666666666666
0 0.7942708333333334 0.30625 0.0026041666666666665 0.009375
2 0.6682291666666667 0.28854166666666664 0.0026041666666666665 0.011979166666666667
0 0.9375 0.34010416666666665 0.0026041666666666665 0.011979166666666667
0 0.9328125 0.3463541666666667 0.0026041666666666665 0.014583333333333334
2 0.7041666666666667 0.2942708333333333 0.0026041666666666665 0.011979166666666667
2 0.865625 0.33645833333333336 0.0046875 0.014583333333333334
2 0.8880208333333334 0.34375 0.0046875 0.016666666666666666
0 0.19114583333333332 0.2140625 0.0026041666666666665 0.014583333333333334
2 0.6276041666666666 0.28020833333333334 0.0026041666666666665 0.009375
2 0.36302083333333335 0.23802083333333332 0.0026041666666666665 0.014583333333333334
0 0.2296875 0.21979166666666666 0.0046875 0.016666666666666666
0 0.68125 0.28854166666666664 0.0026041666666666665 0.011979166666666667
0 0.29791666666666666 0.22708333333333333 0.0026041666666666665 0.014583333333333334
2 0.75625 0.303125 0.0026041666666666665 0.011979166666666667
0 0.12395833333333334 0.20416666666666666 0.0026041666666666665 0.016666666666666666
0 0.61875 0.2765625 0.0026041666666666665 0.009375
0 0.8760416666666667 0.3234375 0.0026041666666666665 0.009375
2 0.734375 0.30052083333333335 0.0026041666666666665 0.009375
0 0.6625 0.2838541666666667 0.0026041666666666665 0.011979166666666667
2 0.8677083333333333 0.32447916666666665 0.0026041666666666665 0.011979166666666667
2 0.890625 0.3328125 0.0026041666666666665 0.014583333333333334
0 0.9098958333333333 0.3328125 0.0026041666666666665 0.014583333333333334
0 0.7020833333333333 0.2921875 0.0026041666666666665 0.009375
2 0.7848958333333333 0.30625 0.0026041666666666665 0.009375
0 0.6395833333333333 0.28020833333333334 0.0026041666666666665 0.009375
2 0.375 0.2390625 0.0026041666666666665 0.011979166666666667
0 0.3125 0.2296875 0.0026041666666666665 0.014583333333333334
0 0.834375 0.31614583333333335 0.0026041666666666665 0.009375
0 0.3307291666666667 0.228125 0.0026041666666666665 0.011979166666666667
2 0.7729166666666667 0.30520833333333336 0.0026041666666666665 0.009375
2 0.7546875 0.8234375 0.019270833333333334 0.04791666666666667
0 0.32447916666666665 0.2296875 0.0026041666666666665 0.014583333333333334
0 0.334375 0.22708333333333333 0.0026041666666666665 0.014583333333333334
0 0.7317708333333334 0.29583333333333334 0.0026041666666666665 0.007291666666666667
2 0.3932291666666667 0.23333333333333334 0.0026041666666666665 0.007291666666666667
0 0.34270833333333334 0.225 0.0026041666666666665 0.009375
2 0.38125 0.234375 0.0026041666666666665 0.009375
2 0.5973958333333333 0.27291666666666664 0.0026041666666666665 0.009375
0 0.7151041666666667 0.2921875 0.0026041666666666665 0.011979166666666667
2 0.8932291666666666 0.33177083333333335 0.0026041666666666665 0.011979166666666667
0 0.9348958333333334 0.3463541666666667 0.0026041666666666665 0.014583333333333334
1 0.5395833333333333 0.25729166666666664 0.0026041666666666665 0.016666666666666666
1 0.5442708333333334 0.259375 0.0026041666666666665 0.016666666666666666
1 0.56875 0.2609375 0.0026041666666666665 0.016666666666666666
1 0.571875 0.26197916666666665 0.0026041666666666665 0.016666666666666666
2 0.5744791666666667 0.26927083333333335 0.0026041666666666665 0.009375
0 0.5697916666666667 0.26458333333333334 0.0026041666666666665 0.011979166666666667
2 0.5421875 0.2609375 0.0026041666666666665 0.009375
2 0.40729166666666666 0.234375 0.0026041666666666665 0.009375
2 0.428125 0.23802083333333332 0.0026041666666666665 0.009375
2 0.45208333333333334 0.24166666666666667 0.0026041666666666665 0.009375
2 0.46979166666666666 0.2453125 0.0026041666666666665 0.009375
2 0.49270833333333336 0.25 0.0026041666666666665 0.009375
2 0.5182291666666666 0.25625 0.0026041666666666665 0.009375
0 0.459375 0.24270833333333333 0.0026041666666666665 0.009375
0 0.9375 0.35104166666666664 0.0046875 0.011979166666666667