0 0.32916666666666666 0.4015625 0.009375 0.040625
0 0.24895833333333334 0.42083333333333334 0.011979166666666667 0.050520833333333334
0 0.2234375 0.45677083333333335 0.019270833333333334 0.06979166666666667
0 0.271875 0.3859375 0.009375 0.0359375
0 0.1921875 0.553125 0.03125 0.11770833333333333
2 0.9265625 0.40625 0.0046875 0.019270833333333334
2 0.5083333333333333 0.36770833333333336 0.0046875 0.021875
0 0.8989583333333333 0.40520833333333334 0.0046875 0.021875
2 0.5385416666666667 0.39427083333333335 0.007291666666666667 0.033854166666666664
2 0.86875 0.39895833333333336 0.0046875 0.019270833333333334
2 0.6635416666666667 0.4088541666666667 0.009375 0.03854166666666667
2 0.6526041666666667 0.37395833333333334 0.0026041666666666665 0.019270833333333334
2 0.46979166666666666 0.4015625 0.007291666666666667 0.03854166666666667
2 0.41354166666666664 0.38697916666666665 0.009375 0.033854166666666664
0 0.5807291666666666 0.37604166666666666 0.0026041666666666665 0.0265625
0 0.7317708333333334 0.4 0.007291666666666667 0.033854166666666664
2 0.8604166666666667 0.42916666666666664 0.011979166666666667 0.043229166666666666
2 0.3953125 0.35833333333333334 0.0046875 0.019270833333333334
2 0.9364583333333333 0.40520833333333334 0.0026041666666666665 0.016666666666666666
2 0.36302083333333335 0.3619791666666667 0.0046875 0.021875
0 0.240625 0.37135416666666665 0.007291666666666667 0.028645833333333332
2 0.8015625 0.38958333333333334 0.0046875 0.019270833333333334
0 0.6479166666666667 0.38958333333333334 0.007291666666666667 0.028645833333333332
2 0.4661458333333333 0.37604166666666666 0.007291666666666667 0.0265625
2 0.3546875 0.375 0.007291666666666667 0.028645833333333332
0 0.33645833333333336 0.35208333333333336 0.0046875 0.019270833333333334
0 0.8375 0.39895833333333336 0.0046875 0.023958333333333335
2 0.5984375 0.3703125 0.0046875 0.019270833333333334
2 0.5864583333333333 0.36666666666666664 0.0026041666666666665 0.016666666666666666
0 0.6911458333333333 0.38333333333333336 0.0046875 0.021875
2 0.5 0.46041666666666664 0.019270833333333334 0.0625
2 0.7114583333333333 0.3796875 0.0046875 0.019270833333333334
2 0.4734375 0.42916666666666664 0.011979166666666667 0.04791666666666667
0 0.7838541666666666 0.384375 0.0046875 0.016666666666666666
2 0.5229166666666667 0.36041666666666666 0.0026041666666666665 0.016666666666666666
2 0.7645833333333333 0.38958333333333334 0.0026041666666666665 0.019270833333333334
2 0.8427083333333333 0.39427083333333335 0.0026041666666666665 0.016666666666666666
2 0.546875 0.36770833333333336 0.0046875 0.019270833333333334
2 0.43385416666666665 0.3567708333333333 0.0046875 0.019270833333333334
0 0.609375 0.37604166666666666 0.007291666666666667 0.021875
2 0.48802083333333335 0.38333333333333336 0.007291666666666667 0.028645833333333332
0 0.38958333333333334 0.35104166666666664 0.0046875 0.016666666666666666
2 0.6984375 0.38229166666666664 0.0046875 0.019270833333333334
0 0.6276041666666666 0.36875 0.0046875 0.016666666666666666
2 0.8078125 0.39166666666666666 0.0046875 0.019270833333333334
2 0.8822916666666667 0.39791666666666664 0.0046875 0.016666666666666666
0 0.8208333333333333 0.40989583333333335 0.009375 0.033854166666666664
0 0.55625 0.36041666666666666 0.0026041666666666665 0.016666666666666666
2 0.6286458333333333 0.5458333333333333 0.028645833333333332 0.0984375
0 0.578125 0.38125 0.007291666666666667 0.0265625
2 0.7583333333333333 0.3859375 0.0046875 0.016666666666666666
0 0.24895833333333334 0.36041666666666666 0.007291666666666667 0.023958333333333335
0 0.2859375 0.3546875 0.0046875 0.019270833333333334
2 0.35833333333333334 0.36770833333333336 0.0046875 0.023958333333333335
2 0.47604166666666664 0.37135416666666665 0.007291666666666667 0.023958333333333335
2 0.46875 0.3567708333333333 0.0046875 0.016666666666666666
0 0.49270833333333336 0.3546875 0.0046875 0.016666666666666666
0 0.7682291666666666 0.39166666666666666 0.0046875 0.023958333333333335
0 0.8307291666666666 0.38958333333333334 0.0046875 0.016666666666666666
0 0.7333333333333333 0.38125 0.0026041666666666665 0.014583333333333334
0 0.8932291666666666 0.3932291666666667 0.0046875 0.016666666666666666
0 0.9494791666666667 0.39895833333333336 0.0026041666666666665 0.016666666666666666