2 0.1296875 0.3125 0.016666666666666666 0.06510416666666667
0 0.7223958333333333 0.3015625 0.009375 0.0265625
0 0.8151041666666666 0.31614583333333335 0.007291666666666667 0.023958333333333335
0 0.7729166666666667 0.31145833333333334 0.007291666666666667 0.023958333333333335
2 0.4244791666666667 0.2630208333333333 0.007291666666666667 0.028645833333333332
0 0.8463541666666666 0.31875 0.007291666666666667 0.023958333333333335
2 0.20208333333333334 0.35208333333333336 0.019270833333333334 0.07447916666666667
2 0.271875 0.24375 0.007291666666666667 0.028645833333333332
0 0.25729166666666664 0.23177083333333334 0.007291666666666667 0.021875
2 0.334375 0.25 0.007291666666666667 0.0265625
2 0.2786458333333333 0.4036458333333333 0.021875 0.09635416666666667
0 0.8869791666666667 0.30416666666666664 0.0026041666666666665 0.014583333333333334
0 0.8208333333333333 0.296875 0.0046875 0.016666666666666666
2 0.084375 0.240625 0.009375 0.0359375
2 0.9 0.3411458333333333 0.007291666666666667 0.028645833333333332
2 0.5302083333333333 0.28125 0.007291666666666667 0.0265625
2 0.05520833333333333 0.2703125 0.011979166666666667 0.04791666666666667
0 0.15364583333333334 0.2234375 0.0046875 0.023958333333333335
2 0.44114583333333335 0.5145833333333333 0.0359375 0.134375
2 0.8953125 0.3125 0.0046875 0.016666666666666666
0 0.5375 0.271875 0.007291666666666667 0.021875
0 0.446875 0.25625 0.007291666666666667 0.023958333333333335
2 0.8317708333333333 0.33177083333333335 0.007291666666666667 0.028645833333333332
2 0.19947916666666668 0.23802083333333332 0.007291666666666667 0.028645833333333332
0 0.35572916666666665 0.24270833333333333 0.007291666666666667 0.023958333333333335
2 0.13229166666666667 0.23802083333333332 0.009375 0.03125
2 0.75 0.3171875 0.007291666666666667 0.028645833333333332
0 0.828125 0.303125 0.0046875 0.016666666666666666
2 0.9484375 0.32916666666666666 0.0046875 0.016666666666666666
2 0.9036458333333334 0.3151041666666667 0.0046875 0.016666666666666666
2 0.90625 0.3125 0.0046875 0.016666666666666666
2 0.9338541666666667 0.3151041666666667 0.0026041666666666665 0.016666666666666666
2 0.0578125 0.25 0.009375 0.040625
2 0.6286458333333333 0.29791666666666666 0.007291666666666667 0.0265625
2 0.771875 0.7692708333333333 0.03125 0.15885416666666666
1 0.6130208333333333 0.2765625 0.007291666666666667 0.03854166666666667
1 0.6177083333333333 0.2875 0.007291666666666667 0.04583333333333333
0 0.6223958333333334 0.28229166666666666 0.0046875 0.0265625
1 0.6296875 0.2786458333333333 0.007291666666666667 0.03854166666666667
1 0.6395833333333333 0.290625 0.007291666666666667 0.04583333333333333
0 0.865625 0.31614583333333335 0.0046875 0.019270833333333334
0 0.8604166666666667 0.32083333333333336 0.007291666666666667 0.016666666666666666
0 0.84375 0.29791666666666666 0.0046875 0.014583333333333334
0 0.859375 0.3125 0.0046875 0.019270833333333334
0 0.9494791666666667 0.31614583333333335 0.0026041666666666665 0.016666666666666666