2 0.5359375 0.43645833333333334 0.023958333333333335 0.084375
0 0.27760416666666665 0.3546875 0.014583333333333334 0.0578125
0 0.11302083333333333 0.4015625 0.028645833333333332 0.0890625
0 0.5791666666666667 0.3255208333333333 0.007291666666666667 0.03125
0 0.6515625 0.328125 0.007291666666666667 0.028645833333333332
2 0.6526041666666667 0.38333333333333336 0.014583333333333334 0.053125
0 0.490625 0.328125 0.009375 0.03854166666666667
2 0.7979166666666667 0.35572916666666665 0.007291666666666667 0.028645833333333332
0 0.7114583333333333 0.328125 0.007291666666666667 0.023958333333333335
2 0.7317708333333334 0.36770833333333336 0.009375 0.040625
0 0.8364583333333333 0.33645833333333336 0.0046875 0.021875
0 0.38229166666666664 0.33177083333333335 0.011979166666666667 0.04583333333333333
2 0.8427083333333333 0.35104166666666664 0.007291666666666667 0.0265625
0 0.9052083333333333 0.34739583333333335 0.007291666666666667 0.021875
2 0.6901041666666666 0.25833333333333336 0.0026041666666666665 0.011979166666666667
0 0.6239583333333333 0.25364583333333335 0.0026041666666666665 0.011979166666666667
0 0.8640625 0.28854166666666664 0.0026041666666666665 0.011979166666666667
2 0.6526041666666667 0.2526041666666667 0.0026041666666666665 0.011979166666666667
2 0.8953125 0.3546875 0.007291666666666667 0.0265625
2 0.5286458333333334 0.7234375 0.059895833333333336 0.21614583333333334
0 0.7692708333333333 0.32916666666666666 0.007291666666666667 0.023958333333333335
0 0.7583333333333333 0.271875 0.0046875 0.011979166666666667
0 0.7958333333333333 0.2765625 0.0026041666666666665 0.009375
2 0.615625 0.2453125 0.0026041666666666665 0.011979166666666667
0 0.9 0.2942708333333333 0.0026041666666666665 0.014583333333333334
2 0.8005208333333333 0.27291666666666664 0.0026041666666666665 0.009375
2 0.9385416666666667 0.29583333333333334 0.0026041666666666665 0.009375
0 0.94375 0.29583333333333334 0.0026041666666666665 0.007291666666666667
2 0.9072916666666667 0.2921875 0.0026041666666666665 0.011979166666666667
0 0.8317708333333333 0.28125 0.0026041666666666665 0.011979166666666667
0 0.6765625 0.26197916666666665 0.0026041666666666665 0.011979166666666667
2 0.75625 0.26666666666666666 0.0026041666666666665 0.011979166666666667
0 0.9411458333333333 0.3015625 0.0026041666666666665 0.011979166666666667
2 0.7369791666666666 0.259375 0.0026041666666666665 0.007291666666666667
2 0.8932291666666666 0.28489583333333335 0.0026041666666666665 0.009375
0 0.9036458333333334 0.28854166666666664 0.0026041666666666665 0.009375
2 0.7057291666666666 0.2546875 0.0026041666666666665 0.009375
2 0.7619791666666667 0.2630208333333333 0.0026041666666666665 0.009375
2 0.8484375 0.27760416666666665 0.0026041666666666665 0.007291666666666667
2 0.7234375 0.26197916666666665 0.0026041666666666665 0.011979166666666667
0 0.725 0.26927083333333335 0.0026041666666666665 0.014583333333333334
0 0.55625 0.23802083333333332 0.0026041666666666665 0.011979166666666667
2 0.8510416666666667 0.28229166666666666 0.0026041666666666665 0.009375
2 0.7932291666666667 0.2703125 0.0026041666666666665 0.007291666666666667
0 0.5864583333333333 0.2453125 0.0026041666666666665 0.011979166666666667
0 0.5395833333333333 0.23333333333333334 0.0026041666666666665 0.009375
0 0.5359375 0.23333333333333334 0.0026041666666666665 0.009375
0 0.5276041666666667 0.23333333333333334 0.0026041666666666665 0.009375
0 0.525 0.23333333333333334 0.0026041666666666665 0.007291666666666667
0 0.5588541666666667 0.234375 0.0026041666666666665 0.007291666666666667
0 0.5828125 0.234375 0.0026041666666666665 0.009375
0 0.8234375 0.27291666666666664 0.0026041666666666665 0.007291666666666667
2 0.8208333333333333 0.27395833333333336 0.0026041666666666665 0.009375
0 0.8604166666666667 0.2786458333333333 0.0026041666666666665 0.009375
0 0.696875 0.25104166666666666 0.0026041666666666665 0.007291666666666667
0 0.6765625 0.24739583333333334 0.0026041666666666665 0.009375
2 0.6692708333333334 0.25 0.0026041666666666665 0.009375
0 0.65625 0.24635416666666668 0.0026041666666666665 0.007291666666666667
2 0.6322916666666667 0.2453125 0.0026041666666666665 0.007291666666666667
0 0.61875 0.240625 0.0026041666666666665 0.007291666666666667
2 0.6046875 0.24166666666666667 0.0026041666666666665 0.009375
2 0.5875 0.24166666666666667 0.0026041666666666665 0.009375
2 0.5807291666666666 0.240625 0.0026041666666666665 0.007291666666666667
2 0.56875 0.2390625 0.0026041666666666665 0.007291666666666667
2 0.5671875 0.2390625 0.0026041666666666665 0.007291666666666667
0 0.790625 0.26666666666666666 0.0026041666666666665 0.007291666666666667