2 0.8473958333333333 0.4244791666666667 0.019270833333333334 0.0625
0 0.6911458333333333 0.365625 0.011979166666666667 0.04791666666666667
2 0.7729166666666667 0.453125 0.019270833333333334 0.07916666666666666
2 0.771875 0.5598958333333334 0.03125 0.12760416666666666
0 0.8401041666666667 0.37604166666666666 0.009375 0.040625
0 0.4109375 0.446875 0.023958333333333335 0.103125
1 0.34739583333333335 0.37395833333333334 0.019270833333333334 0.07708333333333334
1 0.1046875 0.2875 0.014583333333333334 0.053125
1 0.0578125 0.3703125 0.016666666666666666 0.0890625
1 0.20416666666666666 0.2390625 0.007291666666666667 0.028645833333333332
1 0.134375 0.23333333333333334 0.007291666666666667 0.028645833333333332
1 0.2526041666666667 0.2630208333333333 0.009375 0.0359375
1 0.28229166666666666 0.29791666666666666 0.011979166666666667 0.04583333333333333
0 0.5541666666666667 0.3796875 0.014583333333333334 0.0625
1 0.12395833333333334 0.2526041666666667 0.009375 0.03854166666666667
1 0.234375 0.24375 0.007291666666666667 0.0265625
1 0.17083333333333334 0.23697916666666666 0.007291666666666667 0.028645833333333332