2 0.2234375 0.3098958333333333 0.014583333333333334 0.0578125
0 0.8989583333333333 0.4505208333333333 0.019270833333333334 0.071875
0 0.8713541666666667 0.36875 0.009375 0.03854166666666667
0 0.7895833333333333 0.33541666666666664 0.007291666666666667 0.028645833333333332
0 0.26666666666666666 0.4171875 0.028645833333333332 0.10104166666666667
2 0.75 0.365625 0.011979166666666667 0.04583333333333333
2 0.35833333333333334 0.25729166666666664 0.007291666666666667 0.023958333333333335
0 0.6130208333333333 0.28958333333333336 0.0046875 0.021875
2 0.509375 0.27760416666666665 0.007291666666666667 0.023958333333333335
0 0.928125 0.4088541666666667 0.011979166666666667 0.050520833333333334
2 0.646875 0.30625 0.007291666666666667 0.0265625
0 0.32708333333333334 0.24635416666666668 0.007291666666666667 0.023958333333333335
2 0.6984375 0.3796875 0.011979166666666667 0.0578125
2 0.5817708333333333 0.290625 0.0046875 0.023958333333333335
0 0.6598958333333333 0.4734375 0.0265625 0.10104166666666667
2 0.28958333333333336 0.25364583333333335 0.007291666666666667 0.028645833333333332
2 0.5552083333333333 0.3776041666666667 0.016666666666666666 0.06510416666666667
2 0.228125 0.2546875 0.007291666666666667 0.03125
0 0.5203125 0.271875 0.0046875 0.021875
2 0.74375 0.3463541666666667 0.007291666666666667 0.03854166666666667
0 0.14895833333333333 0.2390625 0.007291666666666667 0.03125
0 0.7005208333333334 0.3098958333333333 0.0046875 0.023958333333333335
2 0.7041666666666667 0.3255208333333333 0.007291666666666667 0.028645833333333332
2 0.36041666666666666 0.34739583333333335 0.016666666666666666 0.0625
1 0.1359375 0.22135416666666666 0.0046875 0.023958333333333335
0 0.4244791666666667 0.25729166666666664 0.0046875 0.021875
1 0.42083333333333334 0.65625 0.053125 0.20677083333333332
1 0.0828125 0.20052083333333334 0.0026041666666666665 0.016666666666666666
0 0.23541666666666666 0.2390625 0.007291666666666667 0.028645833333333332
1 0.058854166666666666 0.1984375 0.0046875 0.016666666666666666
1 0.17083333333333334 0.2609375 0.009375 0.0671875
1 0.053125 0.203125 0.0046875 0.019270833333333334
1 0.10572916666666667 0.203125 0.0046875 0.016666666666666666
1 0.1296875 0.21145833333333333 0.0026041666666666665 0.019270833333333334
1 0.125 0.20416666666666666 0.0046875 0.016666666666666666
2 0.43385416666666665 0.26666666666666666 0.007291666666666667 0.023958333333333335
1 0.14322916666666666 0.23333333333333334 0.0046875 0.0265625
1 0.1828125 0.27291666666666664 0.014583333333333334 0.07916666666666666
2 0.18645833333333334 0.2609375 0.0046875 0.03854166666666667
2 0.171875 0.28020833333333334 0.007291666666666667 0.04583333333333333