0 0.353125 0.5359375 0.016666666666666666 0.0265625
0 0.359375 0.5203125 0.011979166666666667 0.019270833333333334
0 0.459375 0.5770833333333333 0.023958333333333335 0.043229166666666666
0 0.44479166666666664 0.5145833333333333 0.009375 0.014583333333333334
0 0.5338541666666666 0.5130208333333334 0.007291666666666667 0.011979166666666667
0 0.6140625 0.515625 0.009375 0.011979166666666667
0 0.6947916666666667 0.5192708333333333 0.009375 0.014583333333333334
0 0.7994791666666666 0.525 0.009375 0.016666666666666666
2 0.28125 0.6416666666666667 0.04791666666666667 0.071875
2 0.625 0.55625 0.023958333333333335 0.033854166666666664
2 0.9338541666666667 0.55625 0.023958333333333335 0.028645833333333332
1 0.46770833333333334 0.728125 0.07447916666666667 0.11041666666666666
1 0.6296875 0.571875 0.023958333333333335 0.03854166666666667
1 0.740625 0.5515625 0.019270833333333334 0.028645833333333332