0 0.734375 0.3255208333333333 0.021875 0.07916666666666666
0 0.7822916666666667 0.2703125 0.011979166666666667 0.05520833333333333
0 0.8234375 0.21614583333333334 0.009375 0.0359375
0 0.8088541666666667 0.234375 0.011979166666666667 0.043229166666666666
0 0.8411458333333334 0.19947916666666668 0.007291666666666667 0.028645833333333332
0 0.8723958333333334 0.18125 0.007291666666666667 0.021875
0 0.615625 0.47604166666666664 0.03854166666666667 0.14427083333333332
1 0.6416666666666667 0.396875 0.03854166666666667 0.196875
0 0.8604166666666667 0.19010416666666666 0.007291666666666667 0.0265625
1 0.5770833333333333 0.4713541666666667 0.05520833333333333 0.2546875
0 0.8786458333333333 0.171875 0.0046875 0.019270833333333334
0 0.9171875 0.165625 0.0046875 0.016666666666666666
0 0.33645833333333336 0.75625 0.033854166666666664 0.18489583333333334
0 0.8979166666666667 0.16822916666666668 0.0046875 0.019270833333333334