0 0.8197916666666667 0.26927083333333335 0.011979166666666667 0.050520833333333334
0 0.865625 0.2140625 0.007291666666666667 0.028645833333333332
0 0.7536458333333333 0.34739583333333335 0.023958333333333335 0.084375
0 0.8484375 0.23541666666666666 0.009375 0.0359375
0 0.509375 0.6479166666666667 0.059895833333333336 0.2140625
0 0.8776041666666666 0.20208333333333334 0.007291666666666667 0.023958333333333335
1 0.890625 0.17916666666666667 0.007291666666666667 0.028645833333333332
1 0.8953125 0.18020833333333333 0.0046875 0.016666666666666666
1 0.8989583333333333 0.1765625 0.0046875 0.016666666666666666
0 0.884375 0.1921875 0.0046875 0.019270833333333334
1 0.9015625 0.171875 0.0046875 0.014583333333333334
1 0.9036458333333334 0.17083333333333334 0.0026041666666666665 0.014583333333333334
1 0.9052083333333333 0.1671875 0.0026041666666666665 0.014583333333333334
1 0.9072916666666667 0.16458333333333333 0.0026041666666666665 0.011979166666666667
1 0.8932291666666666 0.178125 0.0046875 0.028645833333333332