0 0.3859375 0.33177083333333335 0.014583333333333334 0.0578125
0 0.17552083333333332 0.3375 0.011979166666666667 0.04583333333333333
0 0.46979166666666666 0.3567708333333333 0.021875 0.071875
0 0.28854166666666664 0.32708333333333334 0.011979166666666667 0.04791666666666667
0 0.5203125 0.43125 0.0265625 0.10833333333333334
2 0.6526041666666667 0.3098958333333333 0.019270833333333334 0.059895833333333336
2 0.23697916666666666 0.3078125 0.011979166666666667 0.033854166666666664
2 0.5072916666666667 0.2921875 0.014583333333333334 0.04583333333333333
0 0.4734375 0.6296875 0.050520833333333334 0.196875
2 0.37395833333333334 0.2942708333333333 0.011979166666666667 0.03854166666666667
2 0.08072916666666667 0.334375 0.014583333333333334 0.0359375
2 0.8364583333333333 0.3796875 0.028645833333333332 0.0984375
1 0.07708333333333334 0.3125 0.007291666666666667 0.028645833333333332