0 0.259375 0.5661458333333333 0.023958333333333335 0.03854166666666667
0 0.2140625 0.5322916666666667 0.014583333333333334 0.023958333333333335
0 0.3796875 0.5119791666666667 0.009375 0.014583333333333334
0 0.49166666666666664 0.5166666666666667 0.009375 0.016666666666666666
0 0.6432291666666666 0.5229166666666667 0.011979166666666667 0.016666666666666666
0 0.740625 0.5375 0.011979166666666667 0.021875
0 0.74375 0.5494791666666666 0.016666666666666666 0.0265625
0 0.8255208333333334 0.5375 0.011979166666666667 0.019270833333333334
0 0.8979166666666667 0.6057291666666667 0.033854166666666664 0.050520833333333334
2 0.50625 0.7005208333333334 0.05520833333333333 0.103125
2 0.2765625 0.5109375 0.009375 0.016666666666666666
2 0.3015625 0.5192708333333333 0.011979166666666667 0.019270833333333334
2 0.3880208333333333 0.5375 0.014583333333333334 0.023958333333333335
2 0.43645833333333334 0.5083333333333333 0.007291666666666667 0.011979166666666667
2 0.5432291666666667 0.5145833333333333 0.007291666666666667 0.014583333333333334
2 0.5927083333333333 0.5552083333333333 0.019270833333333334 0.033854166666666664
2 0.6526041666666667 0.5265625 0.011979166666666667 0.019270833333333334
2 0.7078125 0.5265625 0.009375 0.019270833333333334
1 0.4015625 0.5072916666666667 0.007291666666666667 0.011979166666666667
1 0.44114583333333335 0.5192708333333333 0.011979166666666667 0.016666666666666666
1 0.5578125 0.5265625 0.011979166666666667 0.019270833333333334
1 0.5734375 0.515625 0.007291666666666667 0.014583333333333334
1 0.6166666666666667 0.5359375 0.011979166666666667 0.021875
1 0.7895833333333333 0.5541666666666667 0.016666666666666666 0.028645833333333332
1 0.8484375 0.5322916666666667 0.011979166666666667 0.019270833333333334