0 0.30052083333333335 0.353125 0.016666666666666666 0.0625
2 0.5083333333333333 0.42291666666666666 0.021875 0.07916666666666666
2 0.6010416666666667 0.39427083333333335 0.016666666666666666 0.059895833333333336
1 0.7692708333333333 0.36875 0.011979166666666667 0.0578125
0 0.4557291666666667 0.34270833333333334 0.011979166666666667 0.04791666666666667
2 0.703125 0.3953125 0.014583333333333334 0.053125
0 0.6572916666666667 0.35572916666666665 0.007291666666666667 0.03854166666666667
0 0.49166666666666664 0.30416666666666664 0.007291666666666667 0.0265625
2 0.453125 0.5286458333333334 0.03125 0.13229166666666667
0 0.546875 0.32447916666666665 0.007291666666666667 0.033854166666666664
1 0.2942708333333333 0.3098958333333333 0.009375 0.04583333333333333
2 0.39427083333333335 0.275 0.0046875 0.023958333333333335
2 0.9192708333333334 0.38229166666666664 0.007291666666666667 0.023958333333333335
1 0.12760416666666666 0.275 0.011979166666666667 0.04791666666666667
0 0.8760416666666667 0.390625 0.007291666666666667 0.028645833333333332
2 0.8171875 0.4125 0.014583333333333334 0.04791666666666667
2 0.39791666666666664 0.28958333333333336 0.007291666666666667 0.028645833333333332
2 0.6104166666666667 0.30052083333333335 0.0026041666666666665 0.019270833333333334
1 0.7932291666666667 0.39427083333333335 0.016666666666666666 0.07447916666666667
1 0.3328125 0.2942708333333333 0.009375 0.03854166666666667
2 0.540625 0.2875 0.0046875 0.016666666666666666
0 0.5265625 0.2921875 0.0046875 0.019270833333333334
1 0.7296875 0.36041666666666666 0.011979166666666667 0.059895833333333336
2 0.7583333333333333 0.33541666666666664 0.0046875 0.019270833333333334
2 0.428125 0.27291666666666664 0.0046875 0.021875
0 0.7979166666666667 0.35208333333333336 0.0026041666666666665 0.021875
1 0.19583333333333333 0.265625 0.009375 0.0359375
2 0.4640625 0.31875 0.009375 0.040625
0 0.571875 0.296875 0.0026041666666666665 0.021875
0 0.8328125 0.38958333333333334 0.007291666666666667 0.033854166666666664
0 0.75 0.375 0.009375 0.03854166666666667
0 0.49270833333333336 0.28854166666666664 0.0026041666666666665 0.021875
0 0.7354166666666667 0.33541666666666664 0.0046875 0.019270833333333334
0 0.47708333333333336 0.29322916666666665 0.007291666666666667 0.0265625
0 0.6239583333333333 0.30625 0.0026041666666666665 0.019270833333333334
2 0.4796875 0.27760416666666665 0.0046875 0.019270833333333334
2 0.6744791666666666 0.31354166666666666 0.0026041666666666665 0.016666666666666666
0 0.8463541666666666 0.36875 0.0046875 0.023958333333333335
2 0.84375 0.35833333333333334 0.0046875 0.019270833333333334
1 0.8411458333333334 0.4036458333333333 0.016666666666666666 0.07447916666666667
0 0.6729166666666667 0.31875 0.0026041666666666665 0.019270833333333334
0 0.0578125 0.4401041666666667 0.016666666666666666 0.125
2 0.9484375 0.446875 0.0046875 0.03125
0 0.875 0.38125 0.0046875 0.0265625