1 0.5359375 0.303125 0.014583333333333334 0.059895833333333336
1 0.5395833333333333 0.45416666666666666 0.028645833333333332 0.1296875
1 0.34010416666666665 0.31875 0.016666666666666666 0.059895833333333336
1 0.4348958333333333 0.2390625 0.007291666666666667 0.028645833333333332
0 0.9348958333333334 0.43645833333333334 0.033854166666666664 0.13229166666666667
1 0.5322916666666667 0.23333333333333334 0.0046875 0.028645833333333332
1 0.40260416666666665 0.26666666666666666 0.009375 0.040625
1 0.5036458333333333 0.234375 0.007291666666666667 0.028645833333333332
1 0.5348958333333333 0.25625 0.009375 0.03854166666666667
1 0.15625 0.4713541666666667 0.0359375 0.11770833333333333
0 0.5442708333333334 0.7213541666666666 0.0671875 0.2526041666666667
1 0.46979166666666666 0.23697916666666666 0.007291666666666667 0.028645833333333332