0 0.725 0.3953125 0.011979166666666667 0.033854166666666664
0 0.8916666666666667 0.384375 0.011979166666666667 0.0265625
0 0.1 0.415625 0.016666666666666666 0.040625
0 0.5817708333333333 0.415625 0.014583333333333334 0.03854166666666667
0 0.228125 0.44114583333333335 0.021875 0.04791666666666667
0 0.265625 0.59375 0.04791666666666667 0.11041666666666666
2 0.7619791666666667 0.4328125 0.019270833333333334 0.04791666666666667
2 0.7885416666666667 0.5854166666666667 0.050520833333333334 0.115625
2 0.8640625 0.4109375 0.016666666666666666 0.03854166666666667
2 0.7067708333333333 0.478125 0.0265625 0.071875
2 0.37135416666666665 0.41354166666666664 0.016666666666666666 0.03854166666666667
2 0.23333333333333334 0.39791666666666664 0.014583333333333334 0.0359375
1 0.4244791666666667 0.3546875 0.007291666666666667 0.016666666666666666
1 0.5265625 0.38333333333333336 0.009375 0.021875
1 0.3932291666666667 0.40260416666666665 0.011979166666666667 0.033854166666666664
1 0.44583333333333336 0.3546875 0.007291666666666667 0.019270833333333334
1 0.46770833333333334 0.3546875 0.009375 0.019270833333333334
1 0.48802083333333335 0.353125 0.007291666666666667 0.019270833333333334
1 0.4973958333333333 0.359375 0.007291666666666667 0.019270833333333334
1 0.5119791666666667 0.36875 0.007291666666666667 0.023958333333333335
1 0.5421875 0.39895833333333336 0.009375 0.0359375
1 0.171875 0.640625 0.103125 0.2453125
1 0.8916666666666667 0.6276041666666666 0.06510416666666667 0.228125
1 0.7307291666666667 0.5026041666666666 0.05520833333333333 0.13229166666666667
1 0.2942708333333333 0.515625 0.053125 0.14166666666666666