2 0.5744791666666667 0.5322916666666667 0.028645833333333332 0.11770833333333333
0 0.7979166666666667 0.390625 0.011979166666666667 0.04583333333333333
0 0.14166666666666666 0.37604166666666666 0.011979166666666667 0.04583333333333333
2 0.3411458333333333 0.3776041666666667 0.011979166666666667 0.04583333333333333
0 0.6432291666666666 0.35572916666666665 0.007291666666666667 0.033854166666666664
2 0.43385416666666665 0.3125 0.0046875 0.014583333333333334
2 0.5661458333333333 0.334375 0.0046875 0.023958333333333335
2 0.44114583333333335 0.32916666666666666 0.0046875 0.021875
2 0.5458333333333333 0.3411458333333333 0.007291666666666667 0.0265625
2 0.5302083333333333 0.375 0.011979166666666667 0.040625
2 0.5229166666666667 0.3546875 0.007291666666666667 0.033854166666666664
2 0.40989583333333335 0.3151041666666667 0.0046875 0.014583333333333334
2 0.4192708333333333 0.3171875 0.0026041666666666665 0.016666666666666666
0 0.21510416666666668 0.35104166666666664 0.009375 0.033854166666666664
0 0.5302083333333333 0.32083333333333336 0.0026041666666666665 0.016666666666666666
0 0.65625 0.33541666666666664 0.0046875 0.021875
2 0.4348958333333333 0.334375 0.0046875 0.023958333333333335
0 0.334375 0.3234375 0.0046875 0.019270833333333334
0 0.6755208333333333 0.37135416666666665 0.009375 0.03854166666666667
2 0.446875 0.3078125 0.0026041666666666665 0.009375
0 0.30885416666666665 0.32083333333333336 0.0046875 0.019270833333333334
2 0.38333333333333336 0.42291666666666666 0.016666666666666666 0.0625
2 0.4015625 0.3411458333333333 0.007291666666666667 0.028645833333333332
0 0.3328125 0.3328125 0.007291666666666667 0.023958333333333335
0 0.2942708333333333 0.3171875 0.0046875 0.016666666666666666
2 0.36875 0.3078125 0.0026041666666666665 0.014583333333333334
0 0.30520833333333336 0.31145833333333334 0.0046875 0.014583333333333334
0 0.490625 0.31875 0.0046875 0.016666666666666666
2 0.5458333333333333 0.328125 0.0026041666666666665 0.019270833333333334
0 0.271875 0.3390625 0.007291666666666667 0.0265625
2 0.38958333333333334 0.32083333333333336 0.0046875 0.019270833333333334
0 0.6526041666666667 0.34375 0.007291666666666667 0.028645833333333332
0 0.2994791666666667 0.31354166666666666 0.0046875 0.016666666666666666
0 0.3234375 0.3078125 0.0026041666666666665 0.011979166666666667
2 0.35104166666666664 0.35208333333333336 0.009375 0.033854166666666664
2 0.384375 0.30625 0.0026041666666666665 0.011979166666666667
0 0.6239583333333333 0.328125 0.0046875 0.019270833333333334
2 0.5072916666666667 0.32447916666666665 0.0026041666666666665 0.019270833333333334
0 0.33645833333333336 0.30625 0.0026041666666666665 0.011979166666666667
0 0.35833333333333334 0.328125 0.0046875 0.021875
0 0.490625 0.3078125 0.0026041666666666665 0.011979166666666667
0 0.5828125 0.32447916666666665 0.0026041666666666665 0.019270833333333334
2 0.46875 0.30885416666666665 0.0026041666666666665 0.011979166666666667
0 0.4505208333333333 0.30625 0.0026041666666666665 0.009375
0 0.46145833333333336 0.3171875 0.0026041666666666665 0.014583333333333334
0 0.5109375 0.31145833333333334 0.0026041666666666665 0.011979166666666667
0 0.5130208333333334 0.30885416666666665 0.0026041666666666665 0.011979166666666667
2 0.6239583333333333 0.4036458333333333 0.011979166666666667 0.053125
0 0.08645833333333333 0.43385416666666665 0.021875 0.07447916666666667
0 0.06875 0.5458333333333333 0.03854166666666667 0.125
2 0.4625 0.321875 0.0046875 0.016666666666666666
2 0.3619791666666667 0.31875 0.0046875 0.014583333333333334
0 0.3640625 0.30625 0.0026041666666666665 0.011979166666666667
2 0.4125 0.30625 0.0026041666666666665 0.011979166666666667
0 0.40625 0.30625 0.0046875 0.011979166666666667
2 0.4171875 0.32447916666666665 0.0046875 0.019270833333333334
2 0.459375 0.31145833333333334 0.0026041666666666665 0.011979166666666667
2 0.8317708333333333 0.44583333333333336 0.019270833333333334 0.071875