0 0.15364583333333334 0.2125 0.0046875 0.023958333333333335
0 0.7994791666666666 0.16458333333333333 0.007291666666666667 0.0265625
0 0.9015625 0.16354166666666667 0.007291666666666667 0.021875
0 0.6875 0.453125 0.0359375 0.12760416666666666
2 0.09635416666666667 0.209375 0.0046875 0.021875
0 0.4348958333333333 0.171875 0.0046875 0.016666666666666666
0 0.24270833333333333 0.19479166666666667 0.0046875 0.023958333333333335
0 0.7177083333333333 0.165625 0.0046875 0.021875
0 0.384375 0.17552083333333332 0.0046875 0.019270833333333334
2 0.06354166666666666 0.20572916666666666 0.0046875 0.014583333333333334
0 0.4890625 0.16927083333333334 0.0046875 0.016666666666666666
2 0.37604166666666666 0.16927083333333334 0.0026041666666666665 0.011979166666666667
0 0.6083333333333333 0.1609375 0.0046875 0.016666666666666666
2 0.4953125 0.16354166666666667 0.0046875 0.016666666666666666
2 0.2942708333333333 0.178125 0.0026041666666666665 0.011979166666666667
2 0.525 0.15885416666666666 0.0026041666666666665 0.011979166666666667
0 0.48333333333333334 0.15989583333333332 0.0026041666666666665 0.011979166666666667
2 0.25625 0.18645833333333334 0.0046875 0.016666666666666666
2 0.33645833333333336 0.1765625 0.0046875 0.014583333333333334
0 0.17916666666666667 0.7875 0.03125 0.1203125
0 0.6609375 0.16458333333333333 0.0046875 0.021875
2 0.571875 0.15885416666666666 0.0026041666666666665 0.014583333333333334
2 0.1828125 0.19583333333333333 0.0046875 0.019270833333333334
0 0.12395833333333334 0.19375 0.0026041666666666665 0.014583333333333334
0 0.31979166666666664 0.1828125 0.0046875 0.019270833333333334
2 0.4713541666666667 0.15989583333333332 0.0026041666666666665 0.011979166666666667
2 0.6515625 0.15729166666666666 0.0046875 0.011979166666666667
2 0.7645833333333333 0.15989583333333332 0.0046875 0.016666666666666666
0 0.5421875 0.16458333333333333 0.0046875 0.016666666666666666
2 0.6958333333333333 0.15885416666666666 0.0046875 0.014583333333333334
2 0.13697916666666668 0.19583333333333333 0.0026041666666666665 0.014583333333333334
0 0.2390625 0.17916666666666667 0.0046875 0.014583333333333334
2 0.415625 0.16822916666666668 0.0046875 0.014583333333333334
0 0.196875 0.18489583333333334 0.0046875 0.009375
0 0.42916666666666664 0.1625 0.0026041666666666665 0.011979166666666667
2 0.203125 0.1875 0.0046875 0.014583333333333334
0 0.38125 0.165625 0.0026041666666666665 0.011979166666666667
0 0.1609375 0.1875 0.0046875 0.014583333333333334
2 0.5828125 0.15625 0.0026041666666666665 0.009375
2 0.6239583333333333 0.15520833333333334 0.0026041666666666665 0.0046875
2 0.3390625 0.17291666666666666 0.0026041666666666665 0.011979166666666667
2 0.8484375 0.15885416666666666 0.0046875 0.014583333333333334