2 0.7270833333333333 0.2921875 0.016666666666666666 0.0578125
0 0.43020833333333336 0.328125 0.014583333333333334 0.059895833333333336
0 0.521875 0.4 0.023958333333333335 0.0984375
0 0.49166666666666664 0.35208333333333336 0.016666666666666666 0.07447916666666667
0 0.359375 0.31875 0.014583333333333334 0.053125
2 0.603125 0.27760416666666665 0.014583333333333334 0.04791666666666667
2 0.88125 0.33541666666666664 0.0265625 0.084375
2 0.49166666666666664 0.27291666666666664 0.009375 0.040625
0 0.23541666666666666 0.3125 0.009375 0.043229166666666666
0 0.5203125 0.5130208333333334 0.03854166666666667 0.1515625
2 0.3255208333333333 0.2630208333333333 0.007291666666666667 0.028645833333333332
0 0.24375 0.265625 0.007291666666666667 0.023958333333333335
2 0.46041666666666664 0.22708333333333333 0.0046875 0.019270833333333334
0 0.69375 0.19375 0.0046875 0.016666666666666666
2 0.5494791666666666 0.21614583333333334 0.0046875 0.021875
2 0.7177083333333333 0.1984375 0.0026041666666666665 0.019270833333333334
2 0.37395833333333334 0.27291666666666664 0.009375 0.0359375
2 0.61875 0.21041666666666667 0.0046875 0.021875
0 0.6369791666666667 0.20052083333333334 0.0026041666666666665 0.016666666666666666
2 0.3390625 0.2546875 0.007291666666666667 0.0265625
0 0.7354166666666667 0.18489583333333334 0.0026041666666666665 0.014583333333333334
0 0.7114583333333333 0.19114583333333332 0.0046875 0.016666666666666666
2 0.41458333333333336 0.23541666666666666 0.0046875 0.021875
0 0.2994791666666667 0.25 0.0046875 0.019270833333333334
2 0.3328125 0.2703125 0.009375 0.028645833333333332
0 0.18385416666666668 0.30052083333333335 0.009375 0.033854166666666664
0 0.42916666666666664 0.225 0.0046875 0.016666666666666666
2 0.3723958333333333 0.24375 0.0046875 0.023958333333333335
0 0.4973958333333333 0.21510416666666668 0.0046875 0.016666666666666666
2 0.8619791666666666 0.165625 0.0026041666666666665 0.011979166666666667
0 0.6692708333333334 0.1984375 0.0046875 0.016666666666666666
2 0.7546875 0.19375 0.0046875 0.019270833333333334
0 0.36302083333333335 0.23697916666666666 0.0046875 0.019270833333333334
0 0.19479166666666667 0.28229166666666666 0.007291666666666667 0.028645833333333332
0 0.6104166666666667 0.20416666666666666 0.0026041666666666665 0.016666666666666666
2 0.7942708333333334 0.18489583333333334 0.0046875 0.016666666666666666
0 0.7270833333333333 0.1875 0.0046875 0.016666666666666666
0 0.3703125 0.7296875 0.0671875 0.23541666666666666
0 0.7390625 0.18385416666666668 0.0046875 0.014583333333333334
2 0.509375 0.21979166666666666 0.0026041666666666665 0.019270833333333334
0 0.75 0.17552083333333332 0.0026041666666666665 0.011979166666666667
2 0.8135416666666667 0.17083333333333334 0.0026041666666666665 0.011979166666666667
0 0.56875 0.2078125 0.0046875 0.016666666666666666
2 0.7776041666666667 0.18854166666666666 0.0026041666666666665 0.019270833333333334
2 0.8953125 0.16458333333333333 0.0026041666666666665 0.011979166666666667
2 0.8328125 0.16927083333333334 0.0026041666666666665 0.011979166666666667
2 0.8041666666666667 0.18125 0.0026041666666666665 0.016666666666666666
2 0.9229166666666667 0.1625 0.0026041666666666665 0.011979166666666667
2 0.7994791666666666 0.1765625 0.0026041666666666665 0.014583333333333334
2 0.7942708333333334 0.17552083333333332 0.0026041666666666665 0.014583333333333334
2 0.671875 0.20416666666666666 0.0046875 0.021875
0 0.90625 0.1609375 0.0026041666666666665 0.011979166666666667
0 0.8114583333333333 0.16822916666666668 0.0026041666666666665 0.011979166666666667
0 0.8557291666666667 0.16458333333333333 0.0026041666666666665 0.011979166666666667
2 0.8015625 0.17916666666666667 0.0026041666666666665 0.016666666666666666