2 0.28229166666666666 0.34270833333333334 0.014583333333333334 0.0578125
2 0.3859375 0.546875 0.043229166666666666 0.14427083333333332
2 0.265625 0.38958333333333334 0.023958333333333335 0.07916666666666666
0 0.8354166666666667 0.32708333333333334 0.009375 0.028645833333333332
2 0.39895833333333336 0.27395833333333336 0.007291666666666667 0.0265625
0 0.2765625 0.271875 0.009375 0.028645833333333332
0 0.7682291666666666 0.3151041666666667 0.0046875 0.0265625
0 0.15260416666666668 0.2994791666666667 0.011979166666666667 0.043229166666666666
2 0.8015625 0.334375 0.009375 0.033854166666666664
0 0.7307291666666667 0.3078125 0.0026041666666666665 0.019270833333333334
0 0.359375 0.2630208333333333 0.007291666666666667 0.021875
0 0.31614583333333335 0.2682291666666667 0.007291666666666667 0.023958333333333335
2 0.3463541666666667 0.31875 0.011979166666666667 0.04583333333333333
2 0.43020833333333336 0.27395833333333336 0.0046875 0.021875
0 0.80625 0.2994791666666667 0.0046875 0.021875
0 0.7739583333333333 0.30052083333333335 0.0046875 0.016666666666666666
0 0.8760416666666667 0.30416666666666664 0.0026041666666666665 0.016666666666666666
2 0.5661458333333333 0.25833333333333336 0.0026041666666666665 0.014583333333333334
2 0.48541666666666666 0.265625 0.0046875 0.019270833333333334
2 0.6994791666666667 0.28854166666666664 0.0026041666666666665 0.016666666666666666
2 0.6380208333333334 0.2942708333333333 0.0046875 0.021875
2 0.6536458333333334 0.2838541666666667 0.0046875 0.016666666666666666
0 0.47604166666666664 0.25364583333333335 0.0046875 0.016666666666666666
2 0.85 0.29583333333333334 0.0046875 0.016666666666666666
2 0.7354166666666667 0.28958333333333336 0.0026041666666666665 0.019270833333333334
2 0.790625 0.2875 0.0046875 0.016666666666666666
0 0.40625 0.259375 0.007291666666666667 0.021875
2 0.3859375 0.3015625 0.009375 0.0359375
2 0.6875 0.3078125 0.007291666666666667 0.028645833333333332
0 0.23697916666666666 0.2838541666666667 0.009375 0.0359375
0 0.4505208333333333 0.2546875 0.0046875 0.016666666666666666
0 0.7140625 0.29583333333333334 0.0046875 0.019270833333333334
2 0.5385416666666667 0.2609375 0.0026041666666666665 0.016666666666666666
2 0.47239583333333335 0.271875 0.0046875 0.016666666666666666
2 0.74375 0.2859375 0.0046875 0.016666666666666666
0 0.7057291666666666 0.29791666666666666 0.0046875 0.021875
2 0.38697916666666665 0.28489583333333335 0.007291666666666667 0.03125
2 0.63125 0.2875 0.0046875 0.021875
0 0.8208333333333333 0.2942708333333333 0.0046875 0.016666666666666666
2 0.5515625 0.259375 0.0026041666666666665 0.014583333333333334
0 0.796875 0.3015625 0.0046875 0.019270833333333334
2 0.7802083333333333 0.27760416666666665 0.0026041666666666665 0.011979166666666667
0 0.4265625 0.25625 0.0046875 0.016666666666666666
0 0.9255208333333333 0.29583333333333334 0.0026041666666666665 0.014583333333333334
2 0.9145833333333333 0.30625 0.0046875 0.016666666666666666
2 0.9302083333333333 0.296875 0.0046875 0.016666666666666666
0 0.5744791666666667 0.25625 0.0026041666666666665 0.014583333333333334
2 0.5901041666666667 0.25833333333333336 0.0026041666666666665 0.014583333333333334
0 0.9411458333333333 0.3151041666666667 0.0026041666666666665 0.016666666666666666
2 0.8114583333333333 0.28229166666666666 0.0026041666666666665 0.011979166666666667
2 0.8666666666666667 0.28854166666666664 0.0026041666666666665 0.016666666666666666
2 0.5192708333333333 0.26197916666666665 0.0026041666666666665 0.016666666666666666
2 0.6572916666666667 0.2609375 0.0026041666666666665 0.011979166666666667
2 0.7197916666666667 0.26666666666666666 0.0026041666666666665 0.014583333333333334
0 0.5203125 0.25104166666666666 0.0026041666666666665 0.014583333333333334
0 0.5432291666666667 0.25364583333333335 0.0026041666666666665 0.014583333333333334
0 0.7994791666666666 0.27760416666666665 0.0026041666666666665 0.011979166666666667
2 0.8375 0.2838541666666667 0.0046875 0.016666666666666666
2 0.6140625 0.2609375 0.0026041666666666665 0.011979166666666667
2 0.7463541666666667 0.271875 0.0026041666666666665 0.014583333333333334
2 0.49635416666666665 0.2630208333333333 0.0046875 0.019270833333333334
1 0.9484375 0.29583333333333334 0.0046875 0.019270833333333334
2 0.8979166666666667 0.2921875 0.0046875 0.014583333333333334
2 0.6395833333333333 0.2609375 0.0026041666666666665 0.011979166666666667
2 0.6864583333333333 0.26197916666666665 0.0026041666666666665 0.014583333333333334
0 0.49895833333333334 0.2526041666666667 0.0026041666666666665 0.014583333333333334
0 0.7630208333333334 0.271875 0.0046875 0.014583333333333334