0 0.4578125 0.396875 0.023958333333333335 0.084375
0 0.7416666666666667 0.28854166666666664 0.011979166666666667 0.053125
0 0.08541666666666667 0.36770833333333336 0.011979166666666667 0.040625
0 0.459375 0.5302083333333333 0.03854166666666667 0.14427083333333332
0 0.7848958333333333 0.2125 0.007291666666666667 0.021875
0 0.8869791666666667 0.22604166666666667 0.007291666666666667 0.0359375
0 0.8484375 0.21510416666666668 0.007291666666666667 0.028645833333333332
0 0.20572916666666666 0.3484375 0.011979166666666667 0.043229166666666666
2 0.7020833333333333 0.34010416666666665 0.016666666666666666 0.07447916666666667
0 0.26197916666666665 0.2942708333333333 0.007291666666666667 0.0265625
0 0.3859375 0.3484375 0.014583333333333334 0.05520833333333333
0 0.22239583333333332 0.3125 0.007291666666666667 0.028645833333333332
0 0.3078125 0.3411458333333333 0.011979166666666667 0.04791666666666667
1 0.428125 0.2921875 0.014583333333333334 0.06510416666666667
0 0.7104166666666667 0.21614583333333334 0.007291666666666667 0.021875
2 0.6380208333333334 0.275 0.009375 0.043229166666666666
1 0.32708333333333334 0.32708333333333334 0.021875 0.08177083333333333
1 0.2875 0.328125 0.016666666666666666 0.07708333333333334
2 0.9328125 0.4890625 0.03854166666666667 0.15364583333333334
1 0.390625 0.2942708333333333 0.011979166666666667 0.0625
2 0.515625 0.29583333333333334 0.009375 0.043229166666666666
2 0.6682291666666667 0.225 0.0046875 0.023958333333333335
0 0.8630208333333333 0.25364583333333335 0.011979166666666667 0.043229166666666666
2 0.6119791666666666 0.2296875 0.0046875 0.019270833333333334
2 0.7296875 0.25364583333333335 0.009375 0.03854166666666667
2 0.7177083333333333 0.225 0.007291666666666667 0.0265625
2 0.49166666666666664 0.2453125 0.0046875 0.021875
2 0.43020833333333336 0.25833333333333336 0.007291666666666667 0.019270833333333334
0 0.6333333333333333 0.22135416666666666 0.0046875 0.019270833333333334
1 0.18489583333333334 0.3151041666666667 0.007291666666666667 0.028645833333333332
1 0.0625 0.32083333333333336 0.007291666666666667 0.021875
0 0.39791666666666664 0.25833333333333336 0.0046875 0.019270833333333334
1 0.11666666666666667 0.31875 0.007291666666666667 0.023958333333333335
2 0.32083333333333336 0.29583333333333334 0.0046875 0.028645833333333332
2 0.7630208333333334 0.23697916666666666 0.009375 0.033854166666666664
2 0.7526041666666666 0.228125 0.007291666666666667 0.028645833333333332
2 0.34010416666666665 0.30416666666666664 0.009375 0.033854166666666664
0 0.47708333333333336 0.24375 0.0046875 0.019270833333333334
2 0.12239583333333333 0.3411458333333333 0.009375 0.0359375
2 0.40625 0.30520833333333336 0.011979166666666667 0.040625
2 0.3776041666666667 0.2703125 0.007291666666666667 0.023958333333333335
0 0.321875 0.275 0.0026041666666666665 0.019270833333333334
2 0.3390625 0.2838541666666667 0.007291666666666667 0.0265625
1 0.0890625 0.3411458333333333 0.007291666666666667 0.03125
1 0.946875 0.2786458333333333 0.007291666666666667 0.0625
2 0.553125 0.23697916666666666 0.0046875 0.021875
0 0.55625 0.23072916666666668 0.0026041666666666665 0.019270833333333334