0 0.24270833333333333 0.33645833333333336 0.014583333333333334 0.0578125
2 0.5166666666666667 0.5265625 0.03125 0.12760416666666666
0 0.7427083333333333 0.3796875 0.007291666666666667 0.028645833333333332
0 0.625 0.353125 0.007291666666666667 0.028645833333333332
0 0.8713541666666667 0.40520833333333334 0.007291666666666667 0.028645833333333332
0 0.37395833333333334 0.3234375 0.011979166666666667 0.043229166666666666
2 0.6432291666666666 0.396875 0.011979166666666667 0.050520833333333334
2 0.7510416666666667 0.4036458333333333 0.007291666666666667 0.03854166666666667
0 0.5072916666666667 0.3307291666666667 0.007291666666666667 0.0359375
0 0.08072916666666667 0.37864583333333335 0.021875 0.084375
2 0.8677083333333333 0.428125 0.009375 0.0359375
2 0.5671875 0.4109375 0.016666666666666666 0.071875
2 0.09010416666666667 0.203125 0.0026041666666666665 0.009375
2 0.08541666666666667 0.209375 0.0026041666666666665 0.011979166666666667
1 0.5984375 0.28020833333333334 0.0026041666666666665 0.021875
2 0.15625 0.21510416666666668 0.0026041666666666665 0.011979166666666667
2 0.1203125 0.2078125 0.0026041666666666665 0.009375
0 0.17552083333333332 0.21145833333333333 0.0026041666666666665 0.009375
2 0.16822916666666668 0.2078125 0.0026041666666666665 0.009375
1 0.15520833333333334 0.20677083333333332 0.0026041666666666665 0.014583333333333334
1 0.6083333333333333 0.2838541666666667 0.0026041666666666665 0.021875
1 0.6130208333333333 0.28489583333333335 0.0026041666666666665 0.021875
1 0.6020833333333333 0.28489583333333335 0.0026041666666666665 0.014583333333333334
1 0.5927083333333333 0.2838541666666667 0.0026041666666666665 0.014583333333333334
0 0.1140625 0.20572916666666666 0.0026041666666666665 0.007291666666666667
0 0.15989583333333332 0.21041666666666667 0.0026041666666666665 0.007291666666666667
0 0.146875 0.20677083333333332 0.0026041666666666665 0.007291666666666667
2 0.10208333333333333 0.19375 0.0026041666666666665 0.007291666666666667
0 0.084375 0.19375 0.0026041666666666665 0.007291666666666667
2 0.058854166666666666 0.18489583333333334 0.0026041666666666665 0.007291666666666667
0 0.049479166666666664 0.1875 0.0026041666666666665 0.007291666666666667
0 0.12395833333333334 0.20208333333333334 0.0026041666666666665 0.007291666666666667
0 0.10833333333333334 0.1984375 0.0026041666666666665 0.0046875
2 0.13229166666666667 0.19947916666666668 0.0026041666666666665 0.0046875
2 0.15 0.2125 0.0026041666666666665 0.007291666666666667
2 0.09739583333333333 0.1875 0.0026041666666666665 0.007291666666666667
0 0.446875 0.25729166666666664 0.0026041666666666665 0.007291666666666667
0 0.4640625 0.25729166666666664 0.0026041666666666665 0.007291666666666667
0 0.475 0.25833333333333336 0.0026041666666666665 0.007291666666666667
0 0.478125 0.2609375 0.0026041666666666665 0.007291666666666667