0 0.24895833333333334 0.48333333333333334 0.021875 0.07916666666666666
0 0.2390625 0.6984375 0.04583333333333333 0.18489583333333334
2 0.6453125 0.49270833333333336 0.023958333333333335 0.09114583333333333
2 0.33645833333333336 0.4036458333333333 0.011979166666666667 0.043229166666666666
2 0.4625 0.4265625 0.014583333333333334 0.05520833333333333
0 0.0578125 0.41354166666666664 0.014583333333333334 0.04583333333333333
0 0.19114583333333332 0.4328125 0.014583333333333334 0.05520833333333333
2 0.12864583333333332 0.37135416666666665 0.007291666666666667 0.028645833333333332
2 0.546875 0.375 0.009375 0.033854166666666664
2 0.8114583333333333 0.43125 0.019270833333333334 0.0625
2 0.646875 0.396875 0.011979166666666667 0.04583333333333333
0 0.7416666666666667 0.37864583333333335 0.009375 0.040625
2 0.234375 0.39166666666666666 0.009375 0.03854166666666667
0 0.5109375 0.3463541666666667 0.007291666666666667 0.021875
2 0.9208333333333333 0.68125 0.059895833333333336 0.1875
2 0.16354166666666667 0.3463541666666667 0.0046875 0.016666666666666666
2 0.240625 0.34270833333333334 0.0046875 0.016666666666666666
2 0.15364583333333334 0.35208333333333336 0.0026041666666666665 0.019270833333333334
0 0.115625 0.3390625 0.0026041666666666665 0.016666666666666666
2 0.321875 0.3463541666666667 0.0046875 0.019270833333333334
2 0.15 0.38229166666666664 0.009375 0.03125
2 0.48541666666666666 0.36302083333333335 0.007291666666666667 0.028645833333333332
0 0.9229166666666667 0.4036458333333333 0.014583333333333334 0.050520833333333334
0 0.06875 0.353125 0.0046875 0.021875
2 0.43645833333333334 0.353125 0.007291666666666667 0.023958333333333335
0 0.5625 0.35208333333333336 0.007291666666666667 0.0265625
0 0.6395833333333333 0.3640625 0.007291666666666667 0.033854166666666664
0 0.0890625 0.3484375 0.0026041666666666665 0.016666666666666666
0 0.2942708333333333 0.3328125 0.0026041666666666665 0.016666666666666666
0 0.3776041666666667 0.34010416666666665 0.0046875 0.019270833333333334
2 0.27291666666666664 0.34375 0.0046875 0.019270833333333334
0 0.44375 0.34270833333333334 0.0046875 0.019270833333333334
2 0.3151041666666667 0.32447916666666665 0.0026041666666666665 0.011979166666666667
0 0.32447916666666665 0.3390625 0.0046875 0.016666666666666666
0 0.12604166666666666 0.33645833333333336 0.0026041666666666665 0.014583333333333334
0 0.10208333333333333 0.34375 0.0046875 0.016666666666666666
2 0.23177083333333334 0.3375 0.0046875 0.016666666666666666
2 0.3171875 0.3234375 0.0026041666666666665 0.011979166666666667
0 0.3484375 0.3255208333333333 0.0026041666666666665 0.011979166666666667
0 0.303125 0.33177083333333335 0.0026041666666666665 0.014583333333333334
0 0.3567708333333333 0.321875 0.0026041666666666665 0.009375
2 0.171875 0.3411458333333333 0.0046875 0.016666666666666666
2 0.27395833333333336 0.3307291666666667 0.0026041666666666665 0.014583333333333334
2 0.178125 0.3375 0.0026041666666666665 0.014583333333333334
2 0.25104166666666666 0.33177083333333335 0.0046875 0.016666666666666666
0 0.365625 0.3234375 0.0026041666666666665 0.009375
2 0.140625 0.36041666666666666 0.0046875 0.023958333333333335
0 0.24375 0.3234375 0.0026041666666666665 0.007291666666666667
2 0.1828125 0.33541666666666664 0.0026041666666666665 0.011979166666666667
0 0.296875 0.33645833333333336 0.0046875 0.016666666666666666
2 0.30052083333333335 0.3255208333333333 0.0026041666666666665 0.014583333333333334
2 0.31145833333333334 0.3234375 0.0026041666666666665 0.011979166666666667
0 0.328125 0.328125 0.0026041666666666665 0.014583333333333334
2 0.375 0.3484375 0.0046875 0.021875