0 0.146875 0.7104166666666667 0.050520833333333334 0.196875
2 0.8546875 0.6984375 0.043229166666666666 0.17291666666666666
2 0.8520833333333333 0.5182291666666666 0.023958333333333335 0.08645833333333333
0 0.4890625 0.5083333333333333 0.0265625 0.08645833333333333
2 0.8052083333333333 0.40625 0.009375 0.0359375
2 0.8557291666666667 0.4557291666666667 0.014583333333333334 0.0578125
0 0.6598958333333333 0.4192708333333333 0.009375 0.040625
0 0.640625 0.4505208333333333 0.014583333333333334 0.059895833333333336
2 0.8291666666666667 0.4244791666666667 0.011979166666666667 0.043229166666666666
0 0.7473958333333334 0.3723958333333333 0.0046875 0.019270833333333334
2 0.7802083333333333 0.39427083333333335 0.007291666666666667 0.028645833333333332
0 0.7979166666666667 0.37135416666666665 0.0046875 0.019270833333333334
2 0.8880208333333334 0.38125 0.007291666666666667 0.021875
0 0.8557291666666667 0.37395833333333334 0.0046875 0.019270833333333334
0 0.6635416666666667 0.4015625 0.007291666666666667 0.033854166666666664
0 0.696875 0.37604166666666666 0.0046875 0.021875
2 0.7609375 0.3880208333333333 0.007291666666666667 0.0265625
0 0.65625 0.3932291666666667 0.007291666666666667 0.023958333333333335
1 0.8989583333333333 0.3567708333333333 0.0046875 0.014583333333333334
1 0.7333333333333333 0.35572916666666665 0.0026041666666666665 0.011979166666666667
2 0.8171875 0.37864583333333335 0.007291666666666667 0.023958333333333335
0 0.93125 0.375 0.007291666666666667 0.021875