0 0.1625 0.41822916666666665 0.014583333333333334 0.028645833333333332
0 0.0984375 0.38125 0.007291666666666667 0.016666666666666666
0 0.275 0.4 0.014583333333333334 0.0265625
0 0.365625 0.390625 0.011979166666666667 0.021875
0 0.3125 0.36875 0.007291666666666667 0.014583333333333334
0 0.36770833333333336 0.36666666666666664 0.007291666666666667 0.014583333333333334
0 0.3932291666666667 0.36666666666666664 0.007291666666666667 0.014583333333333334
0 0.4125 0.36666666666666664 0.0046875 0.014583333333333334
0 0.41822916666666665 0.37864583333333335 0.007291666666666667 0.019270833333333334
0 0.4401041666666667 0.3723958333333333 0.007291666666666667 0.016666666666666666
0 0.4328125 0.36875 0.007291666666666667 0.014583333333333334
0 0.9109375 0.37135416666666665 0.014583333333333334 0.011979166666666667
0 0.828125 0.36666666666666664 0.007291666666666667 0.009375
0 0.7390625 0.36041666666666666 0.0046875 0.014583333333333334
0 0.6765625 0.3567708333333333 0.0046875 0.011979166666666667
2 0.6609375 0.5635416666666667 0.04583333333333333 0.103125
2 0.3307291666666667 0.5046875 0.0359375 0.07447916666666667
2 0.1671875 0.4640625 0.028645833333333332 0.053125
2 0.234375 0.4375 0.021875 0.043229166666666666
2 0.134375 0.37604166666666666 0.007291666666666667 0.019270833333333334
2 0.32916666666666666 0.4192708333333333 0.016666666666666666 0.0359375
2 0.36041666666666666 0.3640625 0.007291666666666667 0.014583333333333334
2 0.421875 0.40260416666666665 0.014583333333333334 0.028645833333333332
2 0.47604166666666664 0.36041666666666666 0.0046875 0.014583333333333334
2 0.4953125 0.3619791666666667 0.007291666666666667 0.014583333333333334
2 0.49895833333333334 0.3859375 0.009375 0.0265625
2 0.515625 0.3640625 0.007291666666666667 0.016666666666666666
2 0.5395833333333333 0.3776041666666667 0.009375 0.021875
2 0.5385416666666667 0.36875 0.007291666666666667 0.019270833333333334
2 0.7536458333333333 0.36041666666666666 0.0046875 0.014583333333333334
2 0.7682291666666666 0.359375 0.0046875 0.014583333333333334
2 0.7776041666666667 0.359375 0.0046875 0.011979166666666667
2 0.7921875 0.3567708333333333 0.0046875 0.011979166666666667
2 0.8005208333333333 0.3546875 0.0046875 0.009375
2 0.6947916666666667 0.35572916666666665 0.0046875 0.011979166666666667
2 0.7151041666666667 0.3546875 0.0046875 0.011979166666666667
2 0.7333333333333333 0.353125 0.0026041666666666665 0.009375
1 0.6296875 0.37135416666666665 0.019270833333333334 0.016666666666666666
1 0.21979166666666666 0.37135416666666665 0.009375 0.0265625
1 0.2125 0.36770833333333336 0.007291666666666667 0.021875
1 0.19947916666666668 0.3723958333333333 0.007291666666666667 0.0265625
1 0.19479166666666667 0.36875 0.009375 0.021875