0 0.07447916666666667 0.6515625 0.050520833333333334 0.084375
0 0.17291666666666666 0.521875 0.014583333333333334 0.019270833333333334
0 0.18645833333333334 0.5109375 0.009375 0.016666666666666666
0 0.34010416666666665 0.5036458333333333 0.007291666666666667 0.011979166666666667
0 0.4125 0.5083333333333333 0.007291666666666667 0.011979166666666667
0 0.5026041666666666 0.525 0.011979166666666667 0.019270833333333334
0 0.5145833333333333 0.5119791666666667 0.007291666666666667 0.011979166666666667
0 0.546875 0.521875 0.009375 0.016666666666666666
0 0.43854166666666666 0.5432291666666667 0.016666666666666666 0.0265625
0 0.49375 0.5791666666666667 0.0265625 0.043229166666666666
0 0.61875 0.521875 0.009375 0.016666666666666666
0 0.6479166666666667 0.5432291666666667 0.014583333333333334 0.023958333333333335
0 0.8041666666666667 0.5395833333333333 0.011979166666666667 0.021875
0 0.834375 0.5578125 0.019270833333333334 0.028645833333333332
2 0.15520833333333334 0.5458333333333333 0.021875 0.03125
2 0.2630208333333333 0.5072916666666667 0.009375 0.011979166666666667
2 0.2630208333333333 0.5026041666666666 0.007291666666666667 0.011979166666666667
2 0.2859375 0.5145833333333333 0.011979166666666667 0.016666666666666666
2 0.3723958333333333 0.5229166666666667 0.011979166666666667 0.019270833333333334
2 0.396875 0.5026041666666666 0.007291666666666667 0.009375
2 0.46510416666666665 0.5072916666666667 0.007291666666666667 0.011979166666666667
2 0.5109375 0.5145833333333333 0.007291666666666667 0.011979166666666667
2 0.5578125 0.515625 0.007291666666666667 0.014583333333333334
2 0.7140625 0.5302083333333333 0.009375 0.019270833333333334
1 0.36875 0.5083333333333333 0.007291666666666667 0.011979166666666667
1 0.37135416666666665 0.5010416666666667 0.0046875 0.009375
1 0.4375 0.5130208333333334 0.009375 0.011979166666666667
1 0.45208333333333334 0.5182291666666666 0.009375 0.016666666666666666
1 0.484375 0.5083333333333333 0.007291666666666667 0.011979166666666667
1 0.5203125 0.5276041666666667 0.011979166666666667 0.019270833333333334
1 0.6598958333333333 0.5203125 0.007291666666666667 0.016666666666666666
1 0.6885416666666667 0.5385416666666667 0.011979166666666667 0.021875
1 0.765625 0.5635416666666667 0.021875 0.033854166666666664
1 0.865625 0.5322916666666667 0.011979166666666667 0.016666666666666666