0 0.9375 0.32083333333333336 0.007291666666666667 0.023958333333333335
2 0.5651041666666666 0.3390625 0.011979166666666667 0.04583333333333333
0 0.21510416666666668 0.34479166666666666 0.019270833333333334 0.0625
0 0.8114583333333333 0.30625 0.007291666666666667 0.023958333333333335
0 0.4661458333333333 0.2875 0.009375 0.033854166666666664
2 0.896875 0.3375 0.009375 0.03125
0 0.6885416666666667 0.2921875 0.007291666666666667 0.0265625
2 0.484375 0.47604166666666664 0.0265625 0.10572916666666667
2 0.6645833333333333 0.3234375 0.009375 0.03854166666666667
0 0.35833333333333334 0.30625 0.014583333333333334 0.043229166666666666
0 0.5625 0.27760416666666665 0.007291666666666667 0.028645833333333332
2 0.7645833333333333 0.3234375 0.009375 0.033854166666666664
2 0.4890625 0.3776041666666667 0.016666666666666666 0.0625
0 0.875 0.3125 0.007291666666666667 0.0265625