0 0.415625 0.42291666666666666 0.014583333333333334 0.0359375
0 0.44114583333333335 0.39895833333333336 0.009375 0.021875
0 0.3411458333333333 0.49270833333333336 0.03125 0.0671875
0 0.45416666666666666 0.3859375 0.007291666666666667 0.019270833333333334
0 0.46145833333333336 0.37864583333333335 0.0046875 0.016666666666666666
0 0.4661458333333333 0.3723958333333333 0.0046875 0.011979166666666667
0 0.46979166666666666 0.36875 0.0046875 0.011979166666666667
2 0.6020833333333333 0.4192708333333333 0.014583333333333334 0.0359375
2 0.56875 0.39791666666666664 0.009375 0.021875
2 0.6958333333333333 0.4869791666666667 0.03125 0.06510416666666667
2 0.5494791666666666 0.384375 0.007291666666666667 0.016666666666666666
2 0.5385416666666667 0.37864583333333335 0.007291666666666667 0.014583333333333334
2 0.5302083333333333 0.3723958333333333 0.0026041666666666665 0.011979166666666667
2 0.525 0.36875 0.0026041666666666665 0.009375
2 0.521875 0.36666666666666664 0.0026041666666666665 0.009375