0 0.6239583333333333 0.43125 0.016666666666666666 0.059895833333333336
0 0.49270833333333336 0.49635416666666665 0.023958333333333335 0.0890625
0 0.634375 0.38229166666666664 0.009375 0.040625
0 0.296875 0.6286458333333333 0.043229166666666666 0.14895833333333333
2 0.9364583333333333 0.4505208333333333 0.019270833333333334 0.071875
2 0.9125 0.40520833333333334 0.016666666666666666 0.050520833333333334
0 0.6958333333333333 0.4036458333333333 0.011979166666666667 0.04791666666666667
0 0.8401041666666667 0.3463541666666667 0.007291666666666667 0.023958333333333335
2 0.821875 0.3567708333333333 0.007291666666666667 0.0265625
2 0.9291666666666667 0.36041666666666666 0.009375 0.028645833333333332
0 0.5984375 0.3703125 0.007291666666666667 0.028645833333333332
2 0.7739583333333333 0.365625 0.009375 0.028645833333333332
2 0.8125 0.38229166666666664 0.009375 0.03854166666666667
0 0.7510416666666667 0.3484375 0.007291666666666667 0.023958333333333335
0 0.68125 0.35208333333333336 0.007291666666666667 0.0265625
0 0.6260416666666667 0.3619791666666667 0.007291666666666667 0.028645833333333332