0 0.6994791666666667 0.29791666666666666 0.011979166666666667 0.04583333333333333
0 0.7380208333333333 0.2859375 0.011979166666666667 0.043229166666666666
0 0.7296875 0.26458333333333334 0.007291666666666667 0.028645833333333332
0 0.7682291666666666 0.27395833333333336 0.011979166666666667 0.03854166666666667
0 0.6479166666666667 0.3098958333333333 0.011979166666666667 0.050520833333333334
0 0.5947916666666667 0.31979166666666664 0.014583333333333334 0.053125
0 0.5359375 0.334375 0.014583333333333334 0.0578125
0 0.5010416666666667 0.3484375 0.016666666666666666 0.059895833333333336
0 0.4401041666666667 0.3723958333333333 0.019270833333333334 0.06979166666666667
0 0.32708333333333334 0.44479166666666664 0.03125 0.09635416666666667
0 0.19583333333333333 0.6203125 0.0625 0.17552083333333332
2 0.7739583333333333 0.5083333333333333 0.043229166666666666 0.14427083333333332
2 0.8197916666666667 0.44479166666666664 0.033854166666666664 0.11302083333333333
2 0.8822916666666667 0.4088541666666667 0.03854166666666667 0.09635416666666667
2 0.9302083333333333 0.3723958333333333 0.019270833333333334 0.07916666666666666
2 0.9088541666666666 0.27760416666666665 0.014583333333333334 0.03854166666666667
2 0.8557291666666667 0.26666666666666666 0.011979166666666667 0.033854166666666664
2 0.8411458333333334 0.25 0.007291666666666667 0.023958333333333335
2 0.80625 0.25833333333333336 0.007291666666666667 0.028645833333333332
2 0.7510416666666667 0.25 0.007291666666666667 0.0265625
2 0.7453125 0.24270833333333333 0.007291666666666667 0.021875
2 0.7729166666666667 0.24375 0.007291666666666667 0.023958333333333335
2 0.7213541666666666 0.2453125 0.007291666666666667 0.023958333333333335
0 0.6479166666666667 0.24270833333333333 0.007291666666666667 0.021875
0 0.6875 0.2526041666666667 0.0046875 0.023958333333333335
0 0.6588541666666666 0.24739583333333334 0.0046875 0.021875
0 0.6765625 0.23697916666666666 0.0046875 0.019270833333333334
0 0.7005208333333334 0.23697916666666666 0.0046875 0.019270833333333334
0 0.7369791666666666 0.23802083333333332 0.0046875 0.019270833333333334
2 0.7307291666666667 0.2453125 0.0046875 0.023958333333333335
0 0.7786458333333334 0.240625 0.0046875 0.019270833333333334
2 0.890625 0.2546875 0.0046875 0.023958333333333335
0 0.8869791666666667 0.25 0.0026041666666666665 0.023958333333333335