0 0.3151041666666667 0.53125 0.03854166666666667 0.14427083333333332
0 0.40729166666666666 0.35208333333333336 0.014583333333333334 0.0625
0 0.43645833333333334 0.303125 0.009375 0.043229166666666666
0 0.44947916666666665 0.28125 0.007291666666666667 0.03125
0 0.4578125 0.2682291666666667 0.0046875 0.028645833333333332
0 0.4625 0.259375 0.0046875 0.021875
2 0.6395833333333333 0.4265625 0.023958333333333335 0.103125
2 0.5864583333333333 0.33541666666666664 0.011979166666666667 0.059895833333333336
2 0.5661458333333333 0.30052083333333335 0.011979166666666667 0.043229166666666666
2 0.5552083333333333 0.2786458333333333 0.007291666666666667 0.0359375
2 0.5458333333333333 0.26458333333333334 0.007291666666666667 0.028645833333333332
2 0.5385416666666667 0.25729166666666664 0.0046875 0.023958333333333335
2 0.53125 0.24895833333333334 0.0046875 0.021875
2 0.5130208333333334 0.2453125 0.0026041666666666665 0.019270833333333334
2 0.49166666666666664 0.2453125 0.0046875 0.019270833333333334
2 0.4661458333333333 0.2453125 0.0046875 0.019270833333333334
1 0.06979166666666667 0.31145833333333334 0.014583333333333334 0.059895833333333336
0 0.1203125 0.3411458333333333 0.014583333333333334 0.04791666666666667
1 0.178125 0.30625 0.016666666666666666 0.06979166666666667
1 0.19583333333333333 0.30052083333333335 0.016666666666666666 0.0671875
2 0.165625 0.29322916666666665 0.007291666666666667 0.028645833333333332
0 0.2682291666666667 0.2859375 0.009375 0.033854166666666664
0 0.31875 0.2703125 0.0046875 0.023958333333333335
0 0.3640625 0.259375 0.0046875 0.023958333333333335
2 0.384375 0.25 0.0046875 0.023958333333333335
2 0.353125 0.2546875 0.0046875 0.019270833333333334
2 0.4125 0.24739583333333334 0.0046875 0.021875
0 0.43645833333333334 0.2526041666666667 0.0046875 0.019270833333333334
2 0.9098958333333333 0.771875 0.033854166666666664 0.115625