0 0.5421875 0.2682291666666667 0.007291666666666667 0.033854166666666664
0 0.790625 0.25729166666666664 0.007291666666666667 0.028645833333333332
0 0.5119791666666667 0.28229166666666666 0.009375 0.0359375
2 0.640625 0.2838541666666667 0.011979166666666667 0.03854166666666667
2 0.68125 0.27395833333333336 0.011979166666666667 0.03854166666666667
2 0.7307291666666667 0.271875 0.007291666666666667 0.03854166666666667
2 0.7703125 0.27395833333333336 0.011979166666666667 0.040625
2 0.8354166666666667 0.27760416666666665 0.011979166666666667 0.043229166666666666
2 0.9255208333333333 0.2859375 0.011979166666666667 0.053125
2 0.6177083333333333 0.29583333333333334 0.011979166666666667 0.04791666666666667
0 0.4578125 0.3151041666666667 0.011979166666666667 0.043229166666666666
2 0.6057291666666667 0.33177083333333335 0.014583333333333334 0.0578125
0 0.42552083333333335 0.3411458333333333 0.016666666666666666 0.053125
2 0.6322916666666667 0.3932291666666667 0.023958333333333335 0.09114583333333333
0 0.37395833333333334 0.41822916666666665 0.0265625 0.09635416666666667
0 0.5901041666666667 0.26197916666666665 0.007291666666666667 0.028645833333333332
0 0.6286458333333333 0.25625 0.007291666666666667 0.028645833333333332
0 0.6729166666666667 0.25104166666666666 0.0046875 0.0265625
0 0.7296875 0.2526041666666667 0.0046875 0.028645833333333332
0 0.8640625 0.259375 0.007291666666666667 0.03125
0 0.15885416666666666 0.759375 0.04583333333333333 0.14427083333333332
2 0.8640625 0.7572916666666667 0.040625 0.14895833333333333