2 0.21614583333333334 0.24739583333333334 0.0046875 0.019270833333333334
2 0.5661458333333333 0.25104166666666666 0.0026041666666666665 0.019270833333333334
2 0.5911458333333334 0.25 0.0046875 0.019270833333333334
2 0.6213541666666667 0.24739583333333334 0.0046875 0.019270833333333334
2 0.6572916666666667 0.2453125 0.0046875 0.019270833333333334
2 0.6864583333333333 0.24270833333333333 0.0046875 0.021875
2 0.8375 0.24739583333333334 0.007291666666666667 0.021875
0 0.4244791666666667 0.2703125 0.007291666666666667 0.0265625
2 0.50625 0.26458333333333334 0.007291666666666667 0.023958333333333335
2 0.8822916666666667 0.25729166666666664 0.007291666666666667 0.021875
0 0.39895833333333336 0.28020833333333334 0.007291666666666667 0.028645833333333332
2 0.48541666666666666 0.2765625 0.007291666666666667 0.0265625
0 0.31875 0.31354166666666666 0.011979166666666667 0.043229166666666666
2 0.46875 0.29322916666666665 0.007291666666666667 0.0359375
2 0.49375 0.30885416666666665 0.011979166666666667 0.04583333333333333
2 0.5286458333333334 0.32447916666666665 0.016666666666666666 0.050520833333333334
0 0.31145833333333334 0.33645833333333336 0.014583333333333334 0.0578125
2 0.5927083333333333 0.35 0.011979166666666667 0.059895833333333336
0 0.31875 0.37864583333333335 0.021875 0.071875
2 0.696875 0.396875 0.0265625 0.08645833333333333
0 0.303125 0.5479166666666667 0.04583333333333333 0.1515625
0 0.3619791666666667 0.29322916666666665 0.009375 0.033854166666666664
2 0.23802083333333332 0.24739583333333334 0.0046875 0.019270833333333334
2 0.21875 0.20208333333333334 0.0046875 0.009375
2 0.303125 0.228125 0.0046875 0.014583333333333334
2 0.33645833333333336 0.23541666666666666 0.0046875 0.016666666666666666
0 0.34739583333333335 0.2390625 0.0046875 0.019270833333333334
2 0.47239583333333335 0.28229166666666666 0.007291666666666667 0.033854166666666664
0 0.44479166666666664 0.26197916666666665 0.007291666666666667 0.023958333333333335
0 0.44479166666666664 0.2609375 0.0046875 0.023958333333333335
0 0.4640625 0.2546875 0.0046875 0.019270833333333334
2 0.5192708333333333 0.25729166666666664 0.007291666666666667 0.023958333333333335
2 0.5432291666666667 0.2526041666666667 0.0046875 0.019270833333333334
2 0.709375 0.24166666666666667 0.0046875 0.016666666666666666
2 0.7234375 0.23802083333333332 0.0046875 0.019270833333333334
0 0.9145833333333333 0.2546875 0.0046875 0.016666666666666666
0 0.8776041666666666 0.24739583333333334 0.0046875 0.016666666666666666
0 0.84375 0.240625 0.0046875 0.019270833333333334
2 0.8052083333333333 0.24166666666666667 0.0046875 0.016666666666666666
2 0.7822916666666667 0.23541666666666666 0.0046875 0.019270833333333334
0 0.478125 0.25 0.0046875 0.016666666666666666
0 0.5046875 0.24635416666666668 0.0026041666666666665 0.014583333333333334
0 0.5239583333333333 0.24270833333333333 0.0026041666666666665 0.014583333333333334
0 0.5359375 0.24270833333333333 0.0026041666666666665 0.009375
0 0.5588541666666667 0.24270833333333333 0.0026041666666666665 0.016666666666666666
0 0.5828125 0.240625 0.0046875 0.016666666666666666
0 0.6083333333333333 0.240625 0.0026041666666666665 0.019270833333333334
0 0.6333333333333333 0.23802083333333332 0.0046875 0.014583333333333334
0 0.6536458333333334 0.228125 0.0026041666666666665 0.011979166666666667
0 0.6588541666666666 0.22604166666666667 0.0026041666666666665 0.011979166666666667
0 0.6625 0.23541666666666666 0.0026041666666666665 0.019270833333333334
0 0.6744791666666666 0.2234375 0.0026041666666666665 0.011979166666666667
0 0.6921875 0.22604166666666667 0.0026041666666666665 0.011979166666666667
2 0.75625 0.23333333333333334 0.0046875 0.014583333333333334
2 0.7692708333333333 0.23333333333333334 0.0046875 0.016666666666666666
0 0.7979166666666667 0.23333333333333334 0.0046875 0.016666666666666666
0 0.771875 0.23072916666666668 0.0026041666666666665 0.011979166666666667
2 0.6994791666666667 0.228125 0.0026041666666666665 0.014583333333333334
2 0.7020833333333333 0.228125 0.0026041666666666665 0.016666666666666666
2 0.7151041666666667 0.234375 0.0026041666666666665 0.014583333333333334
2 0.7104166666666667 0.2296875 0.0046875 0.014583333333333334
1 0.2682291666666667 0.228125 0.007291666666666667 0.019270833333333334
1 0.28958333333333336 0.23333333333333334 0.0046875 0.016666666666666666