0 0.5145833333333333 0.3463541666666667 0.014583333333333334 0.0625
0 0.6119791666666666 0.3078125 0.011979166666666667 0.04791666666666667
0 0.7260416666666667 0.29322916666666665 0.011979166666666667 0.043229166666666666
0 0.8463541666666666 0.28125 0.011979166666666667 0.040625
2 0.9026041666666667 0.3546875 0.021875 0.071875
0 0.40625 0.48072916666666665 0.028645833333333332 0.115625
2 0.8677083333333333 0.39427083333333335 0.023958333333333335 0.08645833333333333
2 0.8630208333333333 0.4640625 0.033854166666666664 0.11041666666666666
2 0.90625 0.6130208333333333 0.053125 0.1828125
1 0.7838541666666666 0.275 0.011979166666666667 0.0671875
1 0.8052083333333333 0.271875 0.016666666666666666 0.071875
0 0.8953125 0.27395833333333336 0.009375 0.043229166666666666
0 0.9098958333333333 0.2609375 0.007291666666666667 0.033854166666666664
0 0.9 0.2526041666666667 0.007291666666666667 0.028645833333333332