2 0.6765625 0.24270833333333333 0.0046875 0.023958333333333335
2 0.71875 0.2453125 0.0046875 0.023958333333333335
2 0.7630208333333334 0.24895833333333334 0.007291666666666667 0.033854166666666664
0 0.9036458333333334 0.24739583333333334 0.009375 0.033854166666666664
2 0.571875 0.26458333333333334 0.0046875 0.033854166666666664
2 0.6 0.2526041666666667 0.0046875 0.028645833333333332
2 0.8125 0.2526041666666667 0.009375 0.0359375
2 0.8677083333333333 0.259375 0.011979166666666667 0.03854166666666667
0 0.4625 0.2875 0.009375 0.0359375
0 0.44375 0.3098958333333333 0.011979166666666667 0.04791666666666667
2 0.5911458333333334 0.30625 0.011979166666666667 0.050520833333333334
0 0.4192708333333333 0.35833333333333334 0.016666666666666666 0.0671875
1 0.390625 0.384375 0.019270833333333334 0.13958333333333334
2 0.8713541666666667 0.709375 0.084375 0.24270833333333333
0 0.20416666666666666 0.6515625 0.0625 0.19947916666666668
1 0.3723958333333333 0.40520833333333334 0.03125 0.1515625
0 0.475 0.2703125 0.007291666666666667 0.033854166666666664
0 0.484375 0.26197916666666665 0.007291666666666667 0.03125
0 0.49895833333333334 0.25625 0.007291666666666667 0.028645833333333332
2 0.6177083333333333 0.35572916666666665 0.019270833333333334 0.071875
1 0.6322916666666667 0.3723958333333333 0.021875 0.13958333333333334
1 0.6489583333333333 0.390625 0.03125 0.15364583333333334
2 0.5770833333333333 0.2838541666666667 0.007291666666666667 0.033854166666666664
2 0.6369791666666667 0.24895833333333334 0.007291666666666667 0.0265625
0 0.5203125 0.25 0.0046875 0.019270833333333334
0 0.5432291666666667 0.24375 0.0046875 0.019270833333333334
0 0.5854166666666667 0.240625 0.0046875 0.016666666666666666
0 0.6130208333333333 0.23541666666666666 0.0026041666666666665 0.016666666666666666
0 0.65 0.23541666666666666 0.0046875 0.016666666666666666
0 0.69375 0.23333333333333334 0.0046875 0.019270833333333334
0 0.7369791666666666 0.23541666666666666 0.0046875 0.016666666666666666
0 0.8307291666666666 0.23802083333333332 0.0046875 0.0265625
0 0.8015625 0.23541666666666666 0.0046875 0.021875