0 0.11666666666666667 0.42291666666666666 0.023958333333333335 0.0890625
2 0.31354166666666666 0.31875 0.011979166666666667 0.04791666666666667
0 0.17291666666666666 0.5072916666666667 0.03854166666666667 0.12760416666666666
2 0.47604166666666664 0.3375 0.016666666666666666 0.0578125
2 0.47239583333333335 0.29583333333333334 0.009375 0.03854166666666667
2 0.5276041666666667 0.29583333333333334 0.009375 0.040625
0 0.603125 0.26927083333333335 0.007291666666666667 0.028645833333333332
2 0.5828125 0.3880208333333333 0.021875 0.084375
2 0.7630208333333334 0.4796875 0.033854166666666664 0.13697916666666668
0 0.06875 0.39895833333333336 0.016666666666666666 0.0671875
2 0.06354166666666666 0.334375 0.007291666666666667 0.043229166666666666
2 0.1 0.30052083333333335 0.009375 0.033854166666666664
2 0.140625 0.30052083333333335 0.009375 0.0359375
2 0.17552083333333332 0.31979166666666664 0.011979166666666667 0.043229166666666666
2 0.19583333333333333 0.2921875 0.009375 0.03125
2 0.25 0.321875 0.011979166666666667 0.03854166666666667
2 0.259375 0.28229166666666666 0.007291666666666667 0.03125
2 0.30416666666666664 0.27760416666666665 0.009375 0.03125
2 0.34375 0.27291666666666664 0.007291666666666667 0.033854166666666664
2 0.38229166666666664 0.2765625 0.0046875 0.03125
2 0.4192708333333333 0.27760416666666665 0.007291666666666667 0.0265625
2 0.3932291666666667 0.32708333333333334 0.011979166666666667 0.050520833333333334
2 0.4401041666666667 0.2838541666666667 0.007291666666666667 0.033854166666666664
2 0.8932291666666666 0.27760416666666665 0.016666666666666666 0.040625
0 0.8630208333333333 0.2453125 0.007291666666666667 0.033854166666666664
2 0.8078125 0.2765625 0.014583333333333334 0.043229166666666666
0 0.765625 0.24739583333333334 0.007291666666666667 0.023958333333333335
2 0.7177083333333333 0.28854166666666664 0.011979166666666667 0.04791666666666667
0 0.7078125 0.25729166666666664 0.007291666666666667 0.028645833333333332
0 0.6552083333333333 0.26458333333333334 0.007291666666666667 0.03125
2 0.6083333333333333 0.29322916666666665 0.011979166666666667 0.043229166666666666
0 0.5458333333333333 0.26927083333333335 0.007291666666666667 0.033854166666666664
0 0.5192708333333333 0.26458333333333334 0.007291666666666667 0.028645833333333332
1 0.08177083333333333 0.290625 0.009375 0.04791666666666667
1 0.07083333333333333 0.28854166666666664 0.009375 0.050520833333333334
1 0.165625 0.26927083333333335 0.007291666666666667 0.043229166666666666
1 0.1765625 0.2703125 0.007291666666666667 0.03854166666666667
0 0.23697916666666666 0.27395833333333336 0.0046875 0.023958333333333335
0 0.49375 0.259375 0.0046875 0.023958333333333335
0 0.46041666666666664 0.2546875 0.0046875 0.019270833333333334
0 0.29791666666666666 0.26666666666666666 0.0046875 0.023958333333333335
0 0.42083333333333334 0.2546875 0.0046875 0.019270833333333334
0 0.38333333333333336 0.2546875 0.0046875 0.019270833333333334