2 0.771875 0.6203125 0.05520833333333333 0.19010416666666666
2 0.6838541666666667 0.44583333333333336 0.0265625 0.10104166666666667
2 0.65 0.38229166666666664 0.019270833333333334 0.07447916666666667
2 0.6166666666666667 0.3463541666666667 0.011979166666666667 0.05520833333333333
2 0.5875 0.321875 0.011979166666666667 0.04583333333333333
2 0.5421875 0.30625 0.007291666666666667 0.03854166666666667
2 0.48802083333333335 0.30052083333333335 0.007291666666666667 0.0359375
2 0.421875 0.29322916666666665 0.007291666666666667 0.033854166666666664
2 0.37864583333333335 0.2921875 0.007291666666666667 0.028645833333333332
2 0.34010416666666665 0.28958333333333336 0.007291666666666667 0.0265625
2 0.30885416666666665 0.28854166666666664 0.007291666666666667 0.0265625
2 0.2765625 0.2859375 0.007291666666666667 0.023958333333333335
2 0.228125 0.2859375 0.007291666666666667 0.023958333333333335
2 0.16927083333333334 0.2921875 0.007291666666666667 0.0265625
0 0.084375 0.6984375 0.04583333333333333 0.19947916666666668
0 0.27760416666666665 0.48333333333333334 0.0359375 0.11302083333333333
0 0.35 0.4088541666666667 0.021875 0.07916666666666666
0 0.37604166666666666 0.35572916666666665 0.014583333333333334 0.059895833333333336
0 0.3463541666666667 0.3375 0.014583333333333334 0.04583333333333333
0 0.28854166666666664 0.32708333333333334 0.014583333333333334 0.04583333333333333
0 0.23697916666666666 0.31875 0.014583333333333334 0.040625
0 0.20572916666666666 0.31614583333333335 0.009375 0.03854166666666667
0 0.14895833333333333 0.31614583333333335 0.011979166666666667 0.0359375
0 0.06875 0.32708333333333334 0.014583333333333334 0.03854166666666667
2 0.0828125 0.303125 0.007291666666666667 0.0265625
0 0.36302083333333335 0.26666666666666666 0.007291666666666667 0.021875
2 0.61875 0.21875 0.0046875 0.014583333333333334
1 0.634375 0.21770833333333334 0.0046875 0.016666666666666666