0 0.24739583333333334 0.5588541666666667 0.053125 0.15364583333333334
0 0.4088541666666667 0.3859375 0.021875 0.07708333333333334
1 0.42083333333333334 0.3411458333333333 0.016666666666666666 0.0984375
1 0.43020833333333336 0.3328125 0.014583333333333334 0.09114583333333333
0 0.45416666666666666 0.3234375 0.014583333333333334 0.050520833333333334
0 0.484375 0.28854166666666664 0.009375 0.033854166666666664
0 0.5109375 0.26197916666666665 0.0046875 0.023958333333333335
0 0.5192708333333333 0.2526041666666667 0.0026041666666666665 0.019270833333333334
0 0.5239583333333333 0.24270833333333333 0.0026041666666666665 0.014583333333333334
2 0.7104166666666667 0.428125 0.03125 0.0984375
1 0.6682291666666667 0.34375 0.0265625 0.11041666666666666
1 0.6536458333333334 0.32916666666666666 0.016666666666666666 0.0984375
2 0.6380208333333334 0.321875 0.016666666666666666 0.053125
2 0.615625 0.28489583333333335 0.009375 0.0359375
2 0.5984375 0.25729166666666664 0.007291666666666667 0.023958333333333335
2 0.5911458333333334 0.24739583333333334 0.0046875 0.021875
2 0.5864583333333333 0.240625 0.0026041666666666665 0.016666666666666666
0 0.09114583333333333 0.38958333333333334 0.021875 0.0671875
0 0.12760416666666666 0.35572916666666665 0.016666666666666666 0.04791666666666667
2 0.0671875 0.34010416666666665 0.011979166666666667 0.0359375
2 0.134375 0.31979166666666664 0.009375 0.0265625
0 0.15520833333333334 0.334375 0.011979166666666667 0.040625
0 0.19010416666666666 0.31875 0.009375 0.03125
2 0.1984375 0.3015625 0.007291666666666667 0.0265625
0 0.24739583333333334 0.303125 0.007291666666666667 0.0265625
2 0.26197916666666665 0.28854166666666664 0.007291666666666667 0.023958333333333335
0 0.3078125 0.28854166666666664 0.007291666666666667 0.0265625
2 0.31145833333333334 0.2786458333333333 0.0046875 0.021875
0 0.353125 0.27760416666666665 0.007291666666666667 0.023958333333333335
2 0.3859375 0.26197916666666665 0.0046875 0.019270833333333334
2 0.3953125 0.25729166666666664 0.0026041666666666665 0.016666666666666666
0 0.39895833333333336 0.26666666666666666 0.0046875 0.023958333333333335
2 0.4015625 0.2546875 0.0046875 0.014583333333333334
0 0.42916666666666664 0.259375 0.0046875 0.016666666666666666