0 0.24895833333333334 0.5 0.053125 0.16822916666666668
0 0.3411458333333333 0.36666666666666664 0.03125 0.10833333333333334
0 0.415625 0.275 0.016666666666666666 0.06979166666666667
1 0.43854166666666666 0.23697916666666666 0.016666666666666666 0.09375
1 0.45416666666666666 0.23072916666666668 0.014583333333333334 0.08645833333333333
0 0.4817708333333333 0.228125 0.011979166666666667 0.053125
0 0.5119791666666667 0.20416666666666666 0.007291666666666667 0.043229166666666666
0 0.5479166666666667 0.1875 0.007291666666666667 0.033854166666666664
2 0.828125 0.6848958333333334 0.071875 0.29322916666666665
2 0.69375 0.4734375 0.04583333333333333 0.17083333333333334
2 0.6692708333333334 0.375 0.03125 0.1203125
2 0.6453125 0.3171875 0.021875 0.09114583333333333
1 0.6598958333333333 0.2609375 0.021875 0.11770833333333333
1 0.6692708333333334 0.25364583333333335 0.016666666666666666 0.11302083333333333
2 0.6864583333333333 0.20677083333333332 0.011979166666666667 0.043229166666666666
2 0.6921875 0.1828125 0.007291666666666667 0.028645833333333332
2 0.6729166666666667 0.25104166666666666 0.007291666666666667 0.059895833333333336