0 0.21510416666666668 0.5239583333333333 0.04583333333333333 0.14427083333333332
0 0.3880208333333333 0.384375 0.021875 0.08645833333333333
0 0.46145833333333336 0.32708333333333334 0.014583333333333334 0.0578125
0 0.5348958333333333 0.30052083333333335 0.011979166666666667 0.04791666666666667
0 0.59375 0.2859375 0.011979166666666667 0.03854166666666667
0 0.6203125 0.27395833333333336 0.009375 0.03854166666666667
2 0.728125 0.2609375 0.007291666666666667 0.03125
2 0.7104166666666667 0.3375 0.016666666666666666 0.06510416666666667
2 0.6885416666666667 0.4 0.0265625 0.09114583333333333
2 0.71875 0.5395833333333333 0.04583333333333333 0.1609375
0 0.625 0.2609375 0.007291666666666667 0.033854166666666664
0 0.6083333333333333 0.2526041666666667 0.007291666666666667 0.028645833333333332
2 0.7390625 0.31614583333333335 0.016666666666666666 0.059895833333333336
2 0.7619791666666667 0.29322916666666665 0.011979166666666667 0.04791666666666667
2 0.7583333333333333 0.275 0.007291666666666667 0.043229166666666666
2 0.6958333333333333 0.24739583333333334 0.007291666666666667 0.028645833333333332
0 0.5807291666666666 0.24375 0.0046875 0.0265625
2 0.8880208333333334 0.28854166666666664 0.016666666666666666 0.04791666666666667
2 0.9036458333333334 0.2703125 0.014583333333333334 0.040625
2 0.9182291666666667 0.259375 0.011979166666666667 0.0359375
0 0.5661458333333333 0.23802083333333332 0.0046875 0.021875
0 0.5744791666666667 0.2296875 0.0046875 0.016666666666666666
0 0.5973958333333333 0.22604166666666667 0.0026041666666666665 0.016666666666666666
0 0.671875 0.22135416666666666 0.0046875 0.019270833333333334
0 0.6984375 0.22239583333333332 0.0046875 0.016666666666666666
0 0.7572916666666667 0.225 0.0046875 0.021875
0 0.80625 0.2234375 0.007291666666666667 0.021875
0 0.8953125 0.22708333333333333 0.0046875 0.023958333333333335
2 0.8427083333333333 0.234375 0.007291666666666667 0.03125
2 0.7848958333333333 0.23072916666666668 0.007291666666666667 0.028645833333333332
2 0.7161458333333334 0.23072916666666668 0.0046875 0.023958333333333335
2 0.6791666666666667 0.23072916666666668 0.0046875 0.021875
2 0.6489583333333333 0.228125 0.0046875 0.021875
2 0.65625 0.23541666666666666 0.0046875 0.021875