0 0.5 0.26666666666666666 0.007291666666666667 0.023958333333333335
2 0.5598958333333334 0.2546875 0.0046875 0.021875
2 0.56875 0.259375 0.0046875 0.023958333333333335
2 0.7390625 0.25104166666666666 0.0046875 0.016666666666666666
2 0.7765625 0.25625 0.0046875 0.019270833333333334
2 0.8161458333333333 0.2609375 0.0046875 0.021875
2 0.8546875 0.26458333333333334 0.007291666666666667 0.021875
0 0.93125 0.2682291666666667 0.007291666666666667 0.021875
0 0.4869791666666667 0.2875 0.009375 0.033854166666666664
2 0.5864583333333333 0.28854166666666664 0.009375 0.0359375
0 0.46770833333333334 0.31979166666666664 0.014583333333333334 0.04791666666666667
2 0.609375 0.31979166666666664 0.011979166666666667 0.053125
0 0.42552083333333335 0.38697916666666665 0.021875 0.07447916666666667
2 0.65625 0.38697916666666665 0.021875 0.07708333333333334
0 0.3015625 0.584375 0.04791666666666667 0.16822916666666668
2 0.8630208333333333 0.68125 0.059895833333333336 0.23072916666666668
2 0.5755208333333334 0.27291666666666664 0.007291666666666667 0.028645833333333332
0 0.5072916666666667 0.25625 0.0046875 0.021875
0 0.5239583333333333 0.25 0.0046875 0.019270833333333334
0 0.5458333333333333 0.24635416666666668 0.0046875 0.016666666666666666
2 0.5791666666666667 0.25 0.0026041666666666665 0.019270833333333334
2 0.6046875 0.24739583333333334 0.0046875 0.019270833333333334
2 0.6213541666666667 0.2453125 0.0046875 0.019270833333333334
2 0.9052083333333333 0.271875 0.009375 0.023958333333333335
0 0.88125 0.26197916666666665 0.007291666666666667 0.019270833333333334
0 0.828125 0.25729166666666664 0.007291666666666667 0.019270833333333334
0 0.7682291666666666 0.25 0.0046875 0.019270833333333334
2 0.6984375 0.2453125 0.0046875 0.019270833333333334
2 0.68125 0.240625 0.0046875 0.014583333333333334
0 0.7177083333333333 0.24270833333333333 0.0026041666666666665 0.014583333333333334
1 0.7078125 0.23802083333333332 0.0046875 0.019270833333333334
1 0.7114583333333333 0.23802083333333332 0.0046875 0.019270833333333334
0 0.571875 0.24270833333333333 0.0026041666666666665 0.016666666666666666
2 0.615625 0.23697916666666666 0.0026041666666666665 0.014583333333333334
2 0.5984375 0.23541666666666666 0.0026041666666666665 0.014583333333333334