0 0.5458333333333333 0.25104166666666666 0.0046875 0.021875
0 0.4661458333333333 0.25729166666666664 0.007291666666666667 0.023958333333333335
2 0.484375 0.26927083333333335 0.007291666666666667 0.028645833333333332
2 0.525 0.26458333333333334 0.007291666666666667 0.028645833333333332
2 0.5651041666666666 0.259375 0.0026041666666666665 0.028645833333333332
2 0.6395833333333333 0.26666666666666666 0.009375 0.03125
0 0.7765625 0.2703125 0.007291666666666667 0.03125
0 0.3098958333333333 0.2921875 0.009375 0.028645833333333332
0 0.35104166666666664 0.28020833333333334 0.007291666666666667 0.0265625
2 0.40989583333333335 0.2859375 0.009375 0.03125
2 0.44583333333333336 0.27760416666666665 0.007291666666666667 0.03125
2 0.6838541666666667 0.27395833333333336 0.007291666666666667 0.033854166666666664
0 0.8484375 0.2859375 0.011979166666666667 0.03854166666666667
0 0.265625 0.31145833333333334 0.011979166666666667 0.0359375
2 0.384375 0.3125 0.011979166666666667 0.043229166666666666
0 0.23333333333333334 0.32708333333333334 0.014583333333333334 0.043229166666666666
2 0.415625 0.33645833333333336 0.014583333333333334 0.053125
2 0.4890625 0.36770833333333336 0.019270833333333334 0.06979166666666667
0 0.196875 0.38229166666666664 0.023958333333333335 0.0625
2 0.5890625 0.4244791666666667 0.028645833333333332 0.10104166666666667
0 0.2390625 0.540625 0.043229166666666666 0.14427083333333332
2 0.7526041666666666 0.5276041666666667 0.04791666666666667 0.1515625
0 0.20416666666666666 0.43645833333333334 0.033854166666666664 0.09114583333333333
0 0.1984375 0.3546875 0.019270833333333334 0.053125
0 0.38333333333333336 0.2703125 0.007291666666666667 0.028645833333333332
0 0.42291666666666666 0.26458333333333334 0.0046875 0.023958333333333335
0 0.50625 0.25364583333333335 0.007291666666666667 0.023958333333333335
0 0.5828125 0.2526041666666667 0.007291666666666667 0.023958333333333335
0 0.63125 0.2526041666666667 0.007291666666666667 0.023958333333333335
0 0.6755208333333333 0.25729166666666664 0.007291666666666667 0.0265625
0 0.725 0.2630208333333333 0.007291666666666667 0.028645833333333332
2 0.7333333333333333 0.28854166666666664 0.007291666666666667 0.03854166666666667
2 0.8677083333333333 0.3411458333333333 0.016666666666666666 0.0625
2 0.3859375 0.29791666666666666 0.009375 0.03854166666666667