0 0.7213541666666666 0.24739583333333334 0.0046875 0.021875
2 0.8953125 0.2453125 0.007291666666666667 0.021875
2 0.6104166666666667 0.2703125 0.007291666666666667 0.0265625
2 0.640625 0.2630208333333333 0.007291666666666667 0.0265625
2 0.6692708333333334 0.26197916666666665 0.007291666666666667 0.0265625
2 0.7041666666666667 0.26197916666666665 0.007291666666666667 0.0265625
2 0.7473958333333334 0.259375 0.007291666666666667 0.028645833333333332
2 0.8005208333333333 0.25833333333333336 0.007291666666666667 0.0265625
2 0.88125 0.2546875 0.007291666666666667 0.023958333333333335
2 0.5947916666666667 0.2786458333333333 0.007291666666666667 0.033854166666666664
2 0.5541666666666667 0.30625 0.007291666666666667 0.040625
2 0.5697916666666667 0.29583333333333334 0.009375 0.03854166666666667
2 0.5911458333333334 0.36770833333333336 0.016666666666666666 0.06979166666666667
0 0.31979166666666664 0.39791666666666664 0.019270833333333334 0.07447916666666667
0 0.28020833333333334 0.5286458333333334 0.03854166666666667 0.134375
0 0.3484375 0.34739583333333335 0.011979166666666667 0.05520833333333333
0 0.4125 0.3171875 0.009375 0.043229166666666666
0 0.46041666666666664 0.29583333333333334 0.007291666666666667 0.0359375
0 0.49270833333333336 0.28020833333333334 0.007291666666666667 0.03125
0 0.5182291666666666 0.271875 0.0046875 0.0265625
0 0.5890625 0.2526041666666667 0.0026041666666666665 0.019270833333333334
0 0.6119791666666666 0.25104166666666666 0.0046875 0.019270833333333334
0 0.6276041666666666 0.25 0.0046875 0.021875
0 0.6552083333333333 0.25 0.0046875 0.021875
0 0.6848958333333334 0.24739583333333334 0.0046875 0.021875
2 0.84375 0.540625 0.053125 0.15625
2 0.6598958333333333 0.415625 0.028645833333333332 0.09375
2 0.5505208333333333 0.33177083333333335 0.014583333333333334 0.053125
2 0.8447916666666667 0.2546875 0.007291666666666667 0.028645833333333332
2 0.853125 0.23802083333333332 0.0046875 0.019270833333333334
2 0.8619791666666666 0.23541666666666666 0.0046875 0.016666666666666666
2 0.8463541666666666 0.23541666666666666 0.0046875 0.019270833333333334
2 0.9 0.25 0.0046875 0.023958333333333335
2 0.8760416666666667 0.24270833333333333 0.0046875 0.019270833333333334
0 0.7859375 0.23541666666666666 0.0046875 0.019270833333333334
0 0.540625 0.2630208333333333 0.0046875 0.021875
0 0.5578125 0.25729166666666664 0.0026041666666666665 0.021875