0 0.19947916666666668 0.7453125 0.043229166666666666 0.17083333333333334
0 0.36666666666666664 0.4661458333333333 0.023958333333333335 0.10572916666666667
0 0.4192708333333333 0.3859375 0.021875 0.071875
2 0.07083333333333333 0.37135416666666665 0.014583333333333334 0.04583333333333333
2 0.22239583333333332 0.334375 0.011979166666666667 0.03854166666666667
0 0.25833333333333336 0.35833333333333334 0.014583333333333334 0.050520833333333334
2 0.3546875 0.30052083333333335 0.007291666666666667 0.028645833333333332
0 0.41458333333333336 0.3078125 0.009375 0.033854166666666664
2 0.43020833333333336 0.28125 0.007291666666666667 0.023958333333333335
0 0.4796875 0.34375 0.014583333333333334 0.05520833333333333
0 0.4973958333333333 0.28125 0.007291666666666667 0.028645833333333332
2 0.5036458333333333 0.26197916666666665 0.0046875 0.019270833333333334
0 0.5239583333333333 0.31979166666666664 0.011979166666666667 0.04791666666666667
0 0.5807291666666666 0.303125 0.011979166666666667 0.043229166666666666
2 0.5385416666666667 0.25364583333333335 0.0046875 0.019270833333333334
1 0.546875 0.24635416666666668 0.0046875 0.023958333333333335
1 0.5515625 0.24635416666666668 0.0026041666666666665 0.023958333333333335
0 0.5651041666666666 0.26197916666666665 0.0046875 0.019270833333333334
2 0.5635416666666667 0.24739583333333334 0.0026041666666666665 0.014583333333333334
0 0.5947916666666667 0.25 0.0026041666666666665 0.019270833333333334
1 0.6057291666666667 0.24375 0.0026041666666666665 0.0265625
1 0.609375 0.24270833333333333 0.0026041666666666665 0.028645833333333332
0 0.6395833333333333 0.28854166666666664 0.007291666666666667 0.03854166666666667
0 0.7041666666666667 0.28125 0.007291666666666667 0.03854166666666667
2 0.7078125 0.3375 0.014583333333333334 0.0625
2 0.7177083333333333 0.4036458333333333 0.021875 0.09114583333333333
2 0.7489583333333333 0.5458333333333333 0.04583333333333333 0.15364583333333334
2 0.7885416666666667 0.321875 0.016666666666666666 0.053125
0 0.7630208333333334 0.2765625 0.011979166666666667 0.0359375
0 0.7510416666666667 0.24739583333333334 0.007291666666666667 0.021875
2 0.771875 0.23333333333333334 0.0046875 0.016666666666666666
2 0.7765625 0.23802083333333332 0.0046875 0.019270833333333334
2 0.790625 0.23072916666666668 0.0046875 0.016666666666666666
0 0.7958333333333333 0.2546875 0.007291666666666667 0.023958333333333335
0 0.8135416666666667 0.26927083333333335 0.007291666666666667 0.033854166666666664
0 0.8244791666666667 0.26197916666666665 0.007291666666666667 0.028645833333333332
2 0.8208333333333333 0.240625 0.0046875 0.023958333333333335
2 0.8291666666666667 0.22604166666666667 0.0046875 0.016666666666666666
2 0.8760416666666667 0.3151041666666667 0.014583333333333334 0.050520833333333334
2 0.8776041666666666 0.24739583333333334 0.007291666666666667 0.0265625
2 0.8557291666666667 0.22604166666666667 0.0046875 0.016666666666666666
2 0.8604166666666667 0.21979166666666666 0.0026041666666666665 0.014583333333333334
2 0.8666666666666667 0.2234375 0.0046875 0.014583333333333334
2 0.928125 0.25625 0.011979166666666667 0.028645833333333332
0 0.6119791666666666 0.24375 0.0026041666666666665 0.019270833333333334
0 0.6286458333333333 0.240625 0.0026041666666666665 0.014583333333333334
0 0.634375 0.23541666666666666 0.0046875 0.014583333333333334
0 0.6432291666666666 0.23541666666666666 0.0026041666666666665 0.014583333333333334
0 0.646875 0.23177083333333334 0.0026041666666666665 0.011979166666666667
0 0.6489583333333333 0.23177083333333334 0.0026041666666666665 0.011979166666666667
0 0.6994791666666667 0.23177083333333334 0.0026041666666666665 0.014583333333333334
0 0.6958333333333333 0.23802083333333332 0.0046875 0.016666666666666666
0 0.7140625 0.228125 0.0046875 0.011979166666666667
0 0.7125 0.240625 0.0046875 0.021875
0 0.7354166666666667 0.228125 0.0026041666666666665 0.016666666666666666
0 0.7630208333333334 0.22604166666666667 0.0046875 0.016666666666666666
2 0.5864583333333333 0.23802083333333332 0.0026041666666666665 0.011979166666666667
2 0.5817708333333333 0.24270833333333333 0.0046875 0.014583333333333334
2 0.5973958333333333 0.23697916666666666 0.0026041666666666665 0.014583333333333334