0 0.3255208333333333 0.5265625 0.040625 0.134375
0 0.3796875 0.396875 0.021875 0.07708333333333334
0 0.33645833333333336 0.34270833333333334 0.014583333333333334 0.050520833333333334
0 0.30885416666666665 0.321875 0.011979166666666667 0.043229166666666666
0 0.271875 0.3171875 0.011979166666666667 0.03854166666666667
0 0.21041666666666667 0.3171875 0.011979166666666667 0.03854166666666667
0 0.14322916666666666 0.3234375 0.011979166666666667 0.03854166666666667
2 0.13229166666666667 0.30520833333333336 0.009375 0.033854166666666664
2 0.19375 0.29791666666666666 0.009375 0.03125
2 0.27760416666666665 0.290625 0.007291666666666667 0.028645833333333332
2 0.34270833333333334 0.28854166666666664 0.007291666666666667 0.028645833333333332
2 0.40520833333333334 0.2921875 0.007291666666666667 0.033854166666666664
2 0.4421875 0.30052083333333335 0.009375 0.0359375
2 0.49375 0.30885416666666665 0.011979166666666667 0.040625
2 0.5348958333333333 0.32083333333333336 0.011979166666666667 0.04791666666666667
2 0.5927083333333333 0.3484375 0.016666666666666666 0.0625
2 0.7260416666666667 0.4734375 0.033854166666666664 0.125