0 0.4328125 0.25729166666666664 0.0046875 0.023958333333333335
0 0.44947916666666665 0.26666666666666666 0.007291666666666667 0.028645833333333332
0 0.48541666666666666 0.2786458333333333 0.009375 0.0359375
0 0.36770833333333336 0.40729166666666666 0.0265625 0.0890625
0 0.47239583333333335 0.3484375 0.016666666666666666 0.0625
0 0.5083333333333333 0.3234375 0.011979166666666667 0.050520833333333334
0 0.5083333333333333 0.29322916666666665 0.007291666666666667 0.03854166666666667
2 0.6286458333333333 0.28489583333333335 0.011979166666666667 0.040625
2 0.6744791666666666 0.3078125 0.014583333333333334 0.053125
2 0.6984375 0.34270833333333334 0.019270833333333334 0.06510416666666667
2 0.7875 0.28229166666666666 0.011979166666666667 0.040625
2 0.803125 0.3098958333333333 0.016666666666666666 0.053125
2 0.9072916666666667 0.35833333333333334 0.023958333333333335 0.08177083333333333
0 0.134375 0.5817708333333333 0.059895833333333336 0.16822916666666668
2 0.7005208333333334 0.4015625 0.0265625 0.09114583333333333
2 0.696875 0.48802083333333335 0.03854166666666667 0.12239583333333333
2 0.5854166666666667 0.26458333333333334 0.007291666666666667 0.033854166666666664
2 0.5385416666666667 0.2546875 0.007291666666666667 0.028645833333333332
2 0.5286458333333334 0.24635416666666668 0.007291666666666667 0.0265625
2 0.78125 0.26197916666666665 0.009375 0.03854166666666667
2 0.8255208333333334 0.2546875 0.009375 0.033854166666666664