0 0.38958333333333334 0.4401041666666667 0.028645833333333332 0.10572916666666667
0 0.48802083333333335 0.3307291666666667 0.016666666666666666 0.059895833333333336
0 0.5807291666666666 0.29583333333333334 0.011979166666666667 0.043229166666666666
0 0.6838541666666667 0.27760416666666665 0.011979166666666667 0.040625
0 0.7895833333333333 0.2682291666666667 0.009375 0.040625
2 0.7859375 0.36302083333333335 0.021875 0.07708333333333334
2 0.7692708333333333 0.4088541666666667 0.021875 0.09375
2 0.7802083333333333 0.515625 0.03854166666666667 0.146875
2 0.821875 0.32708333333333334 0.019270833333333334 0.0671875
1 0.8786458333333333 0.29791666666666666 0.021875 0.09114583333333333
1 0.90625 0.29322916666666665 0.021875 0.08645833333333333
2 0.9338541666666667 0.303125 0.011979166666666667 0.053125
1 0.7354166666666667 0.26458333333333334 0.011979166666666667 0.0625
1 0.7546875 0.26197916666666665 0.014583333333333334 0.059895833333333336
0 0.8328125 0.26197916666666665 0.009375 0.0359375
0 0.8473958333333333 0.25104166666666666 0.007291666666666667 0.03125
0 0.8411458333333334 0.2453125 0.007291666666666667 0.028645833333333332
2 0.8895833333333333 0.7739583333333333 0.033854166666666664 0.11770833333333333