0 0.69375 0.28854166666666664 0.007291666666666667 0.03854166666666667
0 0.7489583333333333 0.28229166666666666 0.007291666666666667 0.0359375
0 0.8197916666666667 0.28020833333333334 0.007291666666666667 0.0359375
0 0.6296875 0.3015625 0.009375 0.043229166666666666
0 0.5890625 0.31979166666666664 0.009375 0.050520833333333334
2 0.8723958333333334 0.3307291666666667 0.014583333333333334 0.059895833333333336
2 0.8041666666666667 0.3390625 0.016666666666666666 0.059895833333333336
0 0.5109375 0.3859375 0.016666666666666666 0.07708333333333334
0 0.4505208333333333 0.4578125 0.023958333333333335 0.10833333333333334
2 0.8161458333333333 0.49166666666666664 0.043229166666666666 0.134375
2 0.7822916666666667 0.375 0.023958333333333335 0.084375
0 0.9208333333333333 0.2875 0.011979166666666667 0.043229166666666666