0 0.7104166666666667 0.24166666666666667 0.0046875 0.021875
0 0.6692708333333334 0.26927083333333335 0.009375 0.03125
0 0.6536458333333334 0.2838541666666667 0.009375 0.043229166666666666
2 0.8234375 0.2838541666666667 0.011979166666666667 0.04583333333333333
0 0.6213541666666667 0.3171875 0.011979166666666667 0.053125
0 0.5635416666666667 0.35104166666666664 0.016666666666666666 0.06510416666666667
2 0.8255208333333334 0.37395833333333334 0.023958333333333335 0.08177083333333333
0 0.484375 0.4015625 0.021875 0.0890625
0 0.359375 0.5239583333333333 0.040625 0.14427083333333332
2 0.7838541666666666 0.4734375 0.03854166666666667 0.1296875
2 0.8364583333333333 0.3125 0.011979166666666667 0.053125
1 0.80625 0.25729166666666664 0.011979166666666667 0.059895833333333336
1 0.6911458333333333 0.2526041666666667 0.007291666666666667 0.04583333333333333
0 0.1625 0.7453125 0.053125 0.17291666666666666
0 0.7020833333333333 0.25104166666666666 0.007291666666666667 0.023958333333333335
0 0.7213541666666666 0.240625 0.0046875 0.023958333333333335
0 0.728125 0.23177083333333334 0.0046875 0.016666666666666666
0 0.734375 0.23072916666666668 0.0046875 0.019270833333333334
0 0.7473958333333334 0.228125 0.0046875 0.019270833333333334
0 0.7666666666666667 0.22604166666666667 0.0046875 0.016666666666666666
0 0.790625 0.228125 0.0026041666666666665 0.014583333333333334
0 0.8375 0.225 0.0046875 0.019270833333333334
0 0.8760416666666667 0.22604166666666667 0.0046875 0.023958333333333335
0 0.9265625 0.228125 0.007291666666666667 0.021875
2 0.8916666666666667 0.23333333333333334 0.007291666666666667 0.0265625
2 0.84375 0.23333333333333334 0.0046875 0.021875
2 0.8098958333333334 0.23802083333333332 0.007291666666666667 0.0265625
1 0.6947916666666667 0.25 0.007291666666666667 0.040625