1 0.1515625 0.6552083333333333 0.0984375 0.35104166666666664
1 0.24270833333333333 0.5375 0.0890625 0.33177083333333335
0 0.334375 0.415625 0.0359375 0.134375
0 0.40989583333333335 0.27395833333333336 0.016666666666666666 0.06979166666666667
0 0.4421875 0.21875 0.011979166666666667 0.043229166666666666
0 0.4578125 0.196875 0.009375 0.033854166666666664
0 0.4661458333333333 0.18020833333333333 0.0046875 0.023958333333333335
1 0.8916666666666667 0.6276041666666666 0.09635416666666667 0.4088541666666667
1 0.8015625 0.49375 0.09375 0.31979166666666664
2 0.7161458333333334 0.4036458333333333 0.043229166666666666 0.134375
2 0.6213541666666667 0.2630208333333333 0.019270833333333334 0.071875
2 0.584375 0.2140625 0.011979166666666667 0.050520833333333334
2 0.56875 0.1921875 0.007291666666666667 0.03854166666666667
2 0.5578125 0.18020833333333333 0.007291666666666667 0.023958333333333335