0 0.35208333333333336 0.5984375 0.03125 0.0578125
0 0.5130208333333334 0.5458333333333333 0.016666666666666666 0.03854166666666667
0 0.6239583333333333 0.5145833333333333 0.014583333333333334 0.028645833333333332
0 0.6671875 0.49635416666666665 0.011979166666666667 0.023958333333333335
2 0.7380208333333333 0.6489583333333333 0.040625 0.08177083333333333
2 0.8375 0.5734375 0.03125 0.05520833333333333
2 0.8822916666666667 0.5385416666666667 0.016666666666666666 0.03854166666666667
2 0.8666666666666667 0.5072916666666667 0.011979166666666667 0.0265625
0 0.6765625 0.48333333333333334 0.009375 0.021875
0 0.6729166666666667 0.45677083333333335 0.0046875 0.009375
0 0.6885416666666667 0.4734375 0.007291666666666667 0.016666666666666666
0 0.6911458333333333 0.459375 0.0046875 0.011979166666666667
0 0.696875 0.4640625 0.007291666666666667 0.014583333333333334
2 0.7822916666666667 0.4578125 0.0046875 0.011979166666666667
2 0.796875 0.4661458333333333 0.007291666666666667 0.011979166666666667
2 0.7526041666666666 0.4557291666666667 0.0046875 0.009375
0 0.6395833333333333 0.45416666666666666 0.0026041666666666665 0.011979166666666667
0 0.5947916666666667 0.4557291666666667 0.0026041666666666665 0.009375
0 0.5203125 0.453125 0.0026041666666666665 0.009375
2 0.5442708333333334 0.44947916666666665 0.0026041666666666665 0.009375
2 0.6046875 0.4505208333333333 0.0026041666666666665 0.009375
2 0.6453125 0.4505208333333333 0.0026041666666666665 0.009375
2 0.6802083333333333 0.4505208333333333 0.0026041666666666665 0.009375
2 0.7161458333333334 0.45208333333333334 0.0046875 0.009375
2 0.8364583333333333 0.4890625 0.007291666666666667 0.016666666666666666
2 0.8208333333333333 0.47239583333333335 0.0046875 0.014583333333333334