0 0.15520833333333334 0.7005208333333334 0.06979166666666667 0.10572916666666667
0 0.3125 0.5661458333333333 0.023958333333333335 0.050520833333333334
0 0.36875 0.5182291666666666 0.014583333333333334 0.028645833333333332
0 0.3703125 0.4973958333333333 0.014583333333333334 0.023958333333333335
0 0.34739583333333335 0.4869791666666667 0.011979166666666667 0.021875
2 0.709375 0.7177083333333333 0.050520833333333334 0.09114583333333333
2 0.59375 0.5817708333333333 0.023958333333333335 0.04791666666666667
2 0.5322916666666667 0.5239583333333333 0.011979166666666667 0.028645833333333332
2 0.5046875 0.5036458333333333 0.007291666666666667 0.019270833333333334
2 0.46510416666666665 0.49166666666666664 0.009375 0.014583333333333334
0 0.203125 0.4734375 0.009375 0.019270833333333334
0 0.2942708333333333 0.478125 0.011979166666666667 0.016666666666666666
2 0.421875 0.4817708333333333 0.007291666666666667 0.014583333333333334
2 0.375 0.475 0.007291666666666667 0.011979166666666667
2 0.321875 0.46979166666666666 0.007291666666666667 0.014583333333333334
2 0.25364583333333335 0.4640625 0.007291666666666667 0.014583333333333334