2 0.6875 0.428125 0.028645833333333332 0.103125
2 0.5927083333333333 0.30416666666666664 0.011979166666666667 0.04583333333333333
2 0.5697916666666667 0.275 0.007291666666666667 0.033854166666666664
2 0.5588541666666667 0.25833333333333336 0.0046875 0.023958333333333335
2 0.553125 0.25104166666666666 0.0046875 0.021875
2 0.5479166666666667 0.2453125 0.0046875 0.019270833333333334
2 0.5458333333333333 0.24270833333333333 0.0026041666666666665 0.014583333333333334
0 0.33541666666666664 0.4328125 0.023958333333333335 0.09635416666666667
0 0.43854166666666666 0.3125 0.011979166666666667 0.03854166666666667
0 0.46041666666666664 0.28125 0.007291666666666667 0.028645833333333332
0 0.4713541666666667 0.26197916666666665 0.0046875 0.019270833333333334
0 0.47604166666666664 0.2546875 0.0046875 0.019270833333333334
2 0.071875 0.3484375 0.011979166666666667 0.040625
0 0.12135416666666667 0.35833333333333334 0.014583333333333334 0.04583333333333333
2 0.16822916666666668 0.32447916666666665 0.011979166666666667 0.033854166666666664
0 0.2390625 0.321875 0.011979166666666667 0.03854166666666667
2 0.24375 0.30520833333333336 0.009375 0.028645833333333332
2 0.27291666666666664 0.29322916666666665 0.007291666666666667 0.023958333333333335
2 0.290625 0.2838541666666667 0.007291666666666667 0.021875
0 0.31145833333333334 0.29791666666666666 0.009375 0.033854166666666664
0 0.35 0.2875 0.007291666666666667 0.028645833333333332
0 0.365625 0.2786458333333333 0.007291666666666667 0.023958333333333335
0 0.3723958333333333 0.271875 0.007291666666666667 0.023958333333333335
2 0.27395833333333336 0.28125 0.0046875 0.021875
2 0.2942708333333333 0.26666666666666666 0.0046875 0.019270833333333334
2 0.3098958333333333 0.26197916666666665 0.0046875 0.011979166666666667
2 0.32916666666666666 0.25729166666666664 0.0026041666666666665 0.014583333333333334
0 0.3411458333333333 0.26666666666666666 0.0046875 0.016666666666666666
0 0.33645833333333336 0.26458333333333334 0.0046875 0.019270833333333334
0 0.35572916666666665 0.26666666666666666 0.0046875 0.019270833333333334
0 0.37395833333333334 0.2526041666666667 0.0046875 0.016666666666666666
0 0.353125 0.25625 0.0046875 0.019270833333333334
2 0.42291666666666666 0.24270833333333333 0.0046875 0.014583333333333334
0 0.41822916666666665 0.2453125 0.0026041666666666665 0.016666666666666666
2 0.5375 0.24270833333333333 0.0026041666666666665 0.014583333333333334
2 0.521875 0.240625 0.0026041666666666665 0.014583333333333334
2 0.5026041666666666 0.23802083333333332 0.0026041666666666665 0.014583333333333334
0 0.4817708333333333 0.2453125 0.0046875 0.019270833333333334