0 0.6791666666666667 0.2859375 0.007291666666666667 0.043229166666666666
0 0.7453125 0.28020833333333334 0.009375 0.03854166666666667
0 0.8739583333333333 0.2786458333333333 0.011979166666666667 0.043229166666666666
0 0.9291666666666667 0.2859375 0.011979166666666667 0.043229166666666666
0 0.6296875 0.29583333333333334 0.011979166666666667 0.043229166666666666
0 0.5494791666666666 0.3171875 0.011979166666666667 0.0578125
2 0.8822916666666667 0.33177083333333335 0.019270833333333334 0.06979166666666667
0 0.5 0.33645833333333336 0.011979166666666667 0.059895833333333336
2 0.7848958333333333 0.3375 0.019270833333333334 0.06979166666666667
2 0.7125 0.365625 0.021875 0.08177083333333333
0 0.44114583333333335 0.37864583333333335 0.016666666666666666 0.07447916666666667
0 0.38229166666666664 0.4348958333333333 0.023958333333333335 0.0984375
0 0.303125 0.540625 0.04583333333333333 0.146875
2 0.7005208333333334 0.48541666666666666 0.033854166666666664 0.134375
0 0.8307291666666666 0.2786458333333333 0.011979166666666667 0.043229166666666666