0 0.30520833333333336 0.4578125 0.023958333333333335 0.10104166666666667
0 0.2682291666666667 0.390625 0.019270833333333334 0.06510416666666667
2 0.4713541666666667 0.32083333333333336 0.011979166666666667 0.050520833333333334
2 0.5588541666666667 0.353125 0.016666666666666666 0.071875
2 0.6958333333333333 0.46875 0.033854166666666664 0.1296875
0 0.30520833333333336 0.6 0.04791666666666667 0.17083333333333334
0 0.27291666666666664 0.3463541666666667 0.014583333333333334 0.053125
0 0.32083333333333336 0.30625 0.011979166666666667 0.040625
2 0.46041666666666664 0.29791666666666666 0.009375 0.04583333333333333
2 0.5119791666666667 0.28125 0.007291666666666667 0.040625
2 0.5671875 0.271875 0.007291666666666667 0.03854166666666667
0 0.37604166666666666 0.2838541666666667 0.007291666666666667 0.033854166666666664
2 0.7463541666666667 0.259375 0.011979166666666667 0.043229166666666666
2 0.8604166666666667 0.2453125 0.011979166666666667 0.040625
2 0.9291666666666667 0.23802083333333332 0.011979166666666667 0.04583333333333333
0 0.6729166666666667 0.24270833333333333 0.007291666666666667 0.03125
2 0.6671875 0.26197916666666665 0.009375 0.03854166666666667
0 0.8307291666666666 0.2234375 0.007291666666666667 0.021875
0 0.6119791666666666 0.24739583333333334 0.007291666666666667 0.03125
0 0.5348958333333333 0.2526041666666667 0.007291666666666667 0.0265625
0 0.4973958333333333 0.25729166666666664 0.0046875 0.021875
0 0.4375 0.26927083333333335 0.007291666666666667 0.021875
0 0.7572916666666667 0.2296875 0.009375 0.028645833333333332
0 0.8895833333333333 0.21875 0.007291666666666667 0.028645833333333332