0 0.3328125 0.4375 0.023958333333333335 0.09375
0 0.3307291666666667 0.3703125 0.019270833333333334 0.06510416666666667
0 0.2994791666666667 0.3484375 0.016666666666666666 0.05520833333333333
0 0.24166666666666667 0.3390625 0.014583333333333334 0.04791666666666667
0 0.1765625 0.34010416666666665 0.014583333333333334 0.04583333333333333
2 0.06510416666666667 0.33177083333333335 0.011979166666666667 0.043229166666666666
2 0.203125 0.3078125 0.009375 0.0359375
2 0.25833333333333336 0.303125 0.009375 0.033854166666666664
2 0.3411458333333333 0.2994791666666667 0.009375 0.033854166666666664
2 0.4088541666666667 0.303125 0.009375 0.03854166666666667
2 0.48072916666666665 0.31979166666666664 0.011979166666666667 0.04583333333333333
2 0.53125 0.34375 0.016666666666666666 0.0578125
2 0.6166666666666667 0.3776041666666667 0.019270833333333334 0.07447916666666667
2 0.7104166666666667 0.4375 0.028645833333333332 0.10572916666666667
0 0.26197916666666665 0.7619791666666667 0.0265625 0.13958333333333334