2 0.27291666666666664 0.26927083333333335 0.007291666666666667 0.023958333333333335
2 0.3098958333333333 0.26458333333333334 0.007291666666666667 0.023958333333333335
2 0.37135416666666665 0.2630208333333333 0.007291666666666667 0.023958333333333335
2 0.4 0.2630208333333333 0.007291666666666667 0.021875
0 0.5541666666666667 0.2703125 0.0046875 0.023958333333333335
2 0.19114583333333332 0.2838541666666667 0.009375 0.033854166666666664
2 0.4713541666666667 0.27395833333333336 0.009375 0.0265625
2 0.5239583333333333 0.28958333333333336 0.007291666666666667 0.03125
2 0.13697916666666668 0.30416666666666664 0.014583333333333334 0.0359375
2 0.15364583333333334 0.3098958333333333 0.014583333333333334 0.03854166666666667
2 0.2125 0.3098958333333333 0.016666666666666666 0.043229166666666666
2 0.28958333333333336 0.3098958333333333 0.011979166666666667 0.043229166666666666
2 0.3546875 0.3078125 0.014583333333333334 0.040625
2 0.4109375 0.3098958333333333 0.014583333333333334 0.04583333333333333
2 0.6296875 0.30625 0.011979166666666667 0.040625
0 0.7125 0.29583333333333334 0.011979166666666667 0.033854166666666664
2 0.4578125 0.321875 0.014583333333333334 0.050520833333333334
2 0.50625 0.3390625 0.016666666666666666 0.0578125
2 0.8307291666666666 0.35 0.021875 0.0578125
0 0.09270833333333334 0.3619791666666667 0.019270833333333334 0.06510416666666667
0 0.20052083333333334 0.36041666666666666 0.021875 0.0625
2 0.5661458333333333 0.3703125 0.019270833333333334 0.07447916666666667
0 0.27395833333333336 0.37604166666666666 0.023958333333333335 0.06979166666666667
0 0.3098958333333333 0.44114583333333335 0.03125 0.10104166666666667
2 0.6625 0.478125 0.0359375 0.125
0 0.2390625 0.65 0.06510416666666667 0.20416666666666666
0 0.08645833333333333 0.290625 0.011979166666666667 0.028645833333333332
0 0.140625 0.28125 0.007291666666666667 0.023958333333333335
2 0.15364583333333334 0.2942708333333333 0.011979166666666667 0.03125
0 0.196875 0.271875 0.007291666666666667 0.023958333333333335
2 0.23072916666666668 0.2765625 0.009375 0.023958333333333335
0 0.24375 0.265625 0.007291666666666667 0.021875
0 0.2875 0.259375 0.0046875 0.016666666666666666
0 0.3234375 0.259375 0.0046875 0.019270833333333334
2 0.34375 0.2630208333333333 0.007291666666666667 0.023958333333333335
0 0.36302083333333335 0.25729166666666664 0.0046875 0.019270833333333334
0 0.396875 0.25729166666666664 0.0046875 0.019270833333333334
0 0.5145833333333333 0.265625 0.0046875 0.021875
0 0.484375 0.26197916666666665 0.0046875 0.023958333333333335
0 0.45416666666666666 0.25833333333333336 0.0046875 0.021875
0 0.6166666666666667 0.28125 0.007291666666666667 0.028645833333333332
2 0.8713541666666667 0.7619791666666667 0.043229166666666666 0.13229166666666667