2 0.7765625 0.7260416666666667 0.053125 0.21145833333333333
2 0.521875 0.4401041666666667 0.019270833333333334 0.0984375
2 0.5046875 0.34375 0.016666666666666666 0.0578125
2 0.5338541666666666 0.30520833333333336 0.011979166666666667 0.043229166666666666
2 0.5598958333333334 0.2838541666666667 0.007291666666666667 0.03125
2 0.5697916666666667 0.2765625 0.007291666666666667 0.0265625
2 0.5697916666666667 0.26197916666666665 0.0046875 0.021875
2 0.5494791666666666 0.259375 0.0046875 0.019270833333333334
2 0.5338541666666666 0.25729166666666664 0.0046875 0.019270833333333334
2 0.5166666666666667 0.2546875 0.0046875 0.016666666666666666
2 0.49895833333333334 0.2546875 0.0046875 0.016666666666666666
0 0.4713541666666667 0.271875 0.007291666666666667 0.023958333333333335
0 0.4625 0.26666666666666666 0.0046875 0.023958333333333335
0 0.45677083333333335 0.2838541666666667 0.007291666666666667 0.028645833333333332
0 0.44375 0.26458333333333334 0.0046875 0.019270833333333334
0 0.42083333333333334 0.26458333333333334 0.0046875 0.019270833333333334
0 0.41458333333333336 0.30052083333333335 0.009375 0.033854166666666664
0 0.3932291666666667 0.26666666666666666 0.0046875 0.021875
0 0.365625 0.271875 0.0046875 0.019270833333333334
0 0.37604166666666666 0.31875 0.009375 0.040625
0 0.328125 0.28125 0.007291666666666667 0.023958333333333335
0 0.3098958333333333 0.36302083333333335 0.014583333333333334 0.0578125
0 0.275 0.29322916666666665 0.009375 0.023958333333333335
1 0.24270833333333333 0.29322916666666665 0.009375 0.050520833333333334
1 0.23177083333333334 0.29322916666666665 0.011979166666666667 0.050520833333333334
1 0.19479166666666667 0.290625 0.009375 0.043229166666666666
1 0.18385416666666668 0.290625 0.009375 0.04583333333333333
0 0.15885416666666666 0.32083333333333336 0.011979166666666667 0.033854166666666664
2 0.12864583333333332 0.3125 0.009375 0.028645833333333332
0 0.18125 0.5072916666666667 0.040625 0.12239583333333333
2 0.2875 0.28020833333333334 0.0046875 0.019270833333333334
2 0.33541666666666664 0.26927083333333335 0.0046875 0.016666666666666666
2 0.3619791666666667 0.26458333333333334 0.0046875 0.016666666666666666
2 0.39791666666666664 0.259375 0.0046875 0.014583333333333334
2 0.44947916666666665 0.2546875 0.0046875 0.016666666666666666
2 0.47239583333333335 0.2546875 0.0046875 0.016666666666666666
2 0.23541666666666666 0.28854166666666664 0.0046875 0.0265625