2 0.696875 0.23802083333333332 0.0046875 0.023958333333333335
2 0.5651041666666666 0.26666666666666666 0.0046875 0.03125
2 0.8401041666666667 0.2526041666666667 0.007291666666666667 0.03125
2 0.9 0.26666666666666666 0.009375 0.0359375
2 0.5744791666666667 0.28854166666666664 0.007291666666666667 0.040625
0 0.4484375 0.32447916666666665 0.011979166666666667 0.04791666666666667
2 0.59375 0.31979166666666664 0.016666666666666666 0.05520833333333333
2 0.6296875 0.3703125 0.021875 0.08177083333333333
0 0.38229166666666664 0.4328125 0.021875 0.0984375
2 0.6864583333333333 0.44947916666666665 0.033854166666666664 0.12239583333333333
2 0.9208333333333333 0.75 0.03854166666666667 0.1609375
0 0.46510416666666665 0.29322916666666665 0.007291666666666667 0.03854166666666667
0 0.475 0.27291666666666664 0.0046875 0.03125
0 0.48541666666666666 0.259375 0.0046875 0.028645833333333332
0 0.49635416666666665 0.2546875 0.0046875 0.021875
0 0.5229166666666667 0.2453125 0.0026041666666666665 0.019270833333333334
2 0.734375 0.240625 0.0046875 0.028645833333333332
2 0.7765625 0.24270833333333333 0.007291666666666667 0.033854166666666664
0 0.9088541666666666 0.24895833333333334 0.0046875 0.0265625
0 0.8546875 0.24166666666666667 0.007291666666666667 0.023958333333333335
0 0.8171875 0.240625 0.007291666666666667 0.023958333333333335
2 0.5770833333333333 0.24739583333333334 0.0046875 0.021875
2 0.59375 0.24270833333333333 0.0046875 0.019270833333333334
2 0.61875 0.240625 0.0046875 0.019270833333333334
2 0.6453125 0.240625 0.0046875 0.019270833333333334
2 0.665625 0.2390625 0.0046875 0.019270833333333334
0 0.13802083333333334 0.7666666666666667 0.03854166666666667 0.13229166666666667
0 0.540625 0.24270833333333333 0.007291666666666667 0.0265625
2 0.5552083333333333 0.2234375 0.0046875 0.019270833333333334
0 0.5708333333333333 0.23802083333333332 0.007291666666666667 0.021875
0 0.5973958333333333 0.234375 0.0026041666666666665 0.016666666666666666
0 0.6260416666666667 0.23333333333333334 0.0046875 0.019270833333333334
0 0.6598958333333333 0.234375 0.0026041666666666665 0.021875
0 0.69375 0.234375 0.0046875 0.021875
0 0.7296875 0.23541666666666666 0.0046875 0.021875
0 0.771875 0.23697916666666666 0.0046875 0.021875