0 0.33177083333333335 0.40520833333333334 0.023958333333333335 0.084375
2 0.5203125 0.30052083333333335 0.007291666666666667 0.043229166666666666
2 0.5515625 0.31614583333333335 0.011979166666666667 0.04791666666666667
2 0.6119791666666666 0.36302083333333335 0.016666666666666666 0.07447916666666667
2 0.6645833333333333 0.30520833333333336 0.011979166666666667 0.053125
2 0.80625 0.35104166666666664 0.0265625 0.07916666666666666
2 0.8776041666666666 0.61875 0.0671875 0.22135416666666666
0 0.7859375 0.2765625 0.011979166666666667 0.053125
0 0.7223958333333333 0.26666666666666666 0.011979166666666667 0.043229166666666666
0 0.6682291666666667 0.259375 0.007291666666666667 0.033854166666666664
0 0.6395833333333333 0.2546875 0.007291666666666667 0.028645833333333332
0 0.5963541666666666 0.25104166666666666 0.0046875 0.021875
0 0.5671875 0.2526041666666667 0.0046875 0.019270833333333334
2 0.571875 0.2765625 0.011979166666666667 0.043229166666666666
2 0.6140625 0.2859375 0.011979166666666667 0.043229166666666666
2 0.540625 0.2703125 0.007291666666666667 0.033854166666666664
2 0.49895833333333334 0.2838541666666667 0.009375 0.033854166666666664
2 0.5083333333333333 0.27395833333333336 0.007291666666666667 0.033854166666666664
0 0.5182291666666666 0.25729166666666664 0.0046875 0.019270833333333334
0 0.478125 0.26197916666666665 0.0046875 0.023958333333333335
0 0.428125 0.2703125 0.007291666666666667 0.0265625
0 0.4036458333333333 0.28125 0.007291666666666667 0.033854166666666664
0 0.37395833333333334 0.3015625 0.009375 0.03854166666666667
0 0.36041666666666666 0.32708333333333334 0.011979166666666667 0.04791666666666667
0 0.171875 0.7958333333333333 0.023958333333333335 0.06979166666666667
0 0.8953125 0.21875 0.007291666666666667 0.021875
0 0.8666666666666667 0.21614583333333334 0.0046875 0.019270833333333334
0 0.8723958333333334 0.21614583333333334 0.0046875 0.019270833333333334
0 0.9291666666666667 0.21041666666666667 0.0046875 0.019270833333333334
0 0.9338541666666667 0.2234375 0.007291666666666667 0.028645833333333332