2 0.12604166666666666 0.5338541666666666 0.009375 0.016666666666666666
0 0.17552083333333332 0.5338541666666666 0.009375 0.016666666666666666
2 0.165625 0.5442708333333334 0.019270833333333334 0.03854166666666667
0 0.13697916666666668 0.5395833333333333 0.014583333333333334 0.023958333333333335
0 0.334375 0.5432291666666667 0.014583333333333334 0.028645833333333332
1 0.56875 0.5375 0.0026041666666666665 0.011979166666666667
1 0.5635416666666667 0.540625 0.007291666666666667 0.016666666666666666
1 0.553125 0.5458333333333333 0.009375 0.021875
1 0.6645833333333333 0.5421875 0.009375 0.011979166666666667
2 0.29583333333333334 0.5598958333333334 0.0265625 0.04583333333333333
1 0.6802083333333333 0.546875 0.007291666666666667 0.016666666666666666
1 0.5375 0.5541666666666667 0.011979166666666667 0.028645833333333332
0 0.5265625 0.5625 0.019270833333333334 0.03854166666666667
1 0.7104166666666667 0.5541666666666667 0.011979166666666667 0.023958333333333335
1 0.7489583333333333 0.5661458333333333 0.016666666666666666 0.028645833333333332
2 0.38333333333333336 0.5901041666666667 0.0265625 0.0671875
2 0.8255208333333334 0.578125 0.021875 0.03854166666666667
1 0.359375 0.6489583333333333 0.071875 0.12239583333333333
2 0.3015625 0.6708333333333333 0.08645833333333333 0.146875
1 0.22708333333333333 0.7041666666666667 0.11302083333333333 0.18489583333333334