1 0.12135416666666667 0.5515625 0.011979166666666667 0.023958333333333335
0 0.14427083333333332 0.553125 0.011979166666666667 0.023958333333333335
1 0.1671875 0.5541666666666667 0.011979166666666667 0.023958333333333335
2 0.18645833333333334 0.5598958333333334 0.019270833333333334 0.0359375
0 0.31354166666666666 0.5614583333333333 0.009375 0.023958333333333335
2 0.32083333333333336 0.5708333333333333 0.021875 0.043229166666666666
2 0.4171875 0.5864583333333333 0.0265625 0.0625
0 0.5385416666666667 0.578125 0.016666666666666666 0.033854166666666664
2 0.546875 0.5755208333333334 0.007291666666666667 0.0265625
1 0.7041666666666667 0.5828125 0.011979166666666667 0.023958333333333335
1 0.725 0.5901041666666667 0.019270833333333334 0.033854166666666664
0 0.78125 0.6020833333333333 0.03125 0.053125
2 0.390625 0.6588541666666666 0.06979166666666667 0.13229166666666667