0 0.875 0.37604166666666666 0.007291666666666667 0.009375
0 0.7921875 0.3776041666666667 0.0046875 0.009375
2 0.9026041666666667 0.37864583333333335 0.007291666666666667 0.011979166666666667
2 0.8208333333333333 0.37864583333333335 0.007291666666666667 0.011979166666666667
0 0.7161458333333334 0.37864583333333335 0.0046875 0.009375
2 0.7453125 0.3796875 0.007291666666666667 0.011979166666666667
0 0.640625 0.38125 0.0046875 0.009375
2 0.6921875 0.38229166666666664 0.007291666666666667 0.011979166666666667
0 0.5890625 0.38229166666666664 0.007291666666666667 0.009375
2 0.6442708333333333 0.38333333333333336 0.007291666666666667 0.011979166666666667
0 0.5229166666666667 0.3859375 0.007291666666666667 0.011979166666666667
2 0.5708333333333333 0.38697916666666665 0.007291666666666667 0.011979166666666667
0 0.43645833333333334 0.38958333333333334 0.007291666666666667 0.011979166666666667
2 0.49270833333333336 0.390625 0.007291666666666667 0.011979166666666667
0 0.3411458333333333 0.39166666666666666 0.007291666666666667 0.011979166666666667
0 0.2526041666666667 0.39427083333333335 0.007291666666666667 0.011979166666666667
2 0.38697916666666665 0.39427083333333335 0.007291666666666667 0.011979166666666667
2 0.2682291666666667 0.396875 0.009375 0.014583333333333334
0 0.15260416666666668 0.396875 0.0046875 0.011979166666666667
2 0.12760416666666666 0.4015625 0.009375 0.011979166666666667
2 0.23541666666666666 0.634375 0.08177083333333333 0.115625