0 0.7151041666666667 0.328125 0.007291666666666667 0.011979166666666667
0 0.8125 0.328125 0.0046875 0.011979166666666667
0 0.6057291666666667 0.32916666666666666 0.0046875 0.011979166666666667
2 0.8979166666666667 0.3328125 0.007291666666666667 0.014583333333333334
2 0.7875 0.33177083333333335 0.007291666666666667 0.011979166666666667
0 0.5302083333333333 0.3328125 0.007291666666666667 0.011979166666666667
2 0.6875 0.334375 0.007291666666666667 0.014583333333333334
0 0.4640625 0.33645833333333336 0.009375 0.014583333333333334
2 0.6083333333333333 0.3375 0.007291666666666667 0.014583333333333334
0 0.42083333333333334 0.3411458333333333 0.009375 0.016666666666666666
2 0.5807291666666666 0.3411458333333333 0.007291666666666667 0.016666666666666666
0 0.40260416666666665 0.3484375 0.011979166666666667 0.019270833333333334
2 0.5890625 0.3484375 0.011979166666666667 0.021875
0 0.3796875 0.36041666666666666 0.014583333333333334 0.0265625
2 0.6057291666666667 0.3619791666666667 0.014583333333333334 0.023958333333333335
2 0.640625 0.38125 0.019270833333333334 0.033854166666666664
0 0.34010416666666665 0.38125 0.019270833333333334 0.03125
0 0.26927083333333335 0.4171875 0.0265625 0.04791666666666667
2 0.725 0.4265625 0.033854166666666664 0.050520833333333334
0 0.11041666666666666 0.50625 0.0578125 0.084375
2 0.8916666666666667 0.5265625 0.053125 0.09635416666666667