0 0.9052083333333333 0.3796875 0.007291666666666667 0.009375
0 0.790625 0.39427083333333335 0.007291666666666667 0.014583333333333334
0 0.6958333333333333 0.4036458333333333 0.009375 0.016666666666666666
0 0.6286458333333333 0.4125 0.009375 0.019270833333333334
2 0.834375 0.40520833333333334 0.011979166666666667 0.019270833333333334
2 0.7848958333333333 0.41354166666666664 0.011979166666666667 0.021875
1 0.34270833333333334 0.43385416666666665 0.0265625 0.050520833333333334
1 0.40989583333333335 0.428125 0.0265625 0.04791666666666667
1 0.5697916666666667 0.44114583333333335 0.03125 0.059895833333333336
0 0.5458333333333333 0.421875 0.011979166666666667 0.023958333333333335
1 0.6203125 0.43385416666666665 0.0265625 0.053125
2 0.7197916666666667 0.42552083333333335 0.016666666666666666 0.028645833333333332
0 0.7546875 0.39895833333333336 0.009375 0.014583333333333334
0 0.8270833333333333 0.390625 0.007291666666666667 0.011979166666666667
0 0.8473958333333333 0.38697916666666665 0.007291666666666667 0.011979166666666667
0 0.8677083333333333 0.384375 0.007291666666666667 0.011979166666666667
2 0.875 0.39895833333333336 0.009375 0.016666666666666666
0 0.8869791666666667 0.38125 0.007291666666666667 0.011979166666666667
2 0.9015625 0.3953125 0.007291666666666667 0.014583333333333334