0 0.84375 0.384375 0.007291666666666667 0.011979166666666667
0 0.725 0.3859375 0.007291666666666667 0.011979166666666667
0 0.63125 0.3859375 0.007291666666666667 0.011979166666666667
2 0.8932291666666666 0.38958333333333334 0.009375 0.014583333333333334
0 0.5395833333333333 0.3880208333333333 0.007291666666666667 0.011979166666666667
2 0.7546875 0.390625 0.009375 0.014583333333333334
2 0.625 0.39166666666666666 0.007291666666666667 0.011979166666666667
0 0.4505208333333333 0.390625 0.007291666666666667 0.011979166666666667
2 0.5182291666666666 0.3932291666666667 0.007291666666666667 0.011979166666666667
0 0.34739583333333335 0.39427083333333335 0.007291666666666667 0.011979166666666667
2 0.4109375 0.396875 0.007291666666666667 0.014583333333333334
0 0.23541666666666666 0.39895833333333336 0.0046875 0.011979166666666667
2 0.296875 0.4 0.009375 0.014583333333333334
0 0.1359375 0.4036458333333333 0.007291666666666667 0.011979166666666667
2 0.234375 0.40989583333333335 0.009375 0.016666666666666666
2 0.29583333333333334 0.4125 0.011979166666666667 0.019270833333333334
2 0.37864583333333335 0.41822916666666665 0.014583333333333334 0.021875
2 0.459375 0.4265625 0.016666666666666666 0.0265625
0 0.13802083333333334 0.428125 0.014583333333333334 0.023958333333333335
0 0.15 0.44375 0.019270833333333334 0.028645833333333332
2 0.5026041666666666 0.44479166666666664 0.021875 0.033854166666666664
2 0.47708333333333336 0.48541666666666666 0.033854166666666664 0.053125
2 0.59375 0.6333333333333333 0.08177083333333333 0.12239583333333333
0 0.084375 0.4244791666666667 0.0046875 0.016666666666666666