2 0.2921875 0.49375 0.009375 0.021875
2 0.3567708333333333 0.49635416666666665 0.011979166666666667 0.021875
2 0.2125 0.4973958333333333 0.011979166666666667 0.021875
2 0.10572916666666667 0.49895833333333334 0.011979166666666667 0.021875
2 0.14895833333333333 0.5 0.014583333333333334 0.023958333333333335
2 0.4192708333333333 0.5026041666666666 0.011979166666666667 0.023958333333333335
2 0.475 0.5119791666666667 0.014583333333333334 0.028645833333333332
2 0.5276041666666667 0.5239583333333333 0.016666666666666666 0.033854166666666664
0 0.13697916666666668 0.5359375 0.019270833333333334 0.033854166666666664
0 0.20052083333333334 0.5552083333333333 0.021875 0.043229166666666666
2 0.6046875 0.55625 0.028645833333333332 0.050520833333333334
2 0.6791666666666667 0.6223958333333334 0.043229166666666666 0.084375
0 0.15364583333333334 0.6489583333333333 0.059895833333333336 0.08645833333333333