2 0.6442708333333333 0.6166666666666667 0.023958333333333335 0.0578125
2 0.75625 0.5671875 0.007291666666666667 0.0265625
2 0.8291666666666667 0.56875 0.007291666666666667 0.021875
1 0.5458333333333333 0.5421875 0.007291666666666667 0.0265625
1 0.38697916666666665 0.521875 0.009375 0.0265625
2 0.8125 0.553125 0.0046875 0.014583333333333334
2 0.921875 0.5755208333333334 0.007291666666666667 0.021875
2 0.6921875 0.5744791666666667 0.014583333333333334 0.033854166666666664
2 0.6671875 0.5385416666666667 0.007291666666666667 0.016666666666666666
1 0.415625 0.5109375 0.007291666666666667 0.016666666666666666
2 0.5875 0.5265625 0.0026041666666666665 0.014583333333333334
1 0.5229166666666667 0.5239583333333333 0.007291666666666667 0.016666666666666666
2 0.5458333333333333 0.515625 0.0026041666666666665 0.011979166666666667
1 0.4661458333333333 0.5083333333333333 0.0046875 0.016666666666666666
2 0.8291666666666667 0.5515625 0.0026041666666666665 0.014583333333333334
2 0.5286458333333334 0.509375 0.0026041666666666665 0.009375
2 0.7802083333333333 0.5322916666666667 0.0026041666666666665 0.007291666666666667
2 0.81875 0.5458333333333333 0.0026041666666666665 0.011979166666666667
2 0.5395833333333333 0.5072916666666667 0.0026041666666666665 0.007291666666666667
2 0.7619791666666667 0.5494791666666666 0.0046875 0.016666666666666666
1 0.875 0.553125 0.0046875 0.011979166666666667
0 0.9072916666666667 0.5661458333333333 0.0026041666666666665 0.014583333333333334
2 0.7942708333333334 0.8640625 0.08177083333333333 0.06510416666666667
1 0.4640625 0.5026041666666666 0.0046875 0.011979166666666667
1 0.4890625 0.5010416666666667 0.0046875 0.007291666666666667
1 0.8317708333333333 0.5421875 0.0026041666666666665 0.009375
1 0.9036458333333334 0.5614583333333333 0.0046875 0.011979166666666667
1 0.5286458333333334 0.5 0.0026041666666666665 0.007291666666666667
1 0.38229166666666664 0.5432291666666667 0.007291666666666667 0.016666666666666666