1 0.5875 0.49895833333333334 0.011979166666666667 0.021875
2 0.4401041666666667 0.4953125 0.009375 0.021875
2 0.5145833333333333 0.48333333333333334 0.007291666666666667 0.014583333333333334
2 0.3859375 0.5119791666666667 0.011979166666666667 0.028645833333333332
2 0.3015625 0.5541666666666667 0.019270833333333334 0.04583333333333333
1 0.571875 0.509375 0.011979166666666667 0.028645833333333332
1 0.6020833333333333 0.49166666666666664 0.007291666666666667 0.016666666666666666
2 0.49166666666666664 0.48802083333333335 0.009375 0.014583333333333334
1 0.6552083333333333 0.5552083333333333 0.0265625 0.053125
2 0.47708333333333336 0.47708333333333336 0.007291666666666667 0.011979166666666667
1 0.5807291666666666 0.4817708333333333 0.007291666666666667 0.011979166666666667
2 0.49895833333333334 0.4817708333333333 0.007291666666666667 0.011979166666666667
1 0.553125 0.478125 0.0026041666666666665 0.011979166666666667
1 0.5588541666666667 0.47239583333333335 0.0046875 0.009375
1 0.6083333333333333 0.4869791666666667 0.007291666666666667 0.011979166666666667
1 0.5432291666666667 0.4734375 0.0026041666666666665 0.009375
1 0.5348958333333333 0.47604166666666664 0.0026041666666666665 0.009375
2 0.490625 0.47239583333333335 0.0046875 0.009375
1 0.5395833333333333 0.475 0.0026041666666666665 0.009375
2 0.4973958333333333 0.4713541666666667 0.0046875 0.009375
1 0.5734375 0.4713541666666667 0.0046875 0.007291666666666667
2 0.5182291666666666 0.4713541666666667 0.0026041666666666665 0.009375