2 0.7307291666666667 0.584375 0.021875 0.0359375
2 0.884375 0.6802083333333333 0.0578125 0.07916666666666666
2 0.6333333333333333 0.5286458333333334 0.0046875 0.011979166666666667
1 0.5229166666666667 0.515625 0.007291666666666667 0.019270833333333334
1 0.5359375 0.5109375 0.0046875 0.011979166666666667
2 0.5963541666666666 0.515625 0.0026041666666666665 0.009375
2 0.5552083333333333 0.5026041666666666 0.0026041666666666665 0.007291666666666667
1 0.5083333333333333 0.4953125 0.0026041666666666665 0.009375
2 0.678125 0.5494791666666666 0.007291666666666667 0.021875
2 0.5359375 0.49635416666666665 0.0026041666666666665 0.009375
2 0.6442708333333333 0.5166666666666667 0.0026041666666666665 0.007291666666666667
2 0.6203125 0.509375 0.0046875 0.0046875
2 0.6828125 0.525 0.0026041666666666665 0.007291666666666667
1 0.5203125 0.5 0.0026041666666666665 0.009375
2 0.6536458333333334 0.5192708333333333 0.0026041666666666665 0.007291666666666667
2 0.6104166666666667 0.5083333333333333 0.0026041666666666665 0.0046875
2 0.6885416666666667 0.5265625 0.0026041666666666665 0.007291666666666667
2 0.709375 0.53125 0.0026041666666666665 0.007291666666666667
2 0.7307291666666667 0.5375 0.0026041666666666665 0.007291666666666667
2 0.7369791666666666 0.5385416666666667 0.0026041666666666665 0.007291666666666667
2 0.8739583333333333 0.5734375 0.0026041666666666665 0.007291666666666667
2 0.8244791666666667 0.5614583333333333 0.0026041666666666665 0.009375