2 0.6119791666666666 0.5083333333333333 0.009375 0.021875
2 0.49895833333333334 0.515625 0.014583333333333334 0.03125
2 0.7802083333333333 0.49166666666666664 0.0026041666666666665 0.014583333333333334
2 0.6572916666666667 0.5 0.007291666666666667 0.019270833333333334
2 0.3640625 0.5229166666666667 0.009375 0.028645833333333332
1 0.6885416666666667 0.5515625 0.021875 0.04583333333333333
2 0.884375 0.49166666666666664 0.0046875 0.011979166666666667
2 0.7317708333333334 0.4953125 0.0046875 0.014583333333333334
1 0.7942708333333334 0.525 0.011979166666666667 0.028645833333333332
2 0.38125 0.4796875 0.0046875 0.009375
1 0.7875 0.5072916666666667 0.007291666666666667 0.021875
2 0.5864583333333333 0.4817708333333333 0.0026041666666666665 0.011979166666666667
2 0.41822916666666665 0.48072916666666665 0.0046875 0.009375
1 0.45416666666666666 0.47708333333333336 0.0026041666666666665 0.009375
2 0.321875 0.48072916666666665 0.0046875 0.009375
2 0.4036458333333333 0.4796875 0.0046875 0.009375
1 0.9255208333333333 0.5 0.0046875 0.014583333333333334
1 0.8473958333333333 0.5010416666666667 0.0046875 0.016666666666666666
1 0.4713541666666667 0.478125 0.0026041666666666665 0.007291666666666667
1 0.49270833333333336 0.478125 0.0026041666666666665 0.009375
1 0.37135416666666665 0.47604166666666664 0.0026041666666666665 0.007291666666666667
1 0.8041666666666667 0.8041666666666667 0.09375 0.18489583333333334
1 0.3463541666666667 0.47708333333333336 0.0026041666666666665 0.007291666666666667
1 0.6083333333333333 0.47604166666666664 0.0026041666666666665 0.009375
2 0.29583333333333334 0.4796875 0.0026041666666666665 0.007291666666666667
0 0.4401041666666667 0.48802083333333335 0.0046875 0.011979166666666667
2 0.5229166666666667 0.484375 0.0026041666666666665 0.011979166666666667
1 0.396875 0.47604166666666664 0.0026041666666666665 0.009375
1 0.5744791666666667 0.478125 0.0026041666666666665 0.009375
1 0.4265625 0.47604166666666664 0.0026041666666666665 0.009375
0 0.3484375 0.49166666666666664 0.0026041666666666665 0.011979166666666667
2 0.35104166666666664 0.4796875 0.0026041666666666665 0.009375
1 0.30052083333333335 0.478125 0.0026041666666666665 0.007291666666666667
0 0.29583333333333334 0.4890625 0.0026041666666666665 0.009375
0 0.3125 0.484375 0.0026041666666666665 0.007291666666666667
0 0.35208333333333336 0.484375 0.0026041666666666665 0.007291666666666667
0 0.39791666666666664 0.484375 0.0026041666666666665 0.009375