1 0.5973958333333333 0.8447916666666667 0.059895833333333336 0.10104166666666667
1 0.15989583333333332 0.765625 0.06979166666666667 0.10833333333333334
1 0.8473958333333333 0.725 0.053125 0.07447916666666667
1 0.7666666666666667 0.6588541666666666 0.033854166666666664 0.0578125
1 0.203125 0.6692708333333334 0.043229166666666666 0.084375
1 0.1296875 0.7041666666666667 0.04791666666666667 0.09114583333333333
1 0.2921875 0.65625 0.04791666666666667 0.07447916666666667
1 0.7692708333333333 0.7630208333333334 0.04791666666666667 0.0890625
1 0.7703125 0.7416666666666667 0.04791666666666667 0.08645833333333333
1 0.5734375 0.6286458333333333 0.011979166666666667 0.023958333333333335
2 0.7666666666666667 0.5494791666666666 0.019270833333333334 0.0359375
2 0.6322916666666667 0.609375 0.0265625 0.050520833333333334
2 0.7427083333333333 0.5322916666666667 0.014583333333333334 0.033854166666666664
2 0.11041666666666666 0.5614583333333333 0.0265625 0.053125
2 0.24739583333333334 0.553125 0.021875 0.043229166666666666
2 0.17552083333333332 0.5322916666666667 0.021875 0.043229166666666666
2 0.23177083333333334 0.5239583333333333 0.021875 0.040625
2 0.19375 0.5026041666666666 0.019270833333333334 0.0359375
2 0.3703125 0.5734375 0.0265625 0.04791666666666667
2 0.36875 0.525 0.019270833333333334 0.03854166666666667
2 0.5578125 0.540625 0.016666666666666666 0.0265625
2 0.45677083333333335 0.5265625 0.016666666666666666 0.014583333333333334
1 0.4171875 0.6286458333333333 0.014583333333333334 0.028645833333333332
1 0.9135416666666667 0.81875 0.0265625 0.09114583333333333