2 0.31614583333333335 0.5458333333333333 0.011979166666666667 0.033854166666666664
1 0.5661458333333333 0.5348958333333333 0.019270833333333334 0.03854166666666667
2 0.34375 0.5239583333333333 0.011979166666666667 0.023958333333333335
2 0.384375 0.5010416666666667 0.007291666666666667 0.014583333333333334
2 0.3640625 0.509375 0.009375 0.019270833333333334
1 0.4869791666666667 0.5036458333333333 0.009375 0.019270833333333334
1 0.50625 0.5130208333333334 0.014583333333333334 0.0265625
1 0.7489583333333333 0.6057291666666667 0.03854166666666667 0.07916666666666666
1 0.48072916666666665 0.49895833333333334 0.007291666666666667 0.014583333333333334
2 0.4265625 0.49270833333333336 0.007291666666666667 0.011979166666666667
1 0.5 0.49270833333333336 0.007291666666666667 0.011979166666666667
2 0.446875 0.4890625 0.0046875 0.011979166666666667
1 0.5854166666666667 0.4796875 0.0046875 0.009375
1 0.525 0.48802083333333335 0.007291666666666667 0.011979166666666667
1 0.5505208333333333 0.484375 0.007291666666666667 0.011979166666666667
2 0.45677083333333335 0.48802083333333335 0.0046875 0.009375
1 0.65 0.4734375 0.0046875 0.009375
1 0.6572916666666667 0.47239583333333335 0.0026041666666666665 0.007291666666666667
1 0.615625 0.47708333333333336 0.0046875 0.009375
1 0.6552083333333333 0.4713541666666667 0.0026041666666666665 0.007291666666666667