2 0.4192708333333333 0.5145833333333333 0.014583333333333334 0.028645833333333332
2 0.5010416666666667 0.5072916666666667 0.011979166666666667 0.0265625
2 0.8041666666666667 0.5083333333333333 0.011979166666666667 0.021875
2 0.665625 0.5036458333333333 0.011979166666666667 0.023958333333333335
2 0.584375 0.5036458333333333 0.011979166666666667 0.023958333333333335
2 0.6213541666666667 0.5036458333333333 0.011979166666666667 0.023958333333333335
2 0.7270833333333333 0.50625 0.011979166666666667 0.021875
2 0.8317708333333333 0.5046875 0.009375 0.019270833333333334
1 0.640625 0.5421875 0.016666666666666666 0.043229166666666666
1 0.7354166666666667 0.5338541666666666 0.014583333333333334 0.0359375
1 0.6369791666666667 0.5875 0.0265625 0.06510416666666667
2 0.7802083333333333 0.4890625 0.0046875 0.011979166666666667
1 0.84375 0.5338541666666666 0.014583333333333334 0.033854166666666664
1 0.8822916666666667 0.4973958333333333 0.007291666666666667 0.011979166666666667
2 0.8208333333333333 0.4953125 0.007291666666666667 0.014583333333333334
1 0.8447916666666667 0.69375 0.0578125 0.12239583333333333
1 0.915625 0.5010416666666667 0.007291666666666667 0.014583333333333334
2 0.80625 0.49270833333333336 0.007291666666666667 0.014583333333333334
2 0.7526041666666666 0.48541666666666666 0.007291666666666667 0.011979166666666667
2 0.7333333333333333 0.484375 0.007291666666666667 0.011979166666666667
2 0.8328125 0.4973958333333333 0.007291666666666667 0.016666666666666666
2 0.8463541666666666 0.5010416666666667 0.007291666666666667 0.016666666666666666
2 0.7369791666666666 0.4796875 0.0046875 0.007291666666666667
2 0.75625 0.4796875 0.0046875 0.009375
2 0.725 0.4817708333333333 0.007291666666666667 0.011979166666666667
1 0.853125 0.48541666666666666 0.007291666666666667 0.009375
1 0.81875 0.48802083333333335 0.0046875 0.009375
1 0.6635416666666667 0.4734375 0.0026041666666666665 0.007291666666666667
2 0.31875 0.46979166666666666 0.0046875 0.009375
2 0.6802083333333333 0.475 0.0046875 0.009375
2 0.3619791666666667 0.46875 0.007291666666666667 0.009375
1 0.8234375 0.4869791666666667 0.007291666666666667 0.009375
1 0.8916666666666667 0.484375 0.0046875 0.011979166666666667
2 0.775 0.4796875 0.0046875 0.007291666666666667
1 0.93125 0.490625 0.007291666666666667 0.011979166666666667
2 0.8088541666666667 0.48333333333333334 0.0046875 0.007291666666666667
2 0.6119791666666666 0.47239583333333335 0.0026041666666666665 0.007291666666666667
2 0.7057291666666666 0.47604166666666664 0.0046875 0.007291666666666667
1 0.7994791666666666 0.4869791666666667 0.0046875 0.009375
1 0.8473958333333333 0.49166666666666664 0.0046875 0.011979166666666667
2 0.7609375 0.478125 0.0046875 0.007291666666666667
2 0.80625 0.48333333333333334 0.007291666666666667 0.007291666666666667
1 0.31354166666666666 0.46510416666666665 0.0046875 0.007291666666666667
1 0.3463541666666667 0.4625 0.0046875 0.007291666666666667
2 0.39791666666666664 0.46510416666666665 0.0046875 0.009375
2 0.40729166666666666 0.4625 0.0026041666666666665 0.009375
2 0.42291666666666666 0.46510416666666665 0.0046875 0.009375
2 0.44375 0.46510416666666665 0.0046875 0.007291666666666667
2 0.4578125 0.4661458333333333 0.0026041666666666665 0.007291666666666667
2 0.49270833333333336 0.46875 0.0026041666666666665 0.007291666666666667
2 0.5145833333333333 0.46979166666666666 0.0026041666666666665 0.009375
2 0.5375 0.4713541666666667 0.0026041666666666665 0.007291666666666667