2 0.759375 0.5083333333333333 0.019270833333333334 0.043229166666666666
0 0.8880208333333334 0.43020833333333336 0.0046875 0.014583333333333334
0 0.8989583333333333 0.44479166666666664 0.007291666666666667 0.016666666666666666
1 0.9182291666666667 0.46510416666666665 0.007291666666666667 0.023958333333333335
2 0.8088541666666667 0.415625 0.007291666666666667 0.014583333333333334
2 0.7682291666666666 0.4505208333333333 0.011979166666666667 0.0265625
2 0.81875 0.4125 0.0046875 0.014583333333333334
0 0.8822916666666667 0.4244791666666667 0.0046875 0.011979166666666667
0 0.8776041666666666 0.415625 0.0046875 0.009375
2 0.8291666666666667 0.40260416666666665 0.0026041666666666665 0.009375
2 0.7979166666666667 0.42552083333333335 0.007291666666666667 0.016666666666666666
0 0.9338541666666667 0.49166666666666664 0.0026041666666666665 0.021875
2 0.8234375 0.40625 0.0046875 0.011979166666666667
0 0.8703125 0.40520833333333334 0.0026041666666666665 0.007291666666666667
2 0.8328125 0.3953125 0.0026041666666666665 0.007291666666666667
0 0.8677083333333333 0.4015625 0.0026041666666666665 0.007291666666666667
1 0.7838541666666666 0.43854166666666666 0.007291666666666667 0.021875
2 0.8364583333333333 0.3932291666666667 0.0026041666666666665 0.007291666666666667
1 0.7875 0.43645833333333334 0.0046875 0.021875
2 0.8291666666666667 0.39791666666666664 0.0026041666666666665 0.007291666666666667
1 0.915625 0.46145833333333336 0.007291666666666667 0.021875
0 0.8739583333333333 0.40989583333333335 0.0026041666666666665 0.009375