2 0.42916666666666664 0.5130208333333334 0.014583333333333334 0.033854166666666664
1 0.6536458333333334 0.5348958333333333 0.016666666666666666 0.03854166666666667
1 0.640625 0.48541666666666666 0.007291666666666667 0.014583333333333334
1 0.5911458333333334 0.50625 0.009375 0.023958333333333335
2 0.4817708333333333 0.48333333333333334 0.007291666666666667 0.016666666666666666
2 0.453125 0.49375 0.009375 0.021875
2 0.525 0.4817708333333333 0.007291666666666667 0.014583333333333334
1 0.5890625 0.49375 0.007291666666666667 0.016666666666666666
1 0.6515625 0.4796875 0.007291666666666667 0.014583333333333334
2 0.5661458333333333 0.4796875 0.007291666666666667 0.011979166666666667
2 0.5890625 0.47239583333333335 0.0046875 0.009375
1 0.6588541666666666 0.475 0.007291666666666667 0.011979166666666667
1 0.671875 0.46979166666666666 0.007291666666666667 0.009375
1 0.7005208333333334 0.4640625 0.0046875 0.007291666666666667
2 0.6119791666666666 0.46510416666666665 0.0026041666666666665 0.009375
2 0.39791666666666664 0.5265625 0.009375 0.023958333333333335
2 0.6588541666666666 0.46041666666666664 0.0026041666666666665 0.007291666666666667
2 0.69375 0.45677083333333335 0.0026041666666666665 0.007291666666666667
2 0.7317708333333334 0.453125 0.0026041666666666665 0.0046875
2 0.7682291666666666 0.44947916666666665 0.0026041666666666665 0.0046875
2 0.8135416666666667 0.446875 0.0026041666666666665 0.0046875
2 0.8447916666666667 0.44583333333333336 0.0026041666666666665 0.0026041666666666665
1 0.7296875 0.459375 0.0026041666666666665 0.007291666666666667
1 0.7645833333333333 0.4557291666666667 0.0026041666666666665 0.0046875
1 0.7994791666666666 0.45208333333333334 0.0026041666666666665 0.0046875
1 0.8401041666666667 0.4484375 0.0026041666666666665 0.0046875
2 0.5145833333333333 0.4557291666666667 0.0026041666666666665 0.0046875
2 0.5083333333333333 0.46041666666666664 0.0026041666666666665 0.0046875
2 0.5322916666666667 0.453125 0.0026041666666666665 0.0046875
2 0.5239583333333333 0.45416666666666666 0.0026041666666666665 0.0046875
2 0.5458333333333333 0.45208333333333334 0.0026041666666666665 0.0046875
2 0.55625 0.45208333333333334 0.0026041666666666665 0.0046875
2 0.5697916666666667 0.4505208333333333 0.0026041666666666665 0.0046875
2 0.4484375 0.46510416666666665 0.0026041666666666665 0.007291666666666667