2 0.32447916666666665 0.5229166666666667 0.016666666666666666 0.033854166666666664
2 0.4348958333333333 0.4953125 0.007291666666666667 0.016666666666666666
2 0.27291666666666664 0.5182291666666666 0.014583333333333334 0.028645833333333332
1 0.30052083333333335 0.49375 0.007291666666666667 0.016666666666666666
1 0.46041666666666664 0.5072916666666667 0.011979166666666667 0.023958333333333335
1 0.3234375 0.49166666666666664 0.007291666666666667 0.014583333333333334
1 0.41458333333333336 0.5026041666666666 0.011979166666666667 0.021875
1 0.5661458333333333 0.521875 0.014583333333333334 0.028645833333333332
1 0.35833333333333334 0.48541666666666666 0.0046875 0.011979166666666667
1 0.34375 0.4869791666666667 0.0046875 0.011979166666666667
2 0.45677083333333335 0.49166666666666664 0.007291666666666667 0.011979166666666667
1 0.7546875 0.521875 0.011979166666666667 0.019270833333333334
1 0.734375 0.578125 0.0265625 0.053125
1 0.38333333333333336 0.5 0.009375 0.019270833333333334
1 0.26197916666666665 0.4953125 0.009375 0.019270833333333334
2 0.6020833333333333 0.5046875 0.007291666666666667 0.019270833333333334
1 0.39791666666666664 0.484375 0.007291666666666667 0.011979166666666667
1 0.328125 0.4890625 0.007291666666666667 0.014583333333333334
2 0.44375 0.484375 0.0046875 0.011979166666666667
2 0.584375 0.5026041666666666 0.007291666666666667 0.019270833333333334
1 0.49270833333333336 0.48802083333333335 0.007291666666666667 0.011979166666666667
1 0.2921875 0.47604166666666664 0.0046875 0.009375
1 0.26458333333333334 0.49270833333333336 0.007291666666666667 0.019270833333333334
1 0.2682291666666667 0.478125 0.0026041666666666665 0.007291666666666667
1 0.275 0.478125 0.0026041666666666665 0.009375
2 0.42083333333333334 0.4817708333333333 0.0046875 0.009375
2 0.46510416666666665 0.4890625 0.007291666666666667 0.011979166666666667
1 0.26458333333333334 0.48072916666666665 0.0026041666666666665 0.011979166666666667
2 0.38697916666666665 0.5286458333333334 0.007291666666666667 0.016666666666666666
2 0.803125 0.5286458333333334 0.011979166666666667 0.023958333333333335
1 0.271875 0.49635416666666665 0.009375 0.009375
2 0.4171875 0.4817708333333333 0.0046875 0.009375
1 0.6067708333333334 0.5046875 0.0046875 0.019270833333333334
2 0.5541666666666667 0.49895833333333334 0.007291666666666667 0.021875