2 0.6322916666666667 0.5286458333333334 0.011979166666666667 0.019270833333333334
2 0.6359375 0.5541666666666667 0.021875 0.033854166666666664
2 0.6572916666666667 0.515625 0.007291666666666667 0.011979166666666667
1 0.56875 0.5072916666666667 0.007291666666666667 0.011979166666666667
2 0.9125 0.6901041666666666 0.04791666666666667 0.10104166666666667
1 0.5385416666666667 0.5083333333333333 0.007291666666666667 0.014583333333333334
2 0.6682291666666667 0.5239583333333333 0.007291666666666667 0.014583333333333334
2 0.5984375 0.49895833333333334 0.007291666666666667 0.009375
2 0.6322916666666667 0.5072916666666667 0.0046875 0.007291666666666667
2 0.525 0.48333333333333334 0.0026041666666666665 0.007291666666666667
2 0.671875 0.5046875 0.0026041666666666665 0.0046875
2 0.5479166666666667 0.48802083333333335 0.0046875 0.007291666666666667
2 0.6453125 0.5 0.0046875 0.0046875
2 0.571875 0.49375 0.0046875 0.007291666666666667
2 0.7104166666666667 0.5145833333333333 0.0046875 0.007291666666666667
2 0.8114583333333333 0.5359375 0.0026041666666666665 0.007291666666666667
2 0.2546875 0.4661458333333333 0.009375 0.014583333333333334
1 0.23802083333333332 0.46770833333333334 0.009375 0.014583333333333334
0 0.53125 0.5072916666666667 0.007291666666666667 0.011979166666666667
0 0.5010416666666667 0.490625 0.0046875 0.011979166666666667
1 0.5322916666666667 0.490625 0.0046875 0.009375
1 0.5697916666666667 0.5010416666666667 0.007291666666666667 0.011979166666666667