2 0.68125 0.5911458333333334 0.0359375 0.05520833333333333
2 0.80625 0.5578125 0.011979166666666667 0.021875
2 0.6588541666666666 0.5635416666666667 0.023958333333333335 0.040625
1 0.6276041666666666 0.5203125 0.007291666666666667 0.016666666666666666
2 0.8619791666666666 0.5635416666666667 0.011979166666666667 0.019270833333333334
1 0.7020833333333333 0.5286458333333334 0.007291666666666667 0.011979166666666667
2 0.7390625 0.5515625 0.016666666666666666 0.023958333333333335
2 0.671875 0.5505208333333333 0.016666666666666666 0.033854166666666664
2 0.8447916666666667 0.5515625 0.007291666666666667 0.011979166666666667
1 0.6682291666666667 0.5239583333333333 0.007291666666666667 0.014583333333333334
2 0.8317708333333333 0.5458333333333333 0.007291666666666667 0.007291666666666667
2 0.8557291666666667 0.5552083333333333 0.009375 0.011979166666666667
2 0.8114583333333333 0.540625 0.007291666666666667 0.011979166666666667
1 0.5651041666666666 0.5130208333333334 0.009375 0.016666666666666666
1 0.71875 0.53125 0.007291666666666667 0.011979166666666667
1 0.7296875 0.53125 0.007291666666666667 0.011979166666666667
2 0.7875 0.5322916666666667 0.007291666666666667 0.007291666666666667
2 0.759375 0.5265625 0.0046875 0.007291666666666667
1 0.740625 0.53125 0.0046875 0.009375
2 0.7473958333333334 0.5203125 0.0046875 0.007291666666666667
1 0.7354166666666667 0.5276041666666667 0.007291666666666667 0.007291666666666667
2 0.7645833333333333 0.5203125 0.0026041666666666665 0.007291666666666667
1 0.7270833333333333 0.521875 0.0046875 0.007291666666666667
2 0.8604166666666667 0.5598958333333334 0.007291666666666667 0.011979166666666667
2 0.7510416666666667 0.5192708333333333 0.0026041666666666665 0.007291666666666667