2 0.5479166666666667 0.540625 0.016666666666666666 0.03854166666666667
2 0.6489583333333333 0.5203125 0.007291666666666667 0.019270833333333334
2 0.665625 0.515625 0.007291666666666667 0.016666666666666666
1 0.7932291666666667 0.5479166666666667 0.011979166666666667 0.0265625
1 0.78125 0.5348958333333333 0.007291666666666667 0.019270833333333334
1 0.7932291666666667 0.5890625 0.023958333333333335 0.053125
2 0.61875 0.525 0.009375 0.023958333333333335
1 0.7666666666666667 0.525 0.007291666666666667 0.016666666666666666
2 0.3546875 0.4953125 0.007291666666666667 0.011979166666666667
1 0.33177083333333335 0.49270833333333336 0.0046875 0.009375
2 0.5479166666666667 0.49270833333333336 0.0026041666666666665 0.009375
2 0.5770833333333333 0.4973958333333333 0.007291666666666667 0.011979166666666667
2 0.39166666666666666 0.49270833333333336 0.0046875 0.011979166666666667
1 0.8666666666666667 0.703125 0.050520833333333334 0.115625
2 0.5614583333333333 0.4953125 0.007291666666666667 0.009375
2 0.6536458333333334 0.5083333333333333 0.007291666666666667 0.011979166666666667
1 0.7609375 0.5203125 0.0046875 0.011979166666666667
1 0.7005208333333334 0.5072916666666667 0.0046875 0.009375
2 0.41822916666666665 0.49166666666666664 0.0046875 0.009375
2 0.5432291666666667 0.49270833333333336 0.0026041666666666665 0.007291666666666667
1 0.6609375 0.5026041666666666 0.0046875 0.009375
2 0.61875 0.5026041666666666 0.0046875 0.011979166666666667
1 0.7307291666666667 0.5130208333333334 0.0026041666666666665 0.011979166666666667
2 0.6682291666666667 0.5119791666666667 0.007291666666666667 0.014583333333333334
2 0.4348958333333333 0.49166666666666664 0.0046875 0.007291666666666667
1 0.36666666666666664 0.490625 0.0026041666666666665 0.009375
2 0.521875 0.4890625 0.0026041666666666665 0.007291666666666667
1 0.625 0.49895833333333334 0.0026041666666666665 0.007291666666666667
2 0.45208333333333334 0.490625 0.0046875 0.007291666666666667
2 0.47239583333333335 0.4890625 0.0046875 0.007291666666666667
1 0.6104166666666667 0.49635416666666665 0.0026041666666666665 0.009375
2 0.5083333333333333 0.4890625 0.0026041666666666665 0.0046875
2 0.49270833333333336 0.4890625 0.0026041666666666665 0.0046875
2 0.3328125 0.515625 0.009375 0.014583333333333334
1 0.39791666666666664 0.4890625 0.0046875 0.007291666666666667