2 0.6729166666666667 0.5192708333333333 0.016666666666666666 0.028645833333333332
2 0.765625 0.5166666666666667 0.0046875 0.011979166666666667
2 0.9 0.6708333333333333 0.059895833333333336 0.0890625
2 0.63125 0.490625 0.011979166666666667 0.021875
2 0.5807291666666666 0.46510416666666665 0.007291666666666667 0.014583333333333334
2 0.6864583333333333 0.4890625 0.007291666666666667 0.011979166666666667
2 0.7958333333333333 0.515625 0.0026041666666666665 0.007291666666666667
2 0.9348958333333334 0.5552083333333333 0.0026041666666666665 0.007291666666666667
2 0.7296875 0.5 0.0046875 0.011979166666666667
2 0.6947916666666667 0.5010416666666667 0.007291666666666667 0.016666666666666666
2 0.8041666666666667 0.5182291666666666 0.0046875 0.007291666666666667
2 0.8135416666666667 0.525 0.007291666666666667 0.011979166666666667
2 0.6276041666666666 0.475 0.007291666666666667 0.011979166666666667
2 0.7895833333333333 0.5130208333333334 0.0046875 0.007291666666666667
2 0.7390625 0.49635416666666665 0.0046875 0.009375
2 0.59375 0.45677083333333335 0.0046875 0.007291666666666667
2 0.7380208333333333 0.49895833333333334 0.0046875 0.009375
2 0.16822916666666668 0.40260416666666665 0.014583333333333334 0.014583333333333334