2 0.6765625 0.5026041666666666 0.019270833333333334 0.03854166666666667
2 0.59375 0.478125 0.011979166666666667 0.023958333333333335
0 0.265625 0.5109375 0.0359375 0.06510416666666667
0 0.36875 0.47239583333333335 0.011979166666666667 0.028645833333333332
2 0.5348958333333333 0.4661458333333333 0.011979166666666667 0.019270833333333334
2 0.5625 0.4640625 0.007291666666666667 0.014583333333333334
2 0.5770833333333333 0.46145833333333336 0.0026041666666666665 0.011979166666666667
0 0.39427083333333335 0.4640625 0.009375 0.019270833333333334
0 0.44479166666666664 0.459375 0.007291666666666667 0.014583333333333334
0 0.49895833333333334 0.4557291666666667 0.007291666666666667 0.011979166666666667
0 0.4734375 0.453125 0.0046875 0.009375
0 0.4421875 0.45208333333333334 0.0046875 0.007291666666666667
2 0.5046875 0.45208333333333334 0.0026041666666666665 0.009375
2 0.546875 0.45416666666666666 0.0026041666666666665 0.007291666666666667