0 0.078125 0.7453125 0.028645833333333332 0.08177083333333333
0 0.328125 0.5588541666666667 0.021875 0.040625
0 0.35208333333333336 0.5359375 0.011979166666666667 0.021875
2 0.6177083333333333 0.5697916666666667 0.019270833333333334 0.033854166666666664
2 0.5864583333333333 0.5375 0.009375 0.019270833333333334
2 0.5265625 0.5421875 0.011979166666666667 0.021875
2 0.8760416666666667 0.6552083333333333 0.0359375 0.06979166666666667
0 0.46875 0.5265625 0.009375 0.014583333333333334
0 0.515625 0.521875 0.007291666666666667 0.011979166666666667
2 0.615625 0.53125 0.007291666666666667 0.014583333333333334
0 0.5072916666666667 0.5166666666666667 0.0046875 0.009375
0 0.49166666666666664 0.5145833333333333 0.0026041666666666665 0.007291666666666667
2 0.5588541666666667 0.5166666666666667 0.0026041666666666665 0.007291666666666667
2 0.6057291666666667 0.5229166666666667 0.0026041666666666665 0.009375