1 0.19583333333333333 0.5109375 0.011979166666666667 0.016666666666666666
0 0.30520833333333336 0.5229166666666667 0.021875 0.04791666666666667
0 0.40989583333333335 0.49166666666666664 0.009375 0.019270833333333334
2 0.6848958333333334 0.5 0.023958333333333335 0.04791666666666667
2 0.584375 0.48072916666666665 0.007291666666666667 0.021875
2 0.5541666666666667 0.47239583333333335 0.0046875 0.014583333333333334
2 0.5182291666666666 0.46979166666666666 0.0026041666666666665 0.011979166666666667
2 0.4578125 0.46979166666666666 0.0046875 0.009375
2 0.384375 0.4796875 0.0026041666666666665 0.007291666666666667
0 0.259375 0.49270833333333336 0.0046875 0.011979166666666667
0 0.3171875 0.4869791666666667 0.0046875 0.009375
0 0.43125 0.4817708333333333 0.007291666666666667 0.014583333333333334
0 0.42291666666666666 0.47604166666666664 0.0046875 0.009375
0 0.3703125 0.4817708333333333 0.0046875 0.007291666666666667