2 0.42552083333333335 0.515625 0.019270833333333334 0.03854166666666667
2 0.5541666666666667 0.46979166666666666 0.011979166666666667 0.021875
0 0.7463541666666667 0.45416666666666666 0.016666666666666666 0.043229166666666666
2 0.609375 0.4557291666666667 0.007291666666666667 0.019270833333333334
2 0.5578125 0.4640625 0.0046875 0.011979166666666667
0 0.7390625 0.44479166666666664 0.007291666666666667 0.023958333333333335
0 0.6515625 0.44479166666666664 0.0046875 0.011979166666666667
1 0.65625 0.4348958333333333 0.0046875 0.014583333333333334
0 0.6130208333333333 0.446875 0.0026041666666666665 0.009375
0 0.6067708333333334 0.4484375 0.0026041666666666665 0.009375
2 0.525 0.4661458333333333 0.0026041666666666665 0.011979166666666667
2 0.5375 0.4625 0.0026041666666666665 0.009375