0 0.71875 0.5770833333333333 0.033854166666666664 0.06510416666666667
0 0.6057291666666667 0.521875 0.014583333333333334 0.028645833333333332
0 0.44947916666666665 0.5192708333333333 0.009375 0.019270833333333334
2 0.23697916666666666 0.6239583333333333 0.03125 0.059895833333333336
2 0.38333333333333336 0.5578125 0.019270833333333334 0.033854166666666664
2 0.3015625 0.5505208333333333 0.011979166666666667 0.023958333333333335
2 0.2630208333333333 0.5458333333333333 0.007291666666666667 0.016666666666666666
0 0.39427083333333335 0.5182291666666666 0.007291666666666667 0.011979166666666667
1 0.44947916666666665 0.5010416666666667 0.007291666666666667 0.016666666666666666
2 0.2921875 0.5338541666666666 0.0046875 0.009375
2 0.24270833333333333 0.5338541666666666 0.0046875 0.011979166666666667
0 0.38697916666666665 0.515625 0.0046875 0.011979166666666667