2 0.5661458333333333 0.59375 0.05520833333333333 0.10104166666666667
1 0.06875 0.5119791666666667 0.009375 0.05520833333333333
0 0.21510416666666668 0.5338541666666666 0.0265625 0.03854166666666667
0 0.40260416666666665 0.5229166666666667 0.016666666666666666 0.028645833333333332
2 0.6645833333333333 0.5338541666666666 0.014583333333333334 0.023958333333333335
0 0.4625 0.5229166666666667 0.007291666666666667 0.016666666666666666
0 0.478125 0.5239583333333333 0.007291666666666667 0.011979166666666667
0 0.5614583333333333 0.5203125 0.0046875 0.011979166666666667
0 0.6020833333333333 0.5182291666666666 0.0026041666666666665 0.007291666666666667
2 0.5854166666666667 0.5203125 0.0046875 0.014583333333333334
2 0.6140625 0.5239583333333333 0.009375 0.019270833333333334
2 0.6380208333333334 0.5203125 0.0046875 0.011979166666666667