1 0.6791666666666667 0.5203125 0.019270833333333334 0.043229166666666666
1 0.5432291666666667 0.5359375 0.019270833333333334 0.04791666666666667
1 0.49635416666666665 0.5109375 0.009375 0.0265625
1 0.5578125 0.4953125 0.007291666666666667 0.021875
1 0.6223958333333334 0.49895833333333334 0.009375 0.0265625
1 0.584375 0.4869791666666667 0.0046875 0.014583333333333334
1 0.578125 0.48333333333333334 0.0046875 0.011979166666666667
2 0.09739583333333333 0.6020833333333333 0.0265625 0.06510416666666667
2 0.07708333333333334 0.5671875 0.016666666666666666 0.033854166666666664
2 0.134375 0.5375 0.0046875 0.016666666666666666
2 0.13958333333333334 0.5385416666666667 0.007291666666666667 0.019270833333333334
2 0.14427083333333332 0.5348958333333333 0.0046875 0.016666666666666666
2 0.18020833333333333 0.5348958333333333 0.009375 0.021875
2 0.17447916666666666 0.5265625 0.0046875 0.011979166666666667
2 0.2838541666666667 0.5229166666666667 0.011979166666666667 0.021875
2 0.41458333333333336 0.5072916666666667 0.009375 0.021875
2 0.6598958333333333 0.521875 0.021875 0.04583333333333333
2 0.6104166666666667 0.5 0.011979166666666667 0.028645833333333332
2 0.4817708333333333 0.49635416666666665 0.007291666666666667 0.016666666666666666
2 0.4953125 0.490625 0.0046875 0.014583333333333334
1 0.078125 0.5432291666666667 0.0046875 0.011979166666666667
1 0.12239583333333333 0.5348958333333333 0.0026041666666666665 0.009375
2 0.20677083333333332 0.521875 0.0026041666666666665 0.011979166666666667
2 0.24166666666666667 0.5166666666666667 0.0026041666666666665 0.007291666666666667
1 0.234375 0.515625 0.0026041666666666665 0.007291666666666667
1 0.32083333333333336 0.5072916666666667 0.0026041666666666665 0.007291666666666667
2 0.3375 0.5010416666666667 0.0026041666666666665 0.007291666666666667
1 0.30052083333333335 0.5072916666666667 0.0026041666666666665 0.007291666666666667
1 0.42291666666666666 0.4890625 0.0026041666666666665 0.007291666666666667
1 0.5515625 0.4817708333333333 0.0026041666666666665 0.009375
1 0.5203125 0.484375 0.0026041666666666665 0.007291666666666667
2 0.4348958333333333 0.490625 0.0046875 0.009375
2 0.4625 0.4890625 0.0046875 0.011979166666666667
2 0.48541666666666666 0.48802083333333335 0.007291666666666667 0.011979166666666667
1 0.47239583333333335 0.4869791666666667 0.0026041666666666665 0.007291666666666667