2 0.7177083333333333 0.5963541666666666 0.059895833333333336 0.12760416666666666
2 0.6166666666666667 0.421875 0.023958333333333335 0.0625
2 0.6708333333333333 0.353125 0.016666666666666666 0.03854166666666667
2 0.6828125 0.31979166666666664 0.009375 0.0265625
2 0.6359375 0.30052083333333335 0.007291666666666667 0.019270833333333334
2 0.5541666666666667 0.29583333333333334 0.007291666666666667 0.016666666666666666
2 0.5 0.296875 0.007291666666666667 0.011979166666666667
2 0.40625 0.31145833333333334 0.0046875 0.011979166666666667
1 0.16354166666666667 0.5203125 0.028645833333333332 0.059895833333333336
1 0.40260416666666665 0.3776041666666667 0.011979166666666667 0.03125
1 0.484375 0.33541666666666664 0.011979166666666667 0.023958333333333335
1 0.46510416666666665 0.31354166666666666 0.007291666666666667 0.014583333333333334
1 0.50625 0.3171875 0.007291666666666667 0.016666666666666666
1 0.3640625 0.3307291666666667 0.0046875 0.011979166666666667
2 0.07083333333333333 0.43645833333333334 0.0026041666666666665 0.009375
2 0.12864583333333332 0.40625 0.0026041666666666665 0.009375
2 0.228125 0.36041666666666666 0.0026041666666666665 0.009375
2 0.18489583333333334 0.3776041666666667 0.0026041666666666665 0.009375
2 0.303125 0.33645833333333336 0.0026041666666666665 0.009375
2 0.26458333333333334 0.3484375 0.0026041666666666665 0.009375
1 0.15 0.4015625 0.0026041666666666665 0.007291666666666667
1 0.196875 0.3796875 0.0046875 0.009375
1 0.26197916666666665 0.35104166666666664 0.0026041666666666665 0.009375
1 0.30625 0.3411458333333333 0.0026041666666666665 0.009375
2 0.3619791666666667 0.32083333333333336 0.0046875 0.009375