1 0.7729166666666667 0.25104166666666666 0.0046875 0.011979166666666667
1 0.6848958333333334 0.2546875 0.007291666666666667 0.011979166666666667
2 0.6177083333333333 0.25364583333333335 0.0046875 0.014583333333333334
2 0.6083333333333333 0.2609375 0.0046875 0.011979166666666667
2 0.7307291666666667 0.25 0.0046875 0.014583333333333334
1 0.7161458333333334 0.27395833333333336 0.007291666666666667 0.019270833333333334
2 0.7125 0.2390625 0.0046875 0.009375
1 0.6901041666666666 0.25364583333333335 0.0046875 0.011979166666666667
2 0.3567708333333333 0.29791666666666666 0.009375 0.016666666666666666
1 0.7197916666666667 0.271875 0.007291666666666667 0.016666666666666666
2 0.6791666666666667 0.24739583333333334 0.0046875 0.011979166666666667
1 0.6984375 0.259375 0.007291666666666667 0.014583333333333334
2 0.615625 0.2682291666666667 0.0046875 0.016666666666666666
2 0.71875 0.24739583333333334 0.0046875 0.011979166666666667
1 0.7067708333333333 0.2630208333333333 0.007291666666666667 0.014583333333333334
2 0.640625 0.24895833333333334 0.0046875 0.011979166666666667
1 0.3776041666666667 0.296875 0.007291666666666667 0.016666666666666666
2 0.6020833333333333 0.2703125 0.007291666666666667 0.016666666666666666
1 0.6765625 0.2838541666666667 0.009375 0.021875
1 0.6260416666666667 0.296875 0.011979166666666667 0.0265625
2 0.5479166666666667 0.2786458333333333 0.011979166666666667 0.021875
2 0.4734375 0.29583333333333334 0.014583333333333334 0.023958333333333335
2 0.365625 0.3255208333333333 0.014583333333333334 0.03125
2 0.228125 0.3859375 0.021875 0.04583333333333333
1 0.5755208333333334 0.3234375 0.016666666666666666 0.03854166666666667
1 0.5963541666666666 0.3932291666666667 0.033854166666666664 0.0671875
2 0.61875 0.26458333333333334 0.0046875 0.016666666666666666
2 0.6104166666666667 0.2546875 0.0046875 0.011979166666666667