1 0.6994791666666667 0.40625 0.028645833333333332 0.06979166666666667
1 0.8833333333333333 0.31354166666666666 0.009375 0.0265625
1 0.7427083333333333 0.296875 0.009375 0.021875
1 0.9098958333333333 0.29791666666666666 0.0046875 0.011979166666666667
1 0.8354166666666667 0.28958333333333336 0.0046875 0.009375
2 0.928125 0.30885416666666665 0.009375 0.021875
2 0.921875 0.30052083333333335 0.007291666666666667 0.016666666666666666
2 0.8208333333333333 0.296875 0.007291666666666667 0.019270833333333334
2 0.8234375 0.2875 0.0046875 0.011979166666666667
2 0.7729166666666667 0.28229166666666666 0.0046875 0.009375
1 0.7692708333333333 0.28229166666666666 0.0026041666666666665 0.009375
2 0.7260416666666667 0.28958333333333336 0.007291666666666667 0.016666666666666666
1 0.6645833333333333 0.29322916666666665 0.007291666666666667 0.019270833333333334
2 0.640625 0.28489583333333335 0.0046875 0.014583333333333334
1 0.6046875 0.2921875 0.007291666666666667 0.016666666666666666
1 0.5541666666666667 0.29322916666666665 0.007291666666666667 0.016666666666666666
2 0.55625 0.2859375 0.0046875 0.014583333333333334
2 0.49166666666666664 0.2921875 0.0046875 0.014583333333333334
1 0.5 0.30052083333333335 0.007291666666666667 0.021875
1 0.475 0.35 0.023958333333333335 0.04583333333333333
1 0.4421875 0.3078125 0.009375 0.023958333333333335
2 0.39791666666666664 0.30625 0.007291666666666667 0.019270833333333334
1 0.3776041666666667 0.3390625 0.014583333333333334 0.033854166666666664
1 0.3567708333333333 0.321875 0.009375 0.023958333333333335
1 0.32447916666666665 0.334375 0.014583333333333334 0.03125
2 0.32083333333333336 0.3171875 0.007291666666666667 0.019270833333333334
2 0.25625 0.3328125 0.007291666666666667 0.021875
2 0.19479166666666667 0.3484375 0.011979166666666667 0.023958333333333335
2 0.15989583333333332 0.3619791666666667 0.011979166666666667 0.023958333333333335
2 0.13697916666666668 0.3796875 0.014583333333333334 0.028645833333333332
2 0.1296875 0.384375 0.007291666666666667 0.021875