2 0.8473958333333333 0.31614583333333335 0.016666666666666666 0.028645833333333332
2 0.25625 0.42083333333333334 0.033854166666666664 0.06510416666666667
2 0.2994791666666667 0.365625 0.021875 0.043229166666666666
2 0.271875 0.3411458333333333 0.014583333333333334 0.033854166666666664
2 0.1984375 0.33645833333333336 0.011979166666666667 0.0265625
2 0.12135416666666667 0.3411458333333333 0.009375 0.021875
2 0.10677083333333333 0.33645833333333336 0.007291666666666667 0.019270833333333334
2 0.09479166666666666 0.3328125 0.007291666666666667 0.016666666666666666
2 0.1 0.32708333333333334 0.0026041666666666665 0.014583333333333334
2 0.1046875 0.3234375 0.0046875 0.016666666666666666
2 0.09739583333333333 0.31614583333333335 0.0046875 0.011979166666666667
2 0.115625 0.3151041666666667 0.0026041666666666665 0.011979166666666667
2 0.12239583333333333 0.30885416666666665 0.0026041666666666665 0.011979166666666667
2 0.13125 0.30885416666666665 0.0026041666666666665 0.011979166666666667
2 0.134375 0.30520833333333336 0.0026041666666666665 0.011979166666666667
1 0.1765625 0.2921875 0.0046875 0.009375
1 0.21875 0.30520833333333336 0.0046875 0.014583333333333334
1 0.19583333333333333 0.30520833333333336 0.007291666666666667 0.014583333333333334
1 0.18385416666666668 0.30520833333333336 0.0046875 0.011979166666666667
1 0.17916666666666667 0.3015625 0.0046875 0.014583333333333334
1 0.19583333333333333 0.29322916666666665 0.0046875 0.014583333333333334
1 0.19375 0.2921875 0.0046875 0.011979166666666667
1 0.24270833333333333 0.303125 0.007291666666666667 0.016666666666666666
1 0.31354166666666666 0.3015625 0.007291666666666667 0.021875
1 0.4036458333333333 0.296875 0.011979166666666667 0.023958333333333335
1 0.48541666666666666 0.30625 0.014583333333333334 0.028645833333333332
1 0.5817708333333333 0.32708333333333334 0.011979166666666667 0.03854166666666667
1 0.6536458333333334 0.38125 0.028645833333333332 0.059895833333333336
1 0.8557291666666667 0.5229166666666667 0.043229166666666666 0.11041666666666666
1 0.21875 0.30520833333333336 0.0046875 0.014583333333333334
2 0.07552083333333333 0.321875 0.0026041666666666665 0.011979166666666667
1 0.8005208333333333 0.28854166666666664 0.009375 0.021875
1 0.7703125 0.2786458333333333 0.007291666666666667 0.016666666666666666
1 0.7489583333333333 0.27760416666666665 0.0046875 0.016666666666666666
1 0.8739583333333333 0.29322916666666665 0.007291666666666667 0.014583333333333334