1 0.35208333333333336 0.5828125 0.033854166666666664 0.071875
1 0.36875 0.5442708333333334 0.021875 0.04583333333333333
1 0.33177083333333335 0.53125 0.014583333333333334 0.033854166666666664
1 0.27291666666666664 0.5286458333333334 0.009375 0.021875
2 0.4973958333333333 0.4953125 0.009375 0.023958333333333335
2 0.41822916666666665 0.5 0.007291666666666667 0.019270833333333334
2 0.3880208333333333 0.5010416666666667 0.007291666666666667 0.016666666666666666
2 0.3703125 0.5026041666666666 0.007291666666666667 0.011979166666666667
1 0.2682291666666667 0.5203125 0.0046875 0.011979166666666667
1 0.2838541666666667 0.5145833333333333 0.0046875 0.011979166666666667
1 0.30520833333333336 0.5083333333333333 0.0046875 0.009375
2 0.28958333333333336 0.5083333333333333 0.0046875 0.009375
2 0.26458333333333334 0.5119791666666667 0.0046875 0.011979166666666667
2 0.5203125 0.48072916666666665 0.0026041666666666665 0.009375
1 0.31979166666666664 0.5046875 0.0046875 0.007291666666666667