2 0.275 0.43385416666666665 0.033854166666666664 0.06979166666666667
2 0.3723958333333333 0.359375 0.019270833333333334 0.043229166666666666
2 0.4109375 0.3234375 0.014583333333333334 0.0265625
2 0.42291666666666666 0.30625 0.009375 0.021875
2 0.42916666666666664 0.2994791666666667 0.007291666666666667 0.016666666666666666
2 0.428125 0.29322916666666665 0.0046875 0.014583333333333334
2 0.446875 0.2859375 0.007291666666666667 0.016666666666666666
2 0.46041666666666664 0.2786458333333333 0.0046875 0.014583333333333334
2 0.478125 0.2838541666666667 0.007291666666666667 0.011979166666666667
2 0.48333333333333334 0.2765625 0.0046875 0.016666666666666666
2 0.49895833333333334 0.271875 0.0046875 0.011979166666666667
2 0.5072916666666667 0.28020833333333334 0.0046875 0.014583333333333334
2 0.5109375 0.28020833333333334 0.007291666666666667 0.014583333333333334
1 0.7223958333333333 0.428125 0.033854166666666664 0.071875
1 0.65 0.353125 0.021875 0.043229166666666666
1 0.6020833333333333 0.31875 0.011979166666666667 0.028645833333333332
1 0.5734375 0.3015625 0.009375 0.023958333333333335
1 0.5494791666666666 0.2942708333333333 0.007291666666666667 0.019270833333333334
1 0.5385416666666667 0.28854166666666664 0.007291666666666667 0.019270833333333334
1 0.5505208333333333 0.2786458333333333 0.0046875 0.014583333333333334
1 0.5755208333333334 0.28229166666666666 0.0046875 0.016666666666666666
1 0.5651041666666666 0.275 0.0026041666666666665 0.011979166666666667
1 0.55625 0.271875 0.0026041666666666665 0.009375
1 0.5947916666666667 0.2786458333333333 0.0046875 0.011979166666666667
1 0.5864583333333333 0.2765625 0.0046875 0.011979166666666667