1 0.6692708333333334 0.42552083333333335 0.0359375 0.084375
1 0.42291666666666666 0.353125 0.019270833333333334 0.04791666666666667
1 0.328125 0.3255208333333333 0.014583333333333334 0.0359375
1 0.27395833333333336 0.3151041666666667 0.009375 0.0265625
1 0.24375 0.30625 0.007291666666666667 0.019270833333333334
1 0.19947916666666668 0.30520833333333336 0.009375 0.016666666666666666
1 0.15989583333333332 0.30625 0.0046875 0.014583333333333334
1 0.12760416666666666 0.30885416666666665 0.0046875 0.011979166666666667
1 0.11197916666666667 0.30885416666666665 0.0046875 0.011979166666666667
1 0.11666666666666667 0.303125 0.0046875 0.011979166666666667
2 0.09270833333333334 0.37864583333333335 0.014583333333333334 0.0359375
2 0.103125 0.35 0.014583333333333334 0.0265625
2 0.10572916666666667 0.33645833333333336 0.007291666666666667 0.021875
2 0.09635416666666667 0.3307291666666667 0.007291666666666667 0.019270833333333334
2 0.07552083333333333 0.32916666666666666 0.007291666666666667 0.016666666666666666