2 0.7921875 0.2765625 0.0046875 0.011979166666666667
2 0.7307291666666667 0.27291666666666664 0.0026041666666666665 0.011979166666666667
1 0.6166666666666667 0.290625 0.0046875 0.011979166666666667
2 0.8473958333333333 0.2838541666666667 0.0046875 0.014583333333333334
1 0.6984375 0.28020833333333334 0.007291666666666667 0.011979166666666667
1 0.5755208333333334 0.30052083333333335 0.0046875 0.016666666666666666
1 0.7473958333333334 0.28020833333333334 0.0046875 0.014583333333333334
1 0.6515625 0.28229166666666666 0.0046875 0.011979166666666667
2 0.9015625 0.296875 0.007291666666666667 0.016666666666666666
1 0.8005208333333333 0.28854166666666664 0.0046875 0.016666666666666666
1 0.7802083333333333 0.2994791666666667 0.007291666666666667 0.021875
1 0.696875 0.3078125 0.007291666666666667 0.023958333333333335
1 0.5395833333333333 0.3546875 0.014583333333333334 0.03854166666666667
2 0.8833333333333333 0.4953125 0.040625 0.0984375
2 0.9171875 0.37604166666666666 0.023958333333333335 0.04791666666666667
1 0.24375 0.5348958333333333 0.033854166666666664 0.071875