1 0.775 0.24895833333333334 0.0046875 0.009375
2 0.5963541666666666 0.25729166666666664 0.0026041666666666665 0.009375
1 0.7427083333333333 0.2526041666666667 0.0046875 0.011979166666666667
1 0.6901041666666666 0.26197916666666665 0.0046875 0.011979166666666667
2 0.5276041666666667 0.26927083333333335 0.007291666666666667 0.014583333333333334
2 0.4401041666666667 0.29791666666666666 0.011979166666666667 0.021875
2 0.15364583333333334 0.303125 0.007291666666666667 0.014583333333333334
1 0.6067708333333334 0.30052083333333335 0.009375 0.023958333333333335
1 0.6479166666666667 0.275 0.007291666666666667 0.014583333333333334
2 0.2942708333333333 0.3567708333333333 0.021875 0.043229166666666666
1 0.6104166666666667 0.36302083333333335 0.016666666666666666 0.043229166666666666