1 0.08645833333333333 0.3125 0.0046875 0.016666666666666666
1 0.115625 0.30416666666666664 0.0046875 0.016666666666666666
1 0.11875 0.3015625 0.0046875 0.014583333333333334
1 0.12864583333333332 0.296875 0.0046875 0.014583333333333334
1 0.146875 0.28958333333333336 0.0046875 0.011979166666666667
1 0.17083333333333334 0.2838541666666667 0.0046875 0.011979166666666667
2 0.09479166666666666 0.31979166666666664 0.009375 0.021875
2 0.14427083333333332 0.3098958333333333 0.0046875 0.019270833333333334
2 0.19479166666666667 0.29583333333333334 0.007291666666666667 0.019270833333333334
2 0.21614583333333334 0.28854166666666664 0.0046875 0.019270833333333334
2 0.209375 0.2875 0.0046875 0.016666666666666666
2 0.20416666666666666 0.2859375 0.0046875 0.014583333333333334
2 0.21875 0.2786458333333333 0.0046875 0.011979166666666667
1 0.21041666666666667 0.27395833333333336 0.0046875 0.011979166666666667
1 0.3411458333333333 0.275 0.0046875 0.014583333333333334
2 0.29322916666666665 0.37395833333333334 0.023958333333333335 0.050520833333333334
2 0.43385416666666665 0.3307291666666667 0.019270833333333334 0.03854166666666667
2 0.5614583333333333 0.31354166666666666 0.011979166666666667 0.03125
2 0.6645833333333333 0.3078125 0.011979166666666667 0.03125
2 0.8005208333333333 0.31354166666666666 0.011979166666666667 0.0265625
2 0.9229166666666667 0.328125 0.009375 0.0265625
1 0.7473958333333334 0.47708333333333336 0.050520833333333334 0.10104166666666667
1 0.6864583333333333 0.365625 0.023958333333333335 0.05520833333333333
1 0.7958333333333333 0.34739583333333335 0.019270833333333334 0.040625
2 0.25 0.27395833333333336 0.0046875 0.009375
2 0.28489583333333335 0.26666666666666666 0.0046875 0.009375
2 0.32083333333333336 0.26197916666666665 0.0026041666666666665 0.009375
2 0.35208333333333336 0.25833333333333336 0.0046875 0.009375
2 0.3776041666666667 0.25625 0.0046875 0.009375