2 0.36875 0.38125 0.019270833333333334 0.05520833333333333
2 0.35572916666666665 0.39166666666666666 0.023958333333333335 0.0578125
2 0.271875 0.36041666666666666 0.021875 0.04583333333333333
2 0.2125 0.35104166666666664 0.019270833333333334 0.03854166666666667
2 0.2921875 0.321875 0.014583333333333334 0.028645833333333332
2 0.3796875 0.290625 0.009375 0.019270833333333334
2 0.3390625 0.3015625 0.009375 0.023958333333333335
2 0.3932291666666667 0.2838541666666667 0.007291666666666667 0.016666666666666666
1 0.5026041666666666 0.28958333333333336 0.007291666666666667 0.021875
1 0.4817708333333333 0.30052083333333335 0.009375 0.0265625
1 0.475 0.31354166666666666 0.011979166666666667 0.03125
1 0.5338541666666666 0.32447916666666665 0.016666666666666666 0.0359375
1 0.61875 0.334375 0.016666666666666666 0.03854166666666667
1 0.7114583333333333 0.37135416666666665 0.0265625 0.053125
1 0.7473958333333334 0.45208333333333334 0.03854166666666667 0.08645833333333333
1 0.7333333333333333 0.5973958333333333 0.06510416666666667 0.146875
2 0.37395833333333334 0.26666666666666666 0.0046875 0.011979166666666667
2 0.3932291666666667 0.2682291666666667 0.0046875 0.011979166666666667
2 0.38697916666666665 0.26458333333333334 0.0046875 0.011979166666666667
2 0.40625 0.27395833333333336 0.007291666666666667 0.014583333333333334
1 0.5026041666666666 0.28020833333333334 0.007291666666666667 0.019270833333333334
1 0.49895833333333334 0.275 0.007291666666666667 0.014583333333333334
1 0.48802083333333335 0.26927083333333335 0.0046875 0.011979166666666667
1 0.43385416666666665 0.26458333333333334 0.0046875 0.011979166666666667
1 0.46041666666666664 0.265625 0.0046875 0.011979166666666667
1 0.446875 0.26197916666666665 0.0046875 0.009375
2 0.40625 0.26458333333333334 0.0046875 0.011979166666666667
1 0.8796875 0.3619791666666667 0.014583333333333334 0.043229166666666666
2 0.734375 0.3078125 0.011979166666666667 0.021875
2 0.9302083333333333 0.3619791666666667 0.011979166666666667 0.043229166666666666