1 0.26666666666666666 0.3546875 0.043229166666666666 0.11041666666666666
1 0.296875 0.3328125 0.03854166666666667 0.0984375
1 0.6536458333333334 0.33541666666666664 0.040625 0.11041666666666666
1 0.6395833333333333 0.3151041666666667 0.021875 0.0984375
1 0.3932291666666667 0.2703125 0.014583333333333334 0.03854166666666667
1 0.4375 0.23177083333333334 0.009375 0.0265625
1 0.4625 0.21041666666666667 0.009375 0.021875
1 0.478125 0.196875 0.007291666666666667 0.016666666666666666
1 0.50625 0.19479166666666667 0.007291666666666667 0.016666666666666666
1 0.5375 0.19114583333333332 0.007291666666666667 0.016666666666666666
1 0.56875 0.18854166666666666 0.007291666666666667 0.016666666666666666
1 0.5875 0.18854166666666666 0.007291666666666667 0.016666666666666666
1 0.5770833333333333 0.20208333333333334 0.007291666666666667 0.021875
1 0.5875 0.22135416666666666 0.011979166666666667 0.028645833333333332
1 0.6083333333333333 0.25729166666666664 0.016666666666666666 0.03854166666666667
2 0.24739583333333334 0.23802083333333332 0.011979166666666667 0.023958333333333335
0 0.328125 0.1921875 0.007291666666666667 0.019270833333333334