0 0.3796875 0.3723958333333333 0.0359375 0.071875
0 0.46979166666666666 0.26458333333333334 0.014583333333333334 0.03854166666666667
0 0.5036458333333333 0.21875 0.011979166666666667 0.0265625
0 0.521875 0.1921875 0.007291666666666667 0.019270833333333334
0 0.5322916666666667 0.17552083333333332 0.007291666666666667 0.016666666666666666
0 0.5395833333333333 0.16458333333333333 0.0046875 0.014583333333333334
0 0.5442708333333334 0.15625 0.0026041666666666665 0.011979166666666667
0 0.5494791666666666 0.15 0.0026041666666666665 0.011979166666666667
2 0.8052083333333333 0.3546875 0.040625 0.07916666666666666
2 0.6958333333333333 0.2453125 0.016666666666666666 0.040625
2 0.6588541666666666 0.20572916666666666 0.011979166666666667 0.028645833333333332
2 0.6380208333333334 0.18020833333333333 0.007291666666666667 0.021875
2 0.6276041666666666 0.16458333333333333 0.007291666666666667 0.016666666666666666
2 0.61875 0.15625 0.007291666666666667 0.014583333333333334
2 0.6130208333333333 0.14895833333333333 0.0026041666666666665 0.011979166666666667
2 0.609375 0.14322916666666666 0.0046875 0.011979166666666667