0 0.4 0.32708333333333334 0.028645833333333332 0.059895833333333336
0 0.4713541666666667 0.23333333333333334 0.016666666666666666 0.0359375
0 0.2453125 0.1875 0.007291666666666667 0.019270833333333334
2 0.7536458333333333 0.30625 0.033854166666666664 0.0671875
2 0.68125 0.225 0.019270833333333334 0.03854166666666667
1 0.5 0.18645833333333334 0.011979166666666667 0.043229166666666666
1 0.6479166666666667 0.18385416666666668 0.011979166666666667 0.043229166666666666
1 0.5192708333333333 0.1765625 0.007291666666666667 0.019270833333333334
1 0.5302083333333333 0.165625 0.007291666666666667 0.016666666666666666
1 0.5385416666666667 0.15729166666666666 0.007291666666666667 0.014583333333333334
1 0.6333333333333333 0.171875 0.007291666666666667 0.021875
1 0.6239583333333333 0.1609375 0.007291666666666667 0.016666666666666666
1 0.615625 0.15364583333333334 0.007291666666666667 0.014583333333333334
2 0.40625 0.1671875 0.0046875 0.016666666666666666
1 0.5864583333333333 0.14895833333333333 0.0026041666666666665 0.011979166666666667
1 0.5635416666666667 0.14895833333333333 0.0026041666666666665 0.011979166666666667
1 0.5432291666666667 0.15 0.0026041666666666665 0.011979166666666667
1 0.609375 0.14791666666666667 0.0046875 0.011979166666666667