0 0.5239583333333333 0.484375 0.028645833333333332 0.043229166666666666
0 0.584375 0.4557291666666667 0.021875 0.033854166666666664
0 0.8114583333333333 0.5864583333333333 0.059895833333333336 0.084375
2 0.396875 0.5239583333333333 0.033854166666666664 0.059895833333333336
2 0.3953125 0.45416666666666666 0.021875 0.0359375
2 0.46510416666666665 0.4661458333333333 0.023958333333333335 0.03854166666666667
1 0.49166666666666664 0.45416666666666666 0.019270833333333334 0.0359375
1 0.553125 0.4661458333333333 0.0265625 0.03854166666666667
1 0.6572916666666667 0.46510416666666665 0.021875 0.0359375
1 0.3078125 0.44375 0.028645833333333332 0.0578125
1 0.23541666666666666 0.4817708333333333 0.03854166666666667 0.08177083333333333
1 0.7802083333333333 0.49635416666666665 0.050520833333333334 0.0890625