1 0.38333333333333336 0.40260416666666665 0.0671875 0.17552083333333332
1 0.4557291666666667 0.34479166666666666 0.050520833333333334 0.14427083333333332
0 0.4375 0.4 0.04791666666666667 0.0984375
0 0.5276041666666667 0.26458333333333334 0.021875 0.05520833333333333
0 0.446875 0.21875 0.014583333333333334 0.0359375
0 0.3078125 0.19947916666666668 0.011979166666666667 0.028645833333333332
0 0.15625 0.19947916666666668 0.011979166666666667 0.0265625
2 0.21770833333333334 0.18020833333333333 0.009375 0.023958333333333335
2 0.40729166666666666 0.17916666666666667 0.009375 0.0265625
2 0.6057291666666667 0.196875 0.014583333333333334 0.03125
1 0.7307291666666667 0.1875 0.011979166666666667 0.03125
1 0.7609375 0.171875 0.011979166666666667 0.023958333333333335
1 0.8015625 0.171875 0.011979166666666667 0.0265625
1 0.8364583333333333 0.17291666666666666 0.011979166666666667 0.0265625
1 0.8833333333333333 0.17447916666666666 0.011979166666666667 0.028645833333333332
1 0.9192708333333334 0.17552083333333332 0.011979166666666667 0.028645833333333332