1 0.44947916666666665 0.415625 0.021875 0.03854166666666667
1 0.3723958333333333 0.40520833333333334 0.016666666666666666 0.0359375
1 0.25625 0.41354166666666664 0.021875 0.03854166666666667
1 0.34479166666666666 0.4036458333333333 0.028645833333333332 0.06510416666666667
1 0.21614583333333334 0.396875 0.028645833333333332 0.059895833333333336
1 0.14322916666666666 0.4125 0.0359375 0.07447916666666667
0 0.4817708333333333 0.4015625 0.016666666666666666 0.033854166666666664
0 0.28958333333333336 0.4015625 0.019270833333333334 0.033854166666666664
0 0.2140625 0.43385416666666665 0.023958333333333335 0.050520833333333334
2 0.31354166666666666 0.4265625 0.0265625 0.04583333333333333
2 0.3880208333333333 0.43854166666666666 0.03125 0.053125
2 0.5192708333333333 0.4375 0.023958333333333335 0.050520833333333334