0 0.22708333333333333 0.5203125 0.07447916666666667 0.13229166666666667
0 0.5817708333333333 0.28854166666666664 0.023958333333333335 0.059895833333333336
0 0.696875 0.259375 0.021875 0.04791666666666667
0 0.7213541666666666 0.20416666666666666 0.011979166666666667 0.028645833333333332
0 0.6166666666666667 0.18489583333333334 0.009375 0.023958333333333335
0 0.5854166666666667 0.17291666666666666 0.009375 0.021875
0 0.5973958333333333 0.16458333333333333 0.007291666666666667 0.016666666666666666
0 0.634375 0.1625 0.007291666666666667 0.016666666666666666
0 0.6984375 0.15885416666666666 0.0046875 0.016666666666666666
0 0.78125 0.15989583333333332 0.0046875 0.014583333333333334
0 0.9015625 0.225 0.014583333333333334 0.033854166666666664
0 0.86875 0.16458333333333333 0.0046875 0.014583333333333334
1 0.47604166666666664 0.25833333333333336 0.021875 0.050520833333333334
1 0.48541666666666666 0.21770833333333334 0.016666666666666666 0.0359375
2 0.48072916666666665 0.19010416666666666 0.009375 0.028645833333333332
2 0.46145833333333336 0.17291666666666666 0.009375 0.023958333333333335
2 0.5 0.1609375 0.007291666666666667 0.016666666666666666
2 0.6140625 0.21510416666666668 0.014583333333333334 0.033854166666666664
2 0.5625 0.15364583333333334 0.007291666666666667 0.014583333333333334
2 0.640625 0.15364583333333334 0.0046875 0.011979166666666667
2 0.75 0.15520833333333334 0.0046875 0.011979166666666667
2 0.8619791666666666 0.1609375 0.0046875 0.011979166666666667
1 0.8932291666666666 0.18125 0.009375 0.021875