0 0.4171875 0.509375 0.040625 0.059895833333333336
0 0.20416666666666666 0.509375 0.040625 0.0625
0 0.5708333333333333 0.459375 0.028645833333333332 0.043229166666666666
1 0.8197916666666667 0.45416666666666666 0.03125 0.043229166666666666
1 0.16458333333333333 0.484375 0.03854166666666667 0.05520833333333333
1 0.2994791666666667 0.4625 0.033854166666666664 0.04791666666666667
2 0.46510416666666665 0.4734375 0.0359375 0.053125
2 0.61875 0.490625 0.03125 0.05520833333333333
2 0.75 0.44375 0.0265625 0.03854166666666667
1 0.6322916666666667 0.4328125 0.0265625 0.06510416666666667
1 0.7802083333333333 0.4640625 0.04583333333333333 0.08177083333333333