0 0.23072916666666668 0.5338541666666666 0.03125 0.04791666666666667
0 0.45208333333333334 0.5109375 0.0265625 0.03854166666666667
0 0.49635416666666665 0.46979166666666666 0.014583333333333334 0.0265625
2 0.5697916666666667 0.5432291666666667 0.03125 0.050520833333333334
2 0.5828125 0.459375 0.011979166666666667 0.021875
2 0.5359375 0.44947916666666665 0.011979166666666667 0.019270833333333334
1 0.521875 0.459375 0.014583333333333334 0.023958333333333335
1 0.6213541666666667 0.4713541666666667 0.016666666666666666 0.0265625
1 0.37135416666666665 0.48072916666666665 0.019270833333333334 0.03125
1 0.45677083333333335 0.446875 0.016666666666666666 0.033854166666666664
1 0.48802083333333335 0.43854166666666666 0.016666666666666666 0.028645833333333332
1 0.5635416666666667 0.478125 0.021875 0.050520833333333334