2 0.4 0.56875 0.040625 0.0625
2 0.34270833333333334 0.4328125 0.014583333333333334 0.021875
2 0.2682291666666667 0.43020833333333336 0.014583333333333334 0.021875
1 0.6119791666666666 0.5083333333333333 0.023958333333333335 0.043229166666666666
1 0.3375 0.478125 0.023958333333333335 0.0359375
1 0.20677083333333332 0.44583333333333336 0.019270833333333334 0.0265625
1 0.48802083333333335 0.44479166666666664 0.021875 0.043229166666666666
1 0.390625 0.415625 0.014583333333333334 0.028645833333333332
1 0.24895833333333334 0.40989583333333335 0.016666666666666666 0.028645833333333332
0 0.43125 0.43645833333333334 0.014583333333333334 0.021875
0 0.8135416666666667 0.6203125 0.053125 0.08177083333333333