2 0.21770833333333334 0.5072916666666667 0.08177083333333333 0.13958333333333334
2 0.27395833333333336 0.35104166666666664 0.03854166666666667 0.07447916666666667
2 0.27395833333333336 0.2921875 0.028645833333333332 0.04583333333333333
2 0.14166666666666666 0.2786458333333333 0.021875 0.040625
2 0.171875 0.22604166666666667 0.011979166666666667 0.019270833333333334
2 0.25729166666666664 0.2234375 0.011979166666666667 0.019270833333333334
2 0.384375 0.21614583333333334 0.011979166666666667 0.021875
2 0.48333333333333334 0.2078125 0.009375 0.019270833333333334
2 0.6296875 0.19375 0.009375 0.016666666666666666
2 0.7317708333333334 0.18489583333333334 0.007291666666666667 0.014583333333333334
2 0.7958333333333333 0.18020833333333333 0.007291666666666667 0.014583333333333334
2 0.8390625 0.1765625 0.007291666666666667 0.014583333333333334
2 0.921875 0.1671875 0.007291666666666667 0.011979166666666667
0 0.9098958333333333 0.16354166666666667 0.007291666666666667 0.009375
0 0.86875 0.16927083333333334 0.0046875 0.009375
0 0.8307291666666666 0.171875 0.0046875 0.011979166666666667
0 0.7729166666666667 0.178125 0.0046875 0.011979166666666667
0 0.7151041666666667 0.1828125 0.007291666666666667 0.011979166666666667
0 0.6359375 0.18854166666666666 0.007291666666666667 0.014583333333333334
0 0.5322916666666667 0.196875 0.007291666666666667 0.014583333333333334
0 0.4125 0.20677083333333332 0.007291666666666667 0.016666666666666666
0 0.31875 0.2140625 0.007291666666666667 0.014583333333333334
0 0.23697916666666666 0.21614583333333334 0.009375 0.016666666666666666
0 0.14895833333333333 0.21979166666666666 0.009375 0.014583333333333334