2 0.359375 0.5671875 0.09375 0.17083333333333334
2 0.7994791666666666 0.1765625 0.009375 0.019270833333333334
2 0.7307291666666667 0.178125 0.007291666666666667 0.014583333333333334
2 0.6765625 0.178125 0.007291666666666667 0.014583333333333334
2 0.6322916666666667 0.178125 0.007291666666666667 0.011979166666666667
2 0.6 0.178125 0.007291666666666667 0.011979166666666667
2 0.5614583333333333 0.178125 0.0046875 0.009375
2 0.5192708333333333 0.1765625 0.0046875 0.009375
2 0.884375 0.1765625 0.009375 0.019270833333333334
0 0.834375 0.171875 0.007291666666666667 0.014583333333333334
0 0.7703125 0.171875 0.0046875 0.011979166666666667
0 0.7005208333333334 0.17291666666666666 0.0046875 0.011979166666666667
0 0.6515625 0.17291666666666666 0.0046875 0.009375
0 0.290625 0.1875 0.0046875 0.0046875
2 0.3125 0.18645833333333334 0.0046875 0.009375
2 0.33645833333333336 0.18385416666666668 0.0046875 0.009375
2 0.36041666666666666 0.18125 0.0046875 0.009375
2 0.37864583333333335 0.17916666666666667 0.0046875 0.007291666666666667
2 0.41354166666666664 0.1765625 0.0046875 0.007291666666666667
2 0.44583333333333336 0.17552083333333332 0.0046875 0.007291666666666667
2 0.4625 0.178125 0.0046875 0.009375
2 0.46979166666666666 0.1765625 0.0046875 0.009375
2 0.4734375 0.17291666666666666 0.0046875 0.007291666666666667
2 0.48072916666666665 0.17916666666666667 0.0046875 0.007291666666666667
2 0.48333333333333334 0.17447916666666666 0.0026041666666666665 0.007291666666666667
2 0.49270833333333336 0.17291666666666666 0.0046875 0.007291666666666667
0 0.44375 0.17447916666666666 0.0026041666666666665 0.0046875
0 0.4796875 0.171875 0.0026041666666666665 0.0046875
0 0.5109375 0.171875 0.0026041666666666665 0.007291666666666667
0 0.5265625 0.17291666666666666 0.0026041666666666665 0.007291666666666667
0 0.5302083333333333 0.17447916666666666 0.0026041666666666665 0.009375
0 0.5348958333333333 0.171875 0.0026041666666666665 0.007291666666666667
0 0.5395833333333333 0.171875 0.0026041666666666665 0.007291666666666667
0 0.603125 0.17291666666666666 0.0046875 0.011979166666666667
2 0.27291666666666664 0.18854166666666666 0.0046875 0.007291666666666667
0 0.2682291666666667 0.18854166666666666 0.0046875 0.0046875
0 0.36666666666666664 0.18020833333333333 0.0046875 0.007291666666666667
0 0.40260416666666665 0.178125 0.0046875 0.007291666666666667
0 0.9291666666666667 0.1671875 0.007291666666666667 0.016666666666666666