2 0.22604166666666667 0.6140625 0.09635416666666667 0.1875
2 0.6958333333333333 0.17447916666666666 0.007291666666666667 0.014583333333333334
2 0.5890625 0.1765625 0.0046875 0.011979166666666667
2 0.7848958333333333 0.17083333333333334 0.007291666666666667 0.014583333333333334
2 0.4661458333333333 0.18125 0.007291666666666667 0.014583333333333334
2 0.35 0.18645833333333334 0.0046875 0.011979166666666667
2 0.29583333333333334 0.19010416666666666 0.007291666666666667 0.011979166666666667
0 0.5854166666666667 0.17291666666666666 0.0046875 0.009375
0 0.478125 0.178125 0.0046875 0.011979166666666667
0 0.39427083333333335 0.18125 0.0046875 0.009375
0 0.36041666666666666 0.1828125 0.0046875 0.009375
0 0.33541666666666664 0.18020833333333333 0.0046875 0.009375
2 0.275 0.19010416666666666 0.0046875 0.009375
2 0.2609375 0.18645833333333334 0.0046875 0.009375
0 0.3078125 0.18125 0.0046875 0.007291666666666667
0 0.25364583333333335 0.18385416666666668 0.0046875 0.007291666666666667
2 0.21510416666666668 0.18854166666666666 0.0046875 0.007291666666666667
0 0.7005208333333334 0.16927083333333334 0.0046875 0.011979166666666667
0 0.8088541666666667 0.16458333333333333 0.007291666666666667 0.014583333333333334