2 0.10833333333333334 0.5442708333333334 0.08645833333333333 0.15364583333333334
2 0.19375 0.29583333333333334 0.03125 0.050520833333333334
2 0.28020833333333334 0.2630208333333333 0.021875 0.033854166666666664
2 0.38958333333333334 0.240625 0.014583333333333334 0.028645833333333332
0 0.22604166666666667 0.240625 0.014583333333333334 0.023958333333333335
0 0.396875 0.21979166666666666 0.009375 0.019270833333333334
0 0.509375 0.20677083333333332 0.007291666666666667 0.019270833333333334
0 0.6286458333333333 0.19583333333333333 0.007291666666666667 0.019270833333333334
0 0.71875 0.1875 0.007291666666666667 0.016666666666666666
2 0.8307291666666666 0.18854166666666666 0.011979166666666667 0.023958333333333335
0 0.6885416666666667 0.18125 0.007291666666666667 0.011979166666666667
0 0.7682291666666666 0.1765625 0.0046875 0.011979166666666667
2 0.7296875 0.1984375 0.011979166666666667 0.021875
2 0.9015625 0.18125 0.009375 0.019270833333333334
0 0.8833333333333333 0.17552083333333332 0.007291666666666667 0.014583333333333334
2 0.5026041666666666 0.2234375 0.011979166666666667 0.0265625
2 0.5973958333333333 0.2125 0.011979166666666667 0.021875
2 0.5854166666666667 0.18645833333333334 0.0046875 0.009375
2 0.6380208333333334 0.1828125 0.0046875 0.009375
2 0.6625 0.18020833333333333 0.0046875 0.007291666666666667
0 0.6296875 0.1828125 0.0046875 0.009375
0 0.6536458333333334 0.18125 0.0046875 0.009375
2 0.625 0.1828125 0.0046875 0.007291666666666667
2 0.728125 0.178125 0.007291666666666667 0.009375
2 0.7463541666666667 0.17552083333333332 0.0046875 0.009375
0 0.7942708333333334 0.1828125 0.009375 0.016666666666666666
2 0.8291666666666667 0.16927083333333334 0.0046875 0.007291666666666667
0 0.8713541666666667 0.16927083333333334 0.0046875 0.009375
0 0.8098958333333334 0.17083333333333334 0.0046875 0.007291666666666667
0 0.5083333333333333 0.19010416666666666 0.0046875 0.007291666666666667
0 0.53125 0.18854166666666666 0.0046875 0.009375
0 0.5359375 0.1875 0.0026041666666666665 0.009375
0 0.5598958333333334 0.18645833333333334 0.0046875 0.007291666666666667
0 0.571875 0.18489583333333334 0.0026041666666666665 0.009375
0 0.5984375 0.18385416666666668 0.0026041666666666665 0.007291666666666667
0 0.5192708333333333 0.18854166666666666 0.0026041666666666665 0.009375