2 0.6432291666666666 0.5375 0.023958333333333335 0.043229166666666666
2 0.6598958333333333 0.4661458333333333 0.007291666666666667 0.014583333333333334
2 0.7703125 0.46875 0.009375 0.016666666666666666
2 0.8640625 0.46510416666666665 0.009375 0.016666666666666666
2 0.59375 0.4640625 0.007291666666666667 0.014583333333333334
2 0.50625 0.46145833333333336 0.007291666666666667 0.014583333333333334
2 0.428125 0.4640625 0.007291666666666667 0.014583333333333334
2 0.3546875 0.46875 0.007291666666666667 0.014583333333333334
2 0.2786458333333333 0.47604166666666664 0.009375 0.016666666666666666
2 0.2630208333333333 0.48541666666666666 0.014583333333333334 0.023958333333333335
2 0.3307291666666667 0.49635416666666665 0.014583333333333334 0.0265625
2 0.4557291666666667 0.5130208333333334 0.016666666666666666 0.033854166666666664
0 0.19479166666666667 0.6885416666666667 0.07916666666666666 0.115625
0 0.23802083333333332 0.5828125 0.043229166666666666 0.0625
0 0.08541666666666667 0.5375 0.033854166666666664 0.040625
0 0.07708333333333334 0.49166666666666664 0.016666666666666666 0.023958333333333335
0 0.14791666666666667 0.47708333333333336 0.011979166666666667 0.019270833333333334
0 0.25104166666666666 0.46875 0.007291666666666667 0.014583333333333334
0 0.34010416666666665 0.4625 0.007291666666666667 0.014583333333333334
0 0.4171875 0.4578125 0.0046875 0.011979166666666667
0 0.49895833333333334 0.45677083333333335 0.0046875 0.009375
0 0.5734375 0.45677083333333335 0.0046875 0.009375
0 0.6322916666666667 0.4578125 0.0046875 0.011979166666666667
0 0.696875 0.46041666666666664 0.007291666666666667 0.014583333333333334
0 0.7765625 0.46041666666666664 0.007291666666666667 0.014583333333333334
0 0.890625 0.45677083333333335 0.007291666666666667 0.011979166666666667