0 0.4036458333333333 0.5375 0.023958333333333335 0.03854166666666667
0 0.48541666666666666 0.5 0.014583333333333334 0.0265625
0 0.5145833333333333 0.4817708333333333 0.009375 0.021875
0 0.5708333333333333 0.4734375 0.007291666666666667 0.014583333333333334
0 0.5901041666666667 0.4661458333333333 0.007291666666666667 0.014583333333333334
0 0.6046875 0.4625 0.0046875 0.011979166666666667
0 0.6130208333333333 0.46041666666666664 0.0046875 0.011979166666666667
0 0.6286458333333333 0.4557291666666667 0.0046875 0.009375
0 0.6479166666666667 0.453125 0.0046875 0.009375
0 0.6395833333333333 0.44947916666666665 0.0026041666666666665 0.007291666666666667
2 0.7489583333333333 0.5479166666666667 0.03125 0.04791666666666667
2 0.7067708333333333 0.5036458333333333 0.019270833333333334 0.028645833333333332
2 0.6901041666666666 0.48802083333333335 0.014583333333333334 0.023958333333333335
2 0.7333333333333333 0.475 0.011979166666666667 0.019270833333333334
2 0.7125 0.4661458333333333 0.007291666666666667 0.014583333333333334
2 0.7020833333333333 0.46041666666666664 0.007291666666666667 0.014583333333333334
2 0.7125 0.45677083333333335 0.0046875 0.009375
2 0.728125 0.453125 0.0046875 0.009375
2 0.734375 0.4484375 0.0046875 0.009375
2 0.7427083333333333 0.45208333333333334 0.0046875 0.009375
2 0.7895833333333333 0.44479166666666664 0.0046875 0.007291666666666667
2 0.8354166666666667 0.44479166666666664 0.0046875 0.007291666666666667
2 0.9 0.44114583333333335 0.0026041666666666665 0.0046875
2 0.8666666666666667 0.44479166666666664 0.0046875 0.007291666666666667
2 0.8713541666666667 0.44375 0.0026041666666666665 0.007291666666666667
0 0.9255208333333333 0.44114583333333335 0.0026041666666666665 0.0046875
0 0.8880208333333334 0.44114583333333335 0.0026041666666666665 0.0046875
0 0.8583333333333333 0.44114583333333335 0.0026041666666666665 0.0046875
0 0.8078125 0.44375 0.0046875 0.007291666666666667
0 0.8151041666666666 0.44375 0.0026041666666666665 0.0046875
0 0.7786458333333334 0.44375 0.0026041666666666665 0.0046875
0 0.6645833333333333 0.45208333333333334 0.0046875 0.007291666666666667
0 0.6744791666666666 0.4505208333333333 0.0046875 0.009375
0 0.6682291666666667 0.44947916666666665 0.0026041666666666665 0.007291666666666667
2 0.6572916666666667 0.446875 0.0026041666666666665 0.007291666666666667
2 0.6645833333333333 0.44479166666666664 0.0026041666666666665 0.0046875
2 0.6479166666666667 0.44479166666666664 0.0026041666666666665 0.0046875
2 0.6119791666666666 0.44947916666666665 0.0026041666666666665 0.007291666666666667
0 0.6083333333333333 0.4505208333333333 0.0026041666666666665 0.007291666666666667
0 0.5817708333333333 0.45208333333333334 0.0026041666666666665 0.009375
0 0.5395833333333333 0.45416666666666666 0.0026041666666666665 0.009375
2 0.5651041666666666 0.4505208333333333 0.0026041666666666665 0.007291666666666667
2 0.5348958333333333 0.453125 0.0026041666666666665 0.007291666666666667
0 0.48802083333333335 0.4578125 0.0046875 0.009375
0 0.44375 0.46145833333333336 0.0046875 0.009375
0 0.35833333333333334 0.4661458333333333 0.0046875 0.009375
0 0.26927083333333335 0.4713541666666667 0.007291666666666667 0.011979166666666667
0 0.2609375 0.46145833333333336 0.0046875 0.007291666666666667
2 0.2786458333333333 0.46041666666666664 0.0046875 0.007291666666666667
2 0.30052083333333335 0.4661458333333333 0.007291666666666667 0.011979166666666667
2 0.3640625 0.4640625 0.007291666666666667 0.011979166666666667
2 0.19375 0.46510416666666665 0.0046875 0.009375
2 0.146875 0.46875 0.0046875 0.009375
2 0.06875 0.475 0.007291666666666667 0.011979166666666667
2 0.09114583333333333 0.4713541666666667 0.0046875 0.009375
2 0.10208333333333333 0.475 0.007291666666666667 0.011979166666666667
0 0.08645833333333333 0.478125 0.007291666666666667 0.011979166666666667
0 0.18645833333333334 0.475 0.007291666666666667 0.011979166666666667
0 0.1765625 0.46510416666666665 0.0046875 0.007291666666666667
0 0.32447916666666665 0.4578125 0.0026041666666666665 0.0046875
2 0.34479166666666666 0.4578125 0.0046875 0.007291666666666667
2 0.390625 0.4557291666666667 0.0046875 0.007291666666666667
0 0.36875 0.4557291666666667 0.0026041666666666665 0.0046875
2 0.43385416666666665 0.459375 0.0046875 0.009375
2 0.46041666666666664 0.45208333333333334 0.0026041666666666665 0.0046875
0 0.47239583333333335 0.44947916666666665 0.0026041666666666665 0.0046875
0 0.5010416666666667 0.4484375 0.0026041666666666665 0.0046875
0 0.5239583333333333 0.446875 0.0026041666666666665 0.0046875
2 0.6958333333333333 0.446875 0.0046875 0.007291666666666667
0 0.7125 0.44479166666666664 0.0026041666666666665 0.0046875
0 0.6901041666666666 0.44479166666666664 0.0026041666666666665 0.0046875
2 0.7380208333333333 0.44479166666666664 0.0026041666666666665 0.007291666666666667
2 0.4348958333333333 0.453125 0.0026041666666666665 0.0046875
0 0.4421875 0.45208333333333334 0.0026041666666666665 0.0046875
2 0.49270833333333336 0.44947916666666665 0.0026041666666666665 0.0046875
2 0.521875 0.44947916666666665 0.0026041666666666665 0.0046875
2 0.6 0.44479166666666664 0.0026041666666666665 0.0046875
2 0.6203125 0.44479166666666664 0.0026041666666666665 0.0046875
0 0.6223958333333334 0.44375 0.0026041666666666665 0.0046875
2 0.6442708333333333 0.44479166666666664 0.0026041666666666665 0.0046875
2 0.6359375 0.44479166666666664 0.0026041666666666665 0.0046875
0 0.6395833333333333 0.44375 0.0026041666666666665 0.0046875
0 0.6552083333333333 0.44375 0.0026041666666666665 0.0046875
0 0.6708333333333333 0.44375 0.0026041666666666665 0.0046875
0 0.6802083333333333 0.44479166666666664 0.0026041666666666665 0.0046875
0 0.74375 0.44375 0.0026041666666666665 0.0046875
0 0.8197916666666667 0.4421875 0.0026041666666666665 0.0046875
2 0.875 0.44114583333333335 0.0026041666666666665 0.007291666666666667
2 0.5479166666666667 0.446875 0.0026041666666666665 0.0046875
0 0.5442708333333334 0.446875 0.0026041666666666665 0.0046875
2 0.5671875 0.44583333333333336 0.0026041666666666665 0.0046875
2 0.5828125 0.44583333333333336 0.0026041666666666665 0.0046875
0 0.5791666666666667 0.44479166666666664 0.0026041666666666665 0.0046875
0 0.5635416666666667 0.44583333333333336 0.0026041666666666665 0.0046875
0 0.6765625 0.44375 0.0026041666666666665 0.0046875
2 0.18489583333333334 0.4713541666666667 0.0046875 0.011979166666666667