2 0.8557291666666667 0.6526041666666667 0.07447916666666667 0.103125
2 0.6515625 0.4973958333333333 0.014583333333333334 0.028645833333333332
2 0.6286458333333333 0.4734375 0.011979166666666667 0.016666666666666666
2 0.6166666666666667 0.46041666666666664 0.007291666666666667 0.014583333333333334
2 0.6104166666666667 0.4557291666666667 0.007291666666666667 0.011979166666666667
0 0.5432291666666667 0.4505208333333333 0.0046875 0.009375
0 0.5276041666666667 0.4557291666666667 0.007291666666666667 0.011979166666666667
0 0.5166666666666667 0.46041666666666664 0.007291666666666667 0.014583333333333334
0 0.49375 0.47239583333333335 0.009375 0.019270833333333334
0 0.453125 0.4953125 0.014583333333333334 0.028645833333333332
0 0.25625 0.6166666666666667 0.04791666666666667 0.07916666666666666
0 0.5552083333333333 0.44479166666666664 0.0026041666666666665 0.007291666666666667
0 0.5515625 0.446875 0.0026041666666666665 0.007291666666666667
0 0.5598958333333334 0.44479166666666664 0.0026041666666666665 0.007291666666666667
0 0.5651041666666666 0.4421875 0.0026041666666666665 0.0046875
0 0.578125 0.44114583333333335 0.0046875 0.0046875
2 0.6067708333333334 0.45208333333333334 0.0026041666666666665 0.009375
2 0.6046875 0.4484375 0.0026041666666666665 0.007291666666666667
2 0.6020833333333333 0.44479166666666664 0.0026041666666666665 0.0046875
2 0.6223958333333334 0.44114583333333335 0.0046875 0.007291666666666667
2 0.6057291666666667 0.4421875 0.0026041666666666665 0.0046875
2 0.6479166666666667 0.44114583333333335 0.0026041666666666665 0.0046875
0 0.63125 0.4401041666666667 0.0046875 0.007291666666666667
0 0.65625 0.44114583333333335 0.0026041666666666665 0.0046875
2 0.6838541666666667 0.4421875 0.0026041666666666665 0.0046875
0 0.6885416666666667 0.44114583333333335 0.0026041666666666665 0.0046875
2 0.725 0.4421875 0.0026041666666666665 0.0046875
2 0.7546875 0.4421875 0.0046875 0.007291666666666667
0 0.759375 0.4421875 0.0046875 0.0046875
0 0.7270833333333333 0.44114583333333335 0.0026041666666666665 0.0046875
0 0.7875 0.4421875 0.0046875 0.007291666666666667
2 0.790625 0.44375 0.0046875 0.007291666666666667
2 0.828125 0.44479166666666664 0.0046875 0.009375
0 0.8161458333333333 0.4421875 0.0026041666666666665 0.007291666666666667
0 0.8484375 0.44375 0.0046875 0.009375
0 0.8916666666666667 0.44375 0.007291666666666667 0.009375
2 0.9182291666666667 0.44583333333333336 0.007291666666666667 0.009375