1 0.15625 0.34010416666666665 0.011979166666666667 0.040625
1 0.27760416666666665 0.359375 0.021875 0.04791666666666667
1 0.2921875 0.31875 0.016666666666666666 0.03125
1 0.38333333333333336 0.3125 0.014583333333333334 0.033854166666666664
1 0.39166666666666666 0.3484375 0.021875 0.04583333333333333
1 0.4661458333333333 0.30885416666666665 0.014583333333333334 0.028645833333333332
1 0.5010416666666667 0.33541666666666664 0.019270833333333334 0.040625
2 0.5338541666666666 0.30520833333333336 0.011979166666666667 0.028645833333333332
0 0.5515625 0.334375 0.021875 0.03854166666666667
0 0.6432291666666666 0.4817708333333333 0.059895833333333336 0.10104166666666667
0 0.7114583333333333 0.3255208333333333 0.021875 0.0359375
2 0.6864583333333333 0.29583333333333334 0.014583333333333334 0.023958333333333335
2 0.7776041666666667 0.28958333333333336 0.011979166666666667 0.023958333333333335
0 0.8390625 0.3125 0.021875 0.0359375
2 0.9265625 0.27395833333333336 0.014583333333333334 0.019270833333333334
2 0.9145833333333333 0.2682291666666667 0.011979166666666667 0.019270833333333334
2 0.9109375 0.24895833333333334 0.007291666666666667 0.011979166666666667
2 0.884375 0.2630208333333333 0.007291666666666667 0.016666666666666666
2 0.8776041666666666 0.25833333333333336 0.009375 0.014583333333333334
2 0.859375 0.28020833333333334 0.014583333333333334 0.023958333333333335
2 0.8677083333333333 0.25104166666666666 0.007291666666666667 0.011979166666666667
2 0.859375 0.2546875 0.007291666666666667 0.011979166666666667