2 0.44375 0.6572916666666667 0.1203125 0.21875
2 0.10572916666666667 0.321875 0.03854166666666667 0.059895833333333336
2 0.140625 0.27760416666666665 0.0265625 0.04583333333333333
2 0.209375 0.24166666666666667 0.019270833333333334 0.033854166666666664
2 0.25364583333333335 0.225 0.014583333333333334 0.0265625
2 0.2765625 0.21614583333333334 0.011979166666666667 0.023958333333333335
0 0.09375 0.22135416666666666 0.014583333333333334 0.023958333333333335
0 0.17916666666666667 0.21145833333333333 0.011979166666666667 0.019270833333333334
0 0.21614583333333334 0.20572916666666666 0.009375 0.019270833333333334
0 0.24739583333333334 0.19947916666666668 0.009375 0.016666666666666666
0 0.2682291666666667 0.19583333333333333 0.007291666666666667 0.014583333333333334
2 0.35833333333333334 0.203125 0.011979166666666667 0.019270833333333334
2 0.3723958333333333 0.1921875 0.007291666666666667 0.014583333333333334
0 0.334375 0.18645833333333334 0.007291666666666667 0.011979166666666667
0 0.3015625 0.19114583333333332 0.007291666666666667 0.014583333333333334
0 0.34270833333333334 0.1828125 0.0046875 0.011979166666666667
0 0.36041666666666666 0.18385416666666668 0.007291666666666667 0.014583333333333334
2 0.09479166666666666 0.42552083333333335 0.06510416666666667 0.10572916666666667
2 0.3640625 0.196875 0.009375 0.016666666666666666
2 0.078125 0.19583333333333333 0.007291666666666667 0.011979166666666667
2 0.11197916666666667 0.20052083333333334 0.007291666666666667 0.014583333333333334
0 0.103125 0.20052083333333334 0.007291666666666667 0.019270833333333334
2 0.13958333333333334 0.19375 0.0046875 0.011979166666666667
0 0.15885416666666666 0.1921875 0.0046875 0.009375
0 0.19010416666666666 0.196875 0.007291666666666667 0.011979166666666667
2 0.1921875 0.19375 0.007291666666666667 0.014583333333333334
0 0.20052083333333334 0.18854166666666666 0.0046875 0.007291666666666667
0 0.25729166666666664 0.19010416666666666 0.0046875 0.011979166666666667
0 0.23541666666666666 0.18645833333333334 0.0046875 0.007291666666666667
2 0.240625 0.18854166666666666 0.007291666666666667 0.011979166666666667
2 0.2703125 0.18385416666666668 0.0046875 0.007291666666666667
0 0.26666666666666666 0.18385416666666668 0.0046875 0.007291666666666667
0 0.2942708333333333 0.18125 0.0026041666666666665 0.0046875
0 0.29791666666666666 0.18645833333333334 0.0046875 0.011979166666666667
2 0.296875 0.18020833333333333 0.0026041666666666665 0.007291666666666667
2 0.3098958333333333 0.18385416666666668 0.0046875 0.011979166666666667
2 0.32447916666666665 0.17916666666666667 0.0026041666666666665 0.007291666666666667
0 0.32916666666666666 0.17916666666666667 0.0026041666666666665 0.007291666666666667
2 0.3546875 0.1765625 0.0026041666666666665 0.009375
0 0.37864583333333335 0.18125 0.007291666666666667 0.011979166666666667
2 0.37395833333333334 0.178125 0.0046875 0.009375
2 0.3776041666666667 0.17552083333333332 0.0046875 0.007291666666666667
0 0.38333333333333336 0.17552083333333332 0.0026041666666666665 0.007291666666666667
2 0.38697916666666665 0.17552083333333332 0.0026041666666666665 0.007291666666666667
2 0.39166666666666666 0.17447916666666666 0.0026041666666666665 0.007291666666666667
2 0.4 0.17447916666666666 0.0026041666666666665 0.007291666666666667
2 0.4015625 0.1875 0.007291666666666667 0.011979166666666667
0 0.40520833333333334 0.17291666666666666 0.0026041666666666665 0.0046875
2 0.421875 0.17291666666666666 0.0026041666666666665 0.009375
2 0.42916666666666664 0.1828125 0.0046875 0.014583333333333334
0 0.42552083333333335 0.171875 0.0026041666666666665 0.007291666666666667
0 0.428125 0.17291666666666666 0.0026041666666666665 0.007291666666666667
0 0.43020833333333336 0.171875 0.0026041666666666665 0.007291666666666667
0 0.4375 0.17291666666666666 0.0046875 0.007291666666666667
2 0.4401041666666667 0.17083333333333334 0.0026041666666666665 0.007291666666666667
2 0.4557291666666667 0.17916666666666667 0.007291666666666667 0.011979166666666667
2 0.4661458333333333 0.178125 0.007291666666666667 0.009375
2 0.46145833333333336 0.17552083333333332 0.0046875 0.011979166666666667
0 0.46510416666666665 0.17083333333333334 0.0026041666666666665 0.007291666666666667
2 0.48802083333333335 0.16927083333333334 0.0046875 0.009375
0 0.5010416666666667 0.1671875 0.0046875 0.009375
0 0.540625 0.1671875 0.0026041666666666665 0.007291666666666667
2 0.5442708333333334 0.1671875 0.0026041666666666665 0.009375
0 0.5734375 0.165625 0.0026041666666666665 0.009375
0 0.5854166666666667 0.16458333333333333 0.0026041666666666665 0.007291666666666667
0 0.6 0.1625 0.0026041666666666665 0.007291666666666667
2 0.5947916666666667 0.16458333333333333 0.0026041666666666665 0.009375
0 0.6203125 0.1609375 0.0026041666666666665 0.007291666666666667
2 0.6296875 0.16354166666666667 0.0046875 0.009375
2 0.6395833333333333 0.1625 0.0026041666666666665 0.009375
2 0.6416666666666667 0.1609375 0.0026041666666666665 0.007291666666666667
0 0.6453125 0.15989583333333332 0.0026041666666666665 0.007291666666666667
2 0.646875 0.15989583333333332 0.0026041666666666665 0.007291666666666667
2 0.6572916666666667 0.15885416666666666 0.0026041666666666665 0.007291666666666667
0 0.678125 0.15885416666666666 0.0046875 0.007291666666666667
2 0.6848958333333334 0.15729166666666666 0.0026041666666666665 0.007291666666666667
2 0.7213541666666666 0.15520833333333334 0.0026041666666666665 0.009375
0 0.7151041666666667 0.15729166666666666 0.0026041666666666665 0.007291666666666667
0 0.759375 0.15625 0.0046875 0.007291666666666667
2 0.7526041666666666 0.15520833333333334 0.0046875 0.009375
2 0.8354166666666667 0.1515625 0.0046875 0.009375
2 0.865625 0.15 0.0046875 0.009375
2 0.8989583333333333 0.146875 0.0046875 0.007291666666666667
2 0.9265625 0.14427083333333332 0.007291666666666667 0.007291666666666667
0 0.915625 0.1453125 0.0046875 0.007291666666666667
0 0.8776041666666666 0.14791666666666667 0.0046875 0.009375
0 0.8473958333333333 0.15 0.0026041666666666665 0.0046875
0 0.81875 0.15260416666666668 0.0046875 0.007291666666666667