2 0.15364583333333334 0.5229166666666667 0.09375 0.14895833333333333
2 0.09739583333333333 0.36041666666666666 0.04791666666666667 0.08177083333333333
2 0.23802083333333332 0.27291666666666664 0.028645833333333332 0.050520833333333334
2 0.32447916666666665 0.240625 0.019270833333333334 0.03854166666666667
0 0.10208333333333333 0.24635416666666668 0.019270833333333334 0.033854166666666664
0 0.2703125 0.21770833333333334 0.014583333333333334 0.0265625
2 0.43020833333333336 0.21614583333333334 0.014583333333333334 0.03125
0 0.4375 0.19479166666666667 0.011979166666666667 0.021875
0 0.5505208333333333 0.18020833333333333 0.009375 0.016666666666666666
2 0.5442708333333334 0.1984375 0.011979166666666667 0.021875
2 0.6395833333333333 0.1828125 0.014583333333333334 0.0265625
0 0.671875 0.1671875 0.009375 0.019270833333333334
0 0.7317708333333334 0.15 0.007291666666666667 0.011979166666666667
0 0.765625 0.15729166666666666 0.011979166666666667 0.019270833333333334
0 0.8161458333333333 0.14427083333333332 0.007291666666666667 0.014583333333333334
2 0.7765625 0.1671875 0.011979166666666667 0.023958333333333335
2 0.8859375 0.15364583333333334 0.014583333333333334 0.0265625
2 0.8822916666666667 0.13333333333333333 0.007291666666666667 0.011979166666666667
0 0.8619791666666666 0.1359375 0.007291666666666667 0.009375
0 0.8473958333333333 0.14791666666666667 0.011979166666666667 0.019270833333333334
2 0.8427083333333333 0.140625 0.007291666666666667 0.014583333333333334
2 0.7932291666666667 0.14322916666666666 0.0046875 0.009375
0 0.7786458333333334 0.14427083333333332 0.0046875 0.009375
2 0.775 0.146875 0.0046875 0.011979166666666667
2 0.7057291666666666 0.15260416666666668 0.0046875 0.014583333333333334
0 0.6958333333333333 0.1515625 0.0046875 0.009375
0 0.6395833333333333 0.15625 0.0026041666666666665 0.0046875
2 0.6276041666666666 0.15625 0.0046875 0.009375
0 0.6140625 0.15885416666666666 0.0046875 0.009375
2 0.6104166666666667 0.15885416666666666 0.0026041666666666665 0.009375
0 0.6010416666666667 0.15989583333333332 0.0026041666666666665 0.009375
0 0.5770833333333333 0.1609375 0.0026041666666666665 0.009375
0 0.5734375 0.1625 0.0026041666666666665 0.011979166666666667
0 0.5588541666666667 0.1625 0.0026041666666666665 0.009375
0 0.5479166666666667 0.1625 0.0026041666666666665 0.009375