0 0.8760416666666667 0.5505208333333333 0.059895833333333336 0.09635416666666667
0 0.22604166666666667 0.35208333333333336 0.014583333333333334 0.023958333333333335
0 0.334375 0.3484375 0.009375 0.019270833333333334
0 0.43125 0.34739583333333335 0.009375 0.016666666666666666
0 0.484375 0.3411458333333333 0.007291666666666667 0.014583333333333334
0 0.5265625 0.34010416666666665 0.007291666666666667 0.011979166666666667
0 0.5348958333333333 0.32916666666666666 0.0026041666666666665 0.0046875
0 0.5588541666666667 0.3375 0.0046875 0.009375
0 0.5697916666666667 0.33541666666666664 0.0026041666666666665 0.009375
0 0.5755208333333334 0.3328125 0.0026041666666666665 0.009375
2 0.203125 0.3411458333333333 0.009375 0.016666666666666666
2 0.34270833333333334 0.3390625 0.007291666666666667 0.014583333333333334
2 0.39427083333333335 0.33645833333333336 0.007291666666666667 0.014583333333333334
2 0.44583333333333336 0.334375 0.007291666666666667 0.011979166666666667
2 0.48333333333333334 0.328125 0.0026041666666666665 0.009375
2 0.48802083333333335 0.3328125 0.0046875 0.009375
2 0.5026041666666666 0.3328125 0.0026041666666666665 0.009375
2 0.5036458333333333 0.32916666666666666 0.0026041666666666665 0.007291666666666667
2 0.5109375 0.33177083333333335 0.0026041666666666665 0.009375
2 0.45677083333333335 0.32708333333333334 0.0046875 0.007291666666666667
2 0.42552083333333335 0.32447916666666665 0.0026041666666666665 0.007291666666666667
0 0.475 0.3255208333333333 0.0046875 0.007291666666666667
0 0.43125 0.32447916666666665 0.0026041666666666665 0.007291666666666667
0 0.5614583333333333 0.33177083333333335 0.0026041666666666665 0.007291666666666667
0 0.5072916666666667 0.32708333333333334 0.0026041666666666665 0.007291666666666667
2 0.38333333333333336 0.32447916666666665 0.0046875 0.007291666666666667
0 0.3880208333333333 0.32447916666666665 0.0046875 0.007291666666666667
2 0.28125 0.32083333333333336 0.0046875 0.007291666666666667
2 0.334375 0.3234375 0.0046875 0.007291666666666667
1 0.19010416666666666 0.31614583333333335 0.0046875 0.014583333333333334
0 0.11875 0.3151041666666667 0.0026041666666666665 0.007291666666666667
2 0.14427083333333332 0.31875 0.0026041666666666665 0.007291666666666667
2 0.23072916666666668 0.32083333333333336 0.0026041666666666665 0.007291666666666667