0 0.484375 0.4375 0.023958333333333335 0.04583333333333333
0 0.521875 0.40625 0.021875 0.0359375
0 0.5479166666666667 0.3932291666666667 0.021875 0.021875
0 0.571875 0.3796875 0.019270833333333334 0.019270833333333334
0 0.7416666666666667 0.4109375 0.019270833333333334 0.0265625
2 0.7390625 0.36875 0.009375 0.023958333333333335
2 0.7453125 0.38333333333333336 0.011979166666666667 0.019270833333333334
2 0.7692708333333333 0.4421875 0.023958333333333335 0.04583333333333333
1 0.43854166666666666 0.46875 0.040625 0.043229166666666666
2 0.8244791666666667 0.5 0.050520833333333334 0.050520833333333334
1 0.7546875 0.4265625 0.021875 0.028645833333333332
2 0.875 0.6140625 0.06979166666666667 0.08645833333333333
1 0.4375 0.46875 0.040625 0.043229166666666666
2 0.7546875 0.3932291666666667 0.011979166666666667 0.03125