0 0.23541666666666666 0.6369791666666667 0.050520833333333334 0.0890625
0 0.37395833333333334 0.5395833333333333 0.028645833333333332 0.04583333333333333
0 0.42552083333333335 0.5046875 0.019270833333333334 0.028645833333333332
0 0.44479166666666664 0.48802083333333335 0.011979166666666667 0.021875
0 0.4734375 0.47239583333333335 0.009375 0.016666666666666666
0 0.5026041666666666 0.46510416666666665 0.007291666666666667 0.014583333333333334
0 0.525 0.4625 0.007291666666666667 0.011979166666666667
0 0.5359375 0.4578125 0.0046875 0.011979166666666667
2 0.8473958333333333 0.5770833333333333 0.043229166666666666 0.06510416666666667
2 0.6802083333333333 0.5119791666666667 0.016666666666666666 0.033854166666666664
2 0.615625 0.48541666666666666 0.011979166666666667 0.023958333333333335
2 0.6104166666666667 0.4713541666666667 0.007291666666666667 0.019270833333333334
2 0.6223958333333334 0.4640625 0.009375 0.014583333333333334
2 0.6333333333333333 0.459375 0.007291666666666667 0.014583333333333334
2 0.6067708333333334 0.45208333333333334 0.0046875 0.009375
2 0.6260416666666667 0.45416666666666666 0.0026041666666666665 0.011979166666666667
2 0.6552083333333333 0.44479166666666664 0.0026041666666666665 0.009375
2 0.6994791666666667 0.44479166666666664 0.0026041666666666665 0.007291666666666667
2 0.921875 0.43645833333333334 0.0046875 0.007291666666666667
2 0.8786458333333333 0.43854166666666666 0.0026041666666666665 0.007291666666666667
2 0.8401041666666667 0.43854166666666666 0.0026041666666666665 0.007291666666666667
2 0.8005208333333333 0.43854166666666666 0.0026041666666666665 0.007291666666666667
2 0.7682291666666666 0.43854166666666666 0.0026041666666666665 0.007291666666666667
2 0.7369791666666666 0.4401041666666667 0.0026041666666666665 0.0046875
2 0.725 0.44375 0.0026041666666666665 0.007291666666666667
0 0.86875 0.4375 0.0046875 0.0046875
0 0.8510416666666667 0.43854166666666666 0.0026041666666666665 0.007291666666666667
0 0.8291666666666667 0.43854166666666666 0.0026041666666666665 0.007291666666666667
0 0.7942708333333334 0.43854166666666666 0.0026041666666666665 0.0046875
0 0.7536458333333333 0.43854166666666666 0.0026041666666666665 0.0046875
2 0.7125 0.44114583333333335 0.0026041666666666665 0.007291666666666667
0 0.665625 0.44375 0.0046875 0.007291666666666667
0 0.6380208333333334 0.44375 0.0046875 0.007291666666666667
0 0.6010416666666667 0.44479166666666664 0.0026041666666666665 0.007291666666666667
2 0.5984375 0.44583333333333336 0.0026041666666666665 0.007291666666666667
2 0.55625 0.4505208333333333 0.0026041666666666665 0.009375
2 0.5515625 0.44583333333333336 0.0026041666666666665 0.007291666666666667
2 0.5072916666666667 0.45208333333333334 0.0026041666666666665 0.009375
2 0.5119791666666667 0.4484375 0.0026041666666666665 0.007291666666666667
2 0.09270833333333334 0.490625 0.009375 0.016666666666666666
0 0.07083333333333333 0.5010416666666667 0.014583333333333334 0.021875
0 0.2078125 0.48541666666666666 0.009375 0.016666666666666666
0 0.146875 0.4661458333333333 0.0026041666666666665 0.007291666666666667
0 0.3234375 0.47239583333333335 0.007291666666666667 0.014583333333333334
0 0.4 0.4640625 0.007291666666666667 0.011979166666666667
0 0.44114583333333335 0.459375 0.0046875 0.009375
0 0.48541666666666666 0.4557291666666667 0.007291666666666667 0.011979166666666667
0 0.5661458333333333 0.44583333333333336 0.0026041666666666665 0.007291666666666667
2 0.234375 0.475 0.007291666666666667 0.014583333333333334
2 0.18385416666666668 0.4661458333333333 0.0046875 0.009375
2 0.23333333333333334 0.4625 0.0046875 0.009375
2 0.2875 0.4578125 0.0046875 0.007291666666666667
2 0.32916666666666666 0.46510416666666665 0.007291666666666667 0.011979166666666667
2 0.33177083333333335 0.45416666666666666 0.0046875 0.007291666666666667
0 0.20677083333333332 0.4625 0.0026041666666666665 0.007291666666666667
0 0.259375 0.459375 0.0046875 0.007291666666666667
0 0.30416666666666664 0.4557291666666667 0.0026041666666666665 0.0046875
0 0.3390625 0.453125 0.0026041666666666665 0.0046875
2 0.37864583333333335 0.46145833333333336 0.0046875 0.009375
2 0.44479166666666664 0.4557291666666667 0.0046875 0.009375
2 0.36875 0.45208333333333334 0.0026041666666666665 0.0046875
2 0.39427083333333335 0.44947916666666665 0.0026041666666666665 0.0046875
2 0.41354166666666664 0.44947916666666665 0.0046875 0.0046875
2 0.43385416666666665 0.446875 0.0026041666666666665 0.0046875
2 0.4578125 0.44583333333333336 0.0026041666666666665 0.0046875
2 0.475 0.44583333333333336 0.0026041666666666665 0.0046875
0 0.365625 0.45208333333333334 0.0026041666666666665 0.0046875
0 0.40989583333333335 0.4484375 0.0026041666666666665 0.0046875
0 0.46041666666666664 0.44583333333333336 0.0026041666666666665 0.0046875
0 0.478125 0.44479166666666664 0.0026041666666666665 0.0046875
0 0.5395833333333333 0.44583333333333336 0.0026041666666666665 0.0046875
0 0.43645833333333334 0.44583333333333336 0.0026041666666666665 0.0046875
0 0.49635416666666665 0.44479166666666664 0.0026041666666666665 0.0046875
2 0.48541666666666666 0.446875 0.0026041666666666665 0.0046875
2 0.48802083333333335 0.4484375 0.0026041666666666665 0.0046875
2 0.4890625 0.44583333333333336 0.0026041666666666665 0.0046875
0 0.5145833333333333 0.44479166666666664 0.0026041666666666665 0.0046875
0 0.521875 0.44479166666666664 0.0026041666666666665 0.0046875
0 0.5239583333333333 0.44479166666666664 0.0026041666666666665 0.0046875
0 0.5265625 0.44479166666666664 0.0026041666666666665 0.0046875
0 0.5286458333333334 0.44583333333333336 0.0026041666666666665 0.0046875
0 0.525 0.45416666666666666 0.0026041666666666665 0.009375
0 0.6708333333333333 0.4421875 0.0026041666666666665 0.007291666666666667
0 0.6802083333333333 0.44114583333333335 0.0026041666666666665 0.0046875
2 0.7177083333333333 0.4421875 0.0026041666666666665 0.0046875
0 0.7234375 0.43854166666666666 0.0026041666666666665 0.0046875
2 0.9015625 0.4375 0.0026041666666666665 0.0046875
0 0.9192708333333334 0.4348958333333333 0.0026041666666666665 0.0046875
0 0.38958333333333334 0.4505208333333333 0.0026041666666666665 0.0046875