2 0.5541666666666667 0.5875 0.10572916666666667 0.19947916666666668
2 0.7979166666666667 0.15885416666666666 0.009375 0.021875
0 0.7921875 0.14791666666666667 0.007291666666666667 0.019270833333333334
0 0.640625 0.15729166666666666 0.007291666666666667 0.016666666666666666
0 0.625 0.15 0.0046875 0.014583333333333334
2 0.6 0.16927083333333334 0.007291666666666667 0.019270833333333334
0 0.5598958333333334 0.1609375 0.007291666666666667 0.016666666666666666
0 0.56875 0.15520833333333334 0.0046875 0.014583333333333334
0 0.5348958333333333 0.15885416666666666 0.007291666666666667 0.016666666666666666
2 0.5036458333333333 0.17447916666666666 0.009375 0.021875
2 0.446875 0.1625 0.007291666666666667 0.014583333333333334
2 0.4192708333333333 0.16822916666666668 0.007291666666666667 0.016666666666666666
2 0.40989583333333335 0.17552083333333332 0.007291666666666667 0.016666666666666666
2 0.24166666666666667 0.18125 0.007291666666666667 0.014583333333333334
0 0.2838541666666667 0.17291666666666666 0.0046875 0.009375
0 0.2682291666666667 0.17552083333333332 0.007291666666666667 0.011979166666666667
0 0.09270833333333334 0.1921875 0.009375 0.014583333333333334
0 0.13333333333333333 0.18385416666666668 0.0046875 0.009375
0 0.14427083333333332 0.1828125 0.0046875 0.007291666666666667
2 0.15 0.19114583333333332 0.009375 0.016666666666666666
0 0.171875 0.18645833333333334 0.007291666666666667 0.011979166666666667
0 0.16822916666666668 0.18125 0.0026041666666666665 0.009375
0 0.17447916666666666 0.18125 0.0046875 0.007291666666666667
0 0.21145833333333333 0.17916666666666667 0.0046875 0.009375
0 0.228125 0.17916666666666667 0.0046875 0.011979166666666667
2 0.22239583333333332 0.1765625 0.0046875 0.011979166666666667
0 0.2546875 0.17552083333333332 0.0046875 0.009375
0 0.25833333333333336 0.17291666666666666 0.0046875 0.007291666666666667
2 0.3125 0.16927083333333334 0.0046875 0.011979166666666667
2 0.3171875 0.16822916666666668 0.0026041666666666665 0.009375
0 0.321875 0.1671875 0.0026041666666666665 0.0046875
2 0.34739583333333335 0.16822916666666668 0.0046875 0.009375
2 0.35 0.165625 0.0026041666666666665 0.009375
2 0.3567708333333333 0.1671875 0.0046875 0.011979166666666667
2 0.3640625 0.1671875 0.0046875 0.011979166666666667
0 0.36041666666666666 0.16354166666666667 0.0026041666666666665 0.0046875
2 0.38229166666666664 0.1625 0.0026041666666666665 0.007291666666666667
0 0.396875 0.1609375 0.0026041666666666665 0.0046875
2 0.4328125 0.15885416666666666 0.0026041666666666665 0.009375
0 0.4348958333333333 0.15729166666666666 0.0026041666666666665 0.007291666666666667
2 0.4421875 0.15885416666666666 0.0026041666666666665 0.009375
0 0.46041666666666664 0.15729166666666666 0.0026041666666666665 0.0046875
0 0.47604166666666664 0.15520833333333334 0.0026041666666666665 0.0046875
0 0.490625 0.15364583333333334 0.0026041666666666665 0.0046875
0 0.5166666666666667 0.15260416666666668 0.0026041666666666665 0.0046875
2 0.5192708333333333 0.15625 0.0046875 0.014583333333333334
0 0.5708333333333333 0.14895833333333333 0.0026041666666666665 0.0046875
2 0.5744791666666667 0.14791666666666667 0.0026041666666666665 0.007291666666666667
0 0.634375 0.14322916666666666 0.0026041666666666665 0.0046875
2 0.6442708333333333 0.14166666666666666 0.0026041666666666665 0.007291666666666667
2 0.6635416666666667 0.1453125 0.0046875 0.011979166666666667
0 0.6901041666666666 0.1453125 0.0046875 0.014583333333333334
0 0.7489583333333333 0.140625 0.0026041666666666665 0.014583333333333334
2 0.80625 0.13333333333333333 0.0046875 0.011979166666666667
0 0.8317708333333333 0.13333333333333333 0.0046875 0.014583333333333334
2 0.5864583333333333 0.1515625 0.0026041666666666665 0.011979166666666667
2 0.9135416666666667 0.125 0.0046875 0.014583333333333334
2 0.7307291666666667 0.13958333333333334 0.0026041666666666665 0.011979166666666667