2 0.8255208333333334 0.6 0.053125 0.07447916666666667
2 0.6442708333333333 0.49635416666666665 0.014583333333333334 0.0265625
2 0.6203125 0.475 0.011979166666666667 0.019270833333333334
2 0.6067708333333334 0.46510416666666665 0.007291666666666667 0.016666666666666666
2 0.6395833333333333 0.46145833333333336 0.007291666666666667 0.014583333333333334
2 0.6984375 0.459375 0.007291666666666667 0.011979166666666667
2 0.7979166666666667 0.46041666666666664 0.007291666666666667 0.014583333333333334
2 0.9338541666666667 0.46510416666666665 0.0046875 0.014583333333333334
0 0.8859375 0.45677083333333335 0.007291666666666667 0.014583333333333334
0 0.7765625 0.4557291666666667 0.007291666666666667 0.011979166666666667
0 0.6442708333333333 0.4557291666666667 0.007291666666666667 0.011979166666666667
0 0.584375 0.45677083333333335 0.007291666666666667 0.011979166666666667
0 0.5302083333333333 0.46145833333333336 0.007291666666666667 0.014583333333333334
0 0.49635416666666665 0.4661458333333333 0.009375 0.016666666666666666
0 0.478125 0.47708333333333336 0.009375 0.019270833333333334
0 0.44375 0.5010416666666667 0.016666666666666666 0.028645833333333332
0 0.34739583333333335 0.59375 0.0359375 0.06979166666666667
0 0.6984375 0.45416666666666666 0.007291666666666667 0.011979166666666667