0 0.24375 0.6239583333333333 0.0359375 0.053125
0 0.42083333333333334 0.5265625 0.016666666666666666 0.023958333333333335
2 0.7729166666666667 0.553125 0.021875 0.033854166666666664
2 0.6744791666666666 0.5145833333333333 0.014583333333333334 0.021875
0 0.4713541666666667 0.49895833333333334 0.009375 0.014583333333333334
0 0.48072916666666665 0.484375 0.007291666666666667 0.011979166666666667
0 0.4125 0.4796875 0.007291666666666667 0.011979166666666667
0 0.33541666666666664 0.478125 0.007291666666666667 0.009375
2 0.6276041666666666 0.490625 0.009375 0.014583333333333334
2 0.5963541666666666 0.48072916666666665 0.007291666666666667 0.011979166666666667
2 0.5541666666666667 0.47708333333333336 0.007291666666666667 0.011979166666666667
2 0.4578125 0.475 0.0046875 0.009375