1 0.3703125 0.5697916666666667 0.0265625 0.05520833333333333
1 0.6552083333333333 0.5671875 0.023958333333333335 0.05520833333333333
2 0.578125 0.5348958333333333 0.011979166666666667 0.019270833333333334
2 0.5588541666666667 0.5145833333333333 0.011979166666666667 0.011979166666666667
0 0.40520833333333334 0.5375 0.014583333333333334 0.019270833333333334
0 0.18489583333333334 0.8255208333333334 0.07916666666666666 0.11302083333333333
0 0.09270833333333334 0.5145833333333333 0.0046875 0.011979166666666667
2 0.15 0.5 0.0046875 0.009375
0 0.16458333333333333 0.5046875 0.007291666666666667 0.011979166666666667
0 0.21510416666666668 0.5 0.0046875 0.009375
2 0.2125 0.4953125 0.0046875 0.009375
0 0.25833333333333336 0.4953125 0.0046875 0.009375
2 0.2786458333333333 0.49270833333333336 0.0046875 0.007291666666666667
0 0.30520833333333336 0.49375 0.0046875 0.007291666666666667
0 0.35 0.49270833333333336 0.0046875 0.007291666666666667
2 0.35833333333333334 0.490625 0.0046875 0.009375
0 0.396875 0.49270833333333336 0.0046875 0.009375
0 0.43854166666666666 0.5166666666666667 0.009375 0.011979166666666667
0 0.43854166666666666 0.5046875 0.007291666666666667 0.011979166666666667
0 0.43385416666666665 0.49895833333333334 0.0046875 0.009375
0 0.42291666666666666 0.4953125 0.0046875 0.009375
2 0.4348958333333333 0.49166666666666664 0.0046875 0.007291666666666667
2 0.4796875 0.49270833333333336 0.0046875 0.007291666666666667
2 0.509375 0.4973958333333333 0.007291666666666667 0.009375
2 0.5322916666666667 0.5036458333333333 0.007291666666666667 0.011979166666666667
1 0.859375 0.49895833333333334 0.007291666666666667 0.009375
2 0.8135416666666667 0.4953125 0.0046875 0.007291666666666667
2 0.7619791666666667 0.5010416666666667 0.0046875 0.009375
1 0.7822916666666667 0.4973958333333333 0.007291666666666667 0.009375
1 0.7776041666666667 0.5 0.0046875 0.009375
1 0.7729166666666667 0.5 0.007291666666666667 0.011979166666666667
2 0.7536458333333333 0.49270833333333336 0.0046875 0.007291666666666667
0 0.7177083333333333 0.49375 0.0046875 0.009375
1 0.6901041666666666 0.49375 0.007291666666666667 0.009375
0 0.665625 0.49166666666666664 0.0046875 0.007291666666666667
2 0.7005208333333334 0.490625 0.0046875 0.007291666666666667