0 0.26666666666666666 0.6010416666666667 0.0265625 0.040625
0 0.31875 0.540625 0.016666666666666666 0.023958333333333335
0 0.32447916666666665 0.5192708333333333 0.011979166666666667 0.016666666666666666
2 0.44583333333333336 0.5109375 0.011979166666666667 0.016666666666666666
2 0.5109375 0.5338541666666666 0.016666666666666666 0.021875
2 0.5973958333333333 0.5864583333333333 0.028645833333333332 0.03854166666666667
2 0.103125 0.50625 0.007291666666666667 0.011979166666666667
0 0.12239583333333333 0.5119791666666667 0.009375 0.011979166666666667
0 0.209375 0.5083333333333333 0.007291666666666667 0.011979166666666667
2 0.24375 0.5010416666666667 0.007291666666666667 0.011979166666666667
0 0.28854166666666664 0.5109375 0.009375 0.014583333333333334
2 0.37135416666666665 0.5026041666666666 0.007291666666666667 0.011979166666666667
0 0.49635416666666665 0.4869791666666667 0.0046875 0.007291666666666667
0 0.5421875 0.4890625 0.007291666666666667 0.009375
2 0.5395833333333333 0.48541666666666666 0.0026041666666666665 0.007291666666666667
2 0.5864583333333333 0.4869791666666667 0.0046875 0.009375
0 0.5973958333333333 0.49270833333333336 0.0046875 0.009375
2 0.6442708333333333 0.4890625 0.007291666666666667 0.009375
0 0.6729166666666667 0.49635416666666665 0.007291666666666667 0.011979166666666667
1 0.6958333333333333 0.5 0.007291666666666667 0.011979166666666667
1 0.7177083333333333 0.5036458333333333 0.007291666666666667 0.011979166666666667
2 0.7223958333333333 0.49375 0.0046875 0.009375
1 0.75 0.5036458333333333 0.007291666666666667 0.011979166666666667
0 0.7776041666666667 0.5036458333333333 0.007291666666666667 0.011979166666666667
2 0.8197916666666667 0.49895833333333334 0.007291666666666667 0.009375
1 0.8375 0.5109375 0.007291666666666667 0.014583333333333334
0 0.8833333333333333 0.5109375 0.007291666666666667 0.011979166666666667