2 0.28020833333333334 0.5927083333333333 0.023958333333333335 0.03854166666666667
2 0.31614583333333335 0.5395833333333333 0.014583333333333334 0.021875
2 0.34739583333333335 0.5182291666666666 0.007291666666666667 0.016666666666666666
0 0.459375 0.521875 0.011979166666666667 0.016666666666666666
0 0.4734375 0.5395833333333333 0.014583333333333334 0.021875
0 0.5203125 0.5817708333333333 0.021875 0.033854166666666664
0 0.80625 0.6875 0.04583333333333333 0.0578125
0 0.9015625 0.5973958333333333 0.016666666666666666 0.03125
0 0.6947916666666667 0.5651041666666666 0.021875 0.0265625
0 0.603125 0.5348958333333333 0.011979166666666667 0.016666666666666666
2 0.709375 0.5322916666666667 0.011979166666666667 0.016666666666666666
2 0.3880208333333333 0.5072916666666667 0.009375 0.011979166666666667
2 0.45677083333333335 0.5036458333333333 0.007291666666666667 0.009375
2 0.5458333333333333 0.5046875 0.007291666666666667 0.011979166666666667
2 0.6020833333333333 0.5109375 0.007291666666666667 0.011979166666666667
2 0.6395833333333333 0.5182291666666666 0.007291666666666667 0.011979166666666667
0 0.5661458333333333 0.5182291666666666 0.007291666666666667 0.011979166666666667
0 0.5385416666666667 0.5130208333333334 0.007291666666666667 0.011979166666666667
0 0.46770833333333334 0.5109375 0.007291666666666667 0.011979166666666667
0 0.5010416666666667 0.509375 0.007291666666666667 0.011979166666666667