0 0.49635416666666665 0.6588541666666666 0.03125 0.04791666666666667
0 0.509375 0.5817708333333333 0.016666666666666666 0.023958333333333335
0 0.521875 0.5515625 0.011979166666666667 0.016666666666666666
2 0.15625 0.68125 0.0359375 0.053125
2 0.3328125 0.5854166666666667 0.016666666666666666 0.023958333333333335
2 0.11302083333333333 0.571875 0.014583333333333334 0.019270833333333334
2 0.15364583333333334 0.5625 0.011979166666666667 0.016666666666666666
2 0.4 0.55625 0.011979166666666667 0.016666666666666666
2 0.36875 0.5494791666666666 0.011979166666666667 0.011979166666666667
2 0.2921875 0.5494791666666666 0.009375 0.011979166666666667
0 0.10572916666666667 0.55625 0.007291666666666667 0.011979166666666667
0 0.21510416666666668 0.5479166666666667 0.0046875 0.011979166666666667
2 0.21979166666666666 0.55625 0.009375 0.011979166666666667
0 0.32447916666666665 0.5421875 0.007291666666666667 0.011979166666666667
0 0.45416666666666666 0.5395833333333333 0.007291666666666667 0.011979166666666667