2 0.23541666666666666 0.55625 0.019270833333333334 0.023958333333333335
2 0.3463541666666667 0.5302083333333333 0.011979166666666667 0.016666666666666666
2 0.4328125 0.5166666666666667 0.007291666666666667 0.011979166666666667
2 0.8005208333333333 0.5635416666666667 0.019270833333333334 0.0265625
2 0.7270833333333333 0.5359375 0.011979166666666667 0.016666666666666666
0 0.68125 0.6432291666666666 0.0359375 0.050520833333333334
0 0.2994791666666667 0.65625 0.03854166666666667 0.05520833333333333
0 0.42083333333333334 0.5671875 0.019270833333333334 0.028645833333333332
0 0.47239583333333335 0.5375 0.011979166666666667 0.019270833333333334
0 0.515625 0.5229166666666667 0.007291666666666667 0.016666666666666666
0 0.6296875 0.5651041666666666 0.016666666666666666 0.0265625
0 0.6239583333333333 0.5348958333333333 0.011979166666666667 0.019270833333333334
2 0.69375 0.525 0.007291666666666667 0.011979166666666667
2 0.6322916666666667 0.5166666666666667 0.007291666666666667 0.011979166666666667
0 0.6057291666666667 0.5265625 0.009375 0.014583333333333334
0 0.5661458333333333 0.521875 0.007291666666666667 0.011979166666666667
2 0.5265625 0.5130208333333334 0.007291666666666667 0.011979166666666667