0 0.259375 0.5875 0.023958333333333335 0.03854166666666667
0 0.24270833333333333 0.5421875 0.014583333333333334 0.023958333333333335
0 0.234375 0.5265625 0.011979166666666667 0.016666666666666666
2 0.5421875 0.5130208333333334 0.011979166666666667 0.019270833333333334
2 0.7453125 0.546875 0.021875 0.03125
1 0.8401041666666667 0.5166666666666667 0.016666666666666666 0.03854166666666667
2 0.415625 0.5026041666666666 0.009375 0.014583333333333334
0 0.2078125 0.515625 0.009375 0.011979166666666667
1 0.140625 0.509375 0.011979166666666667 0.019270833333333334
0 0.1609375 0.5083333333333333 0.007291666666666667 0.011979166666666667
2 0.3484375 0.49375 0.007291666666666667 0.011979166666666667