0 0.30052083333333335 0.5854166666666667 0.0265625 0.03854166666666667
0 0.39791666666666664 0.5322916666666667 0.016666666666666666 0.023958333333333335
0 0.359375 0.5203125 0.014583333333333334 0.019270833333333334
0 0.27291666666666664 0.5046875 0.009375 0.011979166666666667
2 0.6140625 0.5130208333333334 0.011979166666666667 0.019270833333333334
2 0.6625 0.5265625 0.011979166666666667 0.023958333333333335
2 0.75625 0.5625 0.021875 0.033854166666666664
2 0.759375 0.5494791666666666 0.019270833333333334 0.028645833333333332
2 0.8989583333333333 0.625 0.021875 0.0578125
0 0.8786458333333333 0.5182291666666666 0.011979166666666667 0.021875
0 0.771875 0.5046875 0.011979166666666667 0.019270833333333334
0 0.7416666666666667 0.4953125 0.007291666666666667 0.014583333333333334
2 0.553125 0.5026041666666666 0.007291666666666667 0.016666666666666666
2 0.4557291666666667 0.4953125 0.007291666666666667 0.011979166666666667