0 0.28229166666666666 0.6130208333333333 0.0265625 0.04583333333333333
0 0.37395833333333334 0.5458333333333333 0.016666666666666666 0.028645833333333332
0 0.5432291666666667 0.5145833333333333 0.009375 0.019270833333333334
2 0.6625 0.5541666666666667 0.021875 0.033854166666666664
2 0.8015625 0.571875 0.0265625 0.03854166666666667
2 0.7583333333333333 0.5395833333333333 0.019270833333333334 0.028645833333333332
2 0.85 0.5166666666666667 0.011979166666666667 0.023958333333333335
2 0.7307291666666667 0.5588541666666667 0.03125 0.0265625
0 0.6296875 0.5026041666666666 0.009375 0.016666666666666666
2 0.8234375 0.48802083333333335 0.007291666666666667 0.014583333333333334
0 0.6791666666666667 0.4890625 0.007291666666666667 0.014583333333333334