2 0.15260416666666668 0.6828125 0.0359375 0.053125
2 0.11041666666666666 0.5734375 0.014583333333333334 0.019270833333333334
2 0.1515625 0.5625 0.009375 0.016666666666666666
2 0.290625 0.5515625 0.009375 0.011979166666666667
2 0.36666666666666664 0.5515625 0.007291666666666667 0.011979166666666667
2 0.4 0.55625 0.011979166666666667 0.019270833333333334
2 0.33177083333333335 0.5854166666666667 0.014583333333333334 0.023958333333333335
0 0.5203125 0.5505208333333333 0.007291666666666667 0.016666666666666666
0 0.5083333333333333 0.5817708333333333 0.016666666666666666 0.023958333333333335
0 0.49635416666666665 0.6598958333333333 0.03125 0.04791666666666667
0 0.103125 0.5578125 0.007291666666666667 0.011979166666666667
0 0.2140625 0.5479166666666667 0.0046875 0.011979166666666667
2 0.21770833333333334 0.55625 0.009375 0.011979166666666667
0 0.3234375 0.5421875 0.007291666666666667 0.011979166666666667
0 0.453125 0.5395833333333333 0.007291666666666667 0.011979166666666667