0 0.11041666666666666 0.6802083333333333 0.033854166666666664 0.04583333333333333
0 0.32916666666666666 0.6239583333333333 0.021875 0.033854166666666664
0 0.5302083333333333 0.5828125 0.016666666666666666 0.023958333333333335
0 0.7333333333333333 0.6046875 0.021875 0.033854166666666664
0 0.8255208333333334 0.571875 0.014583333333333334 0.023958333333333335
0 0.6921875 0.5614583333333333 0.011979166666666667 0.019270833333333334
0 0.8317708333333333 0.5479166666666667 0.011979166666666667 0.016666666666666666
2 0.7536458333333333 0.540625 0.007291666666666667 0.011979166666666667
2 0.6203125 0.5515625 0.007291666666666667 0.011979166666666667
2 0.44947916666666665 0.5708333333333333 0.011979166666666667 0.019270833333333334
2 0.22604166666666667 0.6010416666666667 0.016666666666666666 0.023958333333333335
2 0.8630208333333333 0.5322916666666667 0.007291666666666667 0.011979166666666667