0 0.21875 0.6744791666666666 0.04583333333333333 0.0671875
0 0.3880208333333333 0.5442708333333334 0.019270833333333334 0.028645833333333332
0 0.44583333333333336 0.5046875 0.011979166666666667 0.016666666666666666
2 0.6223958333333334 0.5 0.011979166666666667 0.016666666666666666
2 0.6802083333333333 0.5166666666666667 0.011979166666666667 0.021875
2 0.7895833333333333 0.5421875 0.019270833333333334 0.028645833333333332
2 0.5875 0.484375 0.007291666666666667 0.011979166666666667
2 0.5625 0.47708333333333336 0.007291666666666667 0.009375
2 0.525 0.475 0.007291666666666667 0.009375
0 0.46770833333333334 0.4890625 0.009375 0.014583333333333334
0 0.46770833333333334 0.4796875 0.007291666666666667 0.011979166666666667
0 0.10833333333333334 0.5145833333333333 0.009375 0.019270833333333334
0 0.10208333333333333 0.4953125 0.007291666666666667 0.011979166666666667