1 0.790625 0.4578125 0.0359375 0.0671875
1 0.6984375 0.39427083333333335 0.019270833333333334 0.03854166666666667
1 0.6645833333333333 0.3703125 0.011979166666666667 0.0265625
1 0.6369791666666667 0.3567708333333333 0.007291666666666667 0.021875
1 0.6104166666666667 0.33541666666666664 0.007291666666666667 0.016666666666666666
1 0.6166666666666667 0.34270833333333334 0.007291666666666667 0.014583333333333334
1 0.6239583333333333 0.3484375 0.007291666666666667 0.016666666666666666
1 0.3307291666666667 0.49270833333333336 0.03854166666666667 0.0671875
1 0.4265625 0.41822916666666665 0.019270833333333334 0.040625
1 0.46875 0.384375 0.014583333333333334 0.0265625
1 0.49270833333333336 0.36770833333333336 0.009375 0.021875
1 0.50625 0.3567708333333333 0.007291666666666667 0.016666666666666666
1 0.5166666666666667 0.35 0.007291666666666667 0.014583333333333334
1 0.5229166666666667 0.34270833333333334 0.007291666666666667 0.019270833333333334