2 0.8739583333333333 0.540625 0.033854166666666664 0.04791666666666667
0 0.5505208333333333 0.540625 0.023958333333333335 0.043229166666666666
0 0.5864583333333333 0.48802083333333335 0.011979166666666667 0.0265625
2 0.7125 0.4796875 0.011979166666666667 0.023958333333333335
2 0.53125 0.4713541666666667 0.009375 0.019270833333333334
2 0.4244791666666667 0.4625 0.009375 0.016666666666666666
2 0.4125 0.45416666666666666 0.007291666666666667 0.014583333333333334
1 0.2630208333333333 0.4817708333333333 0.019270833333333334 0.040625
0 0.33541666666666664 0.47708333333333336 0.014583333333333334 0.021875
2 0.31614583333333335 0.45208333333333334 0.007291666666666667 0.011979166666666667
1 0.3098958333333333 0.4625 0.011979166666666667 0.019270833333333334
1 0.2630208333333333 0.4557291666666667 0.009375 0.016666666666666666
1 0.2078125 0.45208333333333334 0.007291666666666667 0.014583333333333334
1 0.03125 0.50625 0.019270833333333334 0.05520833333333333
1 0.06614583333333333 0.4557291666666667 0.007291666666666667 0.014583333333333334
1 0.10104166666666667 0.46041666666666664 0.009375 0.016666666666666666
1 0.1 0.4796875 0.016666666666666666 0.023958333333333335