1 0.6692708333333334 0.4505208333333333 0.050520833333333334 0.11302083333333333
2 0.61875 0.38125 0.021875 0.03854166666666667
2 0.6067708333333334 0.3484375 0.016666666666666666 0.0265625
2 0.5927083333333333 0.32916666666666666 0.011979166666666667 0.021875
2 0.5625 0.31614583333333335 0.009375 0.016666666666666666
1 0.18125 0.47604166666666664 0.053125 0.10572916666666667
0 0.31875 0.39791666666666664 0.021875 0.03854166666666667
0 0.3932291666666667 0.359375 0.014583333333333334 0.0265625
0 0.40625 0.34010416666666665 0.011979166666666667 0.021875
0 0.36041666666666666 0.3328125 0.0046875 0.014583333333333334
2 0.3098958333333333 0.32916666666666666 0.007291666666666667 0.014583333333333334
2 0.4401041666666667 0.31979166666666664 0.009375 0.016666666666666666