1 0.25 0.8557291666666667 0.10104166666666667 0.19947916666666668
1 0.46145833333333336 0.5708333333333333 0.028645833333333332 0.059895833333333336
1 0.5072916666666667 0.509375 0.016666666666666666 0.0359375
1 0.5192708333333333 0.484375 0.011979166666666667 0.023958333333333335
1 0.5338541666666666 0.475 0.011979166666666667 0.011979166666666667
1 0.5286458333333334 0.46041666666666664 0.007291666666666667 0.014583333333333334
1 0.5385416666666667 0.4557291666666667 0.007291666666666667 0.011979166666666667
1 0.6333333333333333 0.459375 0.007291666666666667 0.014583333333333334
0 0.6453125 0.46510416666666665 0.007291666666666667 0.014583333333333334
0 0.6625 0.47604166666666664 0.007291666666666667 0.016666666666666666
0 0.69375 0.49270833333333336 0.011979166666666667 0.021875
0 0.7104166666666667 0.48072916666666665 0.011979166666666667 0.019270833333333334
0 0.7489583333333333 0.521875 0.016666666666666666 0.03125
0 0.7703125 0.5145833333333333 0.019270833333333334 0.028645833333333332
1 0.8328125 0.48333333333333334 0.009375 0.019270833333333334
2 0.946875 0.5046875 0.016666666666666666 0.023958333333333335
0 0.946875 0.5697916666666667 0.033854166666666664 0.04583333333333333
0 0.9135416666666667 0.603125 0.04791666666666667 0.04583333333333333