1 0.1046875 0.7041666666666667 0.07447916666666667 0.12239583333333333
0 0.3546875 0.5166666666666667 0.023958333333333335 0.040625
0 0.46875 0.42552083333333335 0.0046875 0.011979166666666667
0 0.48541666666666666 0.43125 0.007291666666666667 0.014583333333333334
0 0.4973958333333333 0.46770833333333334 0.016666666666666666 0.0265625
0 0.5182291666666666 0.41822916666666665 0.0046875 0.009375
2 0.5348958333333333 0.42291666666666666 0.007291666666666667 0.011979166666666667
2 0.5598958333333334 0.41822916666666665 0.007291666666666667 0.011979166666666667
2 0.5817708333333333 0.42552083333333335 0.007291666666666667 0.014583333333333334
0 0.571875 0.44583333333333336 0.011979166666666667 0.021875
0 0.6276041666666666 0.4328125 0.009375 0.016666666666666666
0 0.6166666666666667 0.4109375 0.0046875 0.009375
2 0.63125 0.4125 0.007291666666666667 0.009375
2 0.665625 0.48541666666666666 0.019270833333333334 0.0359375
2 0.7078125 0.4505208333333333 0.016666666666666666 0.023958333333333335
2 0.7125 0.42552083333333335 0.007291666666666667 0.016666666666666666
2 0.7177083333333333 0.4088541666666667 0.0046875 0.009375
0 0.7317708333333334 0.40520833333333334 0.0046875 0.009375
2 0.7666666666666667 0.43385416666666665 0.009375 0.019270833333333334
2 0.80625 0.40520833333333334 0.007291666666666667 0.011979166666666667
0 0.8307291666666666 0.40260416666666665 0.0046875 0.009375
2 0.8916666666666667 0.4036458333333333 0.007291666666666667 0.011979166666666667
2 0.9385416666666667 0.40625 0.007291666666666667 0.011979166666666667
0 0.94375 0.4 0.0046875 0.009375
1 0.9614583333333333 0.40520833333333334 0.011979166666666667 0.023958333333333335
2 0.8114583333333333 0.584375 0.050520833333333334 0.07916666666666666