2 0.171875 0.74375 0.071875 0.11041666666666666
2 0.3234375 0.5854166666666667 0.023958333333333335 0.0359375
2 0.421875 0.5229166666666667 0.014583333333333334 0.028645833333333332
2 0.4484375 0.49895833333333334 0.011979166666666667 0.021875
2 0.46145833333333336 0.4869791666666667 0.009375 0.016666666666666666
2 0.46770833333333334 0.48072916666666665 0.007291666666666667 0.014583333333333334
2 0.4817708333333333 0.475 0.007291666666666667 0.011979166666666667
2 0.5265625 0.46770833333333334 0.0046875 0.011979166666666667
2 0.578125 0.4625 0.0046875 0.009375
2 0.640625 0.4578125 0.0046875 0.009375
2 0.7161458333333334 0.453125 0.0046875 0.009375
2 0.8015625 0.44947916666666665 0.0046875 0.009375
2 0.8822916666666667 0.44583333333333336 0.0046875 0.009375
2 0.975 0.4421875 0.007291666666666667 0.009375
0 0.9229166666666667 0.446875 0.007291666666666667 0.009375
0 0.8291666666666667 0.4505208333333333 0.007291666666666667 0.009375
0 0.74375 0.45416666666666666 0.0046875 0.009375
0 0.6692708333333334 0.459375 0.0046875 0.011979166666666667
0 0.6067708333333334 0.46510416666666665 0.007291666666666667 0.011979166666666667
0 0.5697916666666667 0.47239583333333335 0.007291666666666667 0.014583333333333334
0 0.5864583333333333 0.4796875 0.007291666666666667 0.016666666666666666
0 0.6083333333333333 0.490625 0.011979166666666667 0.019270833333333334
0 0.646875 0.5119791666666667 0.016666666666666666 0.0265625
0 0.734375 0.5588541666666667 0.03125 0.04583333333333333