0 0.05416666666666667 0.74375 0.06510416666666667 0.115625
0 0.10677083333333333 0.5770833333333333 0.03125 0.04583333333333333
0 0.12395833333333334 0.5286458333333334 0.019270833333333334 0.03125
0 0.13697916666666668 0.5046875 0.011979166666666667 0.021875
0 0.14427083333333332 0.490625 0.009375 0.016666666666666666
0 0.14895833333333333 0.48333333333333334 0.007291666666666667 0.014583333333333334
2 0.5552083333333333 0.5588541666666667 0.028645833333333332 0.05520833333333333
2 0.4401041666666667 0.5239583333333333 0.021875 0.03854166666666667
2 0.3567708333333333 0.5 0.014583333333333334 0.0265625
2 0.3098958333333333 0.48541666666666666 0.009375 0.019270833333333334
2 0.29583333333333334 0.47708333333333336 0.009375 0.011979166666666667
2 0.26666666666666666 0.46979166666666666 0.007291666666666667 0.014583333333333334
2 0.2526041666666667 0.4661458333333333 0.007291666666666667 0.011979166666666667
1 0.24375 0.4640625 0.007291666666666667 0.011979166666666667
1 0.23697916666666666 0.46145833333333336 0.0046875 0.011979166666666667
1 0.228125 0.46041666666666664 0.0046875 0.009375
1 0.2234375 0.4578125 0.0046875 0.009375
1 0.2078125 0.45208333333333334 0.0046875 0.009375
1 0.21041666666666667 0.45416666666666666 0.0046875 0.007291666666666667
1 0.21145833333333333 0.4557291666666667 0.0046875 0.007291666666666667
1 0.21510416666666668 0.45677083333333335 0.0026041666666666665 0.007291666666666667
1 0.22135416666666666 0.4578125 0.0046875 0.007291666666666667
1 0.15625 0.46770833333333334 0.0046875 0.009375
1 0.15520833333333334 0.46979166666666666 0.0046875 0.011979166666666667
1 0.15364583333333334 0.4734375 0.0046875 0.011979166666666667
1 0.15260416666666668 0.47604166666666664 0.0046875 0.014583333333333334