1 0.06354166666666666 0.5182291666666666 0.033854166666666664 0.053125
2 0.12864583333333332 0.453125 0.014583333333333334 0.021875
0 0.14427083333333332 0.46979166666666666 0.019270833333333334 0.028645833333333332
1 0.2859375 0.459375 0.021875 0.04583333333333333
2 0.26927083333333335 0.43645833333333334 0.011979166666666667 0.016666666666666666
0 0.3151041666666667 0.4401041666666667 0.011979166666666667 0.019270833333333334
1 0.4328125 0.5026041666666666 0.023958333333333335 0.050520833333333334
1 0.5192708333333333 0.45677083333333335 0.023958333333333335 0.050520833333333334
1 0.5598958333333334 0.5671875 0.03854166666666667 0.08177083333333333
0 0.5348958333333333 0.43020833333333336 0.011979166666666667 0.019270833333333334
2 0.515625 0.42291666666666666 0.009375 0.016666666666666666
2 0.6755208333333333 0.4192708333333333 0.009375 0.016666666666666666
2 0.7260416666666667 0.39791666666666664 0.0046875 0.009375
2 0.7489583333333333 0.3953125 0.0046875 0.009375
2 0.7692708333333333 0.40260416666666665 0.007291666666666667 0.011979166666666667
2 0.7822916666666667 0.415625 0.007291666666666667 0.016666666666666666
0 0.7776041666666667 0.4244791666666667 0.011979166666666667 0.019270833333333334
0 0.790625 0.396875 0.007291666666666667 0.009375
0 0.8005208333333333 0.39427083333333335 0.007291666666666667 0.009375
0 0.8354166666666667 0.4 0.007291666666666667 0.011979166666666667
2 0.8375 0.39166666666666666 0.0046875 0.007291666666666667
2 0.8427083333333333 0.4036458333333333 0.007291666666666667 0.014583333333333334
0 0.8557291666666667 0.39166666666666666 0.0046875 0.009375
2 0.8713541666666667 0.4109375 0.011979166666666667 0.016666666666666666
2 0.8859375 0.40729166666666666 0.009375 0.014583333333333334
0 0.9604166666666667 0.4171875 0.011979166666666667 0.014583333333333334
0 0.9328125 0.4015625 0.009375 0.014583333333333334
2 0.9375 0.3880208333333333 0.0046875 0.009375
0 0.9411458333333333 0.38958333333333334 0.007291666666666667 0.009375