2 0.10572916666666667 0.8151041666666666 0.07916666666666666 0.14166666666666666
2 0.1765625 0.6140625 0.03125 0.053125
2 0.15364583333333334 0.5588541666666667 0.021875 0.033854166666666664
2 0.3098958333333333 0.4890625 0.007291666666666667 0.009375
2 0.32708333333333334 0.49270833333333336 0.007291666666666667 0.011979166666666667
0 0.353125 0.5578125 0.021875 0.033854166666666664
0 0.365625 0.4890625 0.007291666666666667 0.009375
2 0.36302083333333335 0.4869791666666667 0.0046875 0.009375
0 0.3880208333333333 0.49166666666666664 0.0046875 0.009375
0 0.3953125 0.4869791666666667 0.0046875 0.007291666666666667
2 0.4109375 0.5229166666666667 0.011979166666666667 0.021875
2 0.4244791666666667 0.4953125 0.007291666666666667 0.011979166666666667
2 0.4348958333333333 0.484375 0.0046875 0.007291666666666667
0 0.453125 0.48541666666666666 0.0046875 0.007291666666666667
0 0.4625 0.49270833333333336 0.0046875 0.009375
1 0.49635416666666665 0.484375 0.0046875 0.009375
1 0.5010416666666667 0.48333333333333334 0.0046875 0.009375
2 0.5166666666666667 0.49635416666666665 0.007291666666666667 0.011979166666666667
0 0.5385416666666667 0.5286458333333334 0.014583333333333334 0.021875
2 0.5395833333333333 0.5130208333333334 0.011979166666666667 0.016666666666666666
0 0.5635416666666667 0.49375 0.0046875 0.011979166666666667
2 0.5817708333333333 0.49895833333333334 0.007291666666666667 0.014583333333333334
2 0.5963541666666666 0.5072916666666667 0.007291666666666667 0.016666666666666666
2 0.6140625 0.5026041666666666 0.007291666666666667 0.011979166666666667
1 0.7838541666666666 0.5744791666666667 0.0359375 0.06979166666666667
0 0.6744791666666666 0.625 0.0359375 0.0578125
0 0.6552083333333333 0.4973958333333333 0.007291666666666667 0.011979166666666667
0 0.6802083333333333 0.5145833333333333 0.009375 0.016666666666666666
0 0.7104166666666667 0.50625 0.009375 0.011979166666666667
1 0.953125 0.5479166666666667 0.03125 0.053125