2 0.07083333333333333 0.7645833333333333 0.06510416666666667 0.12239583333333333
2 0.04583333333333333 0.5901041666666667 0.0359375 0.04583333333333333
2 0.2453125 0.5432291666666667 0.019270833333333334 0.028645833333333332
0 0.3619791666666667 0.571875 0.023958333333333335 0.03854166666666667
1 0.36041666666666666 0.478125 0.0046875 0.007291666666666667
1 0.39791666666666664 0.478125 0.0046875 0.007291666666666667
1 0.40625 0.4796875 0.0046875 0.007291666666666667
1 0.4484375 0.478125 0.0046875 0.007291666666666667
1 0.453125 0.47708333333333336 0.0046875 0.007291666666666667
1 0.5 0.478125 0.0046875 0.007291666666666667
1 0.5109375 0.47708333333333336 0.0026041666666666665 0.007291666666666667
1 0.5515625 0.478125 0.0026041666666666665 0.007291666666666667
1 0.5651041666666666 0.47708333333333336 0.0026041666666666665 0.007291666666666667
1 0.5854166666666667 0.4796875 0.0026041666666666665 0.009375
1 0.6140625 0.478125 0.0046875 0.007291666666666667
1 0.6057291666666667 0.48072916666666665 0.0026041666666666665 0.009375
1 0.6020833333333333 0.48333333333333334 0.0046875 0.009375
2 0.5973958333333333 0.4869791666666667 0.0046875 0.009375
2 0.59375 0.490625 0.007291666666666667 0.011979166666666667
2 0.5890625 0.49375 0.007291666666666667 0.011979166666666667
2 0.5807291666666666 0.5 0.007291666666666667 0.014583333333333334
2 0.5651041666666666 0.509375 0.007291666666666667 0.016666666666666666
2 0.4625 0.5229166666666667 0.011979166666666667 0.021875
0 0.5578125 0.5385416666666667 0.016666666666666666 0.028645833333333332
0 0.6526041666666667 0.521875 0.011979166666666667 0.019270833333333334
0 0.7041666666666667 0.5083333333333333 0.009375 0.016666666666666666
1 0.6921875 0.49895833333333334 0.007291666666666667 0.014583333333333334
1 0.6828125 0.49166666666666664 0.007291666666666667 0.014583333333333334
1 0.6729166666666667 0.48802083333333335 0.0046875 0.011979166666666667
1 0.6708333333333333 0.48541666666666666 0.0026041666666666665 0.011979166666666667
1 0.665625 0.4817708333333333 0.0046875 0.009375
1 0.6479166666666667 0.4796875 0.0046875 0.007291666666666667
0 0.8859375 0.7895833333333333 0.06979166666666667 0.12760416666666666