0 0.2838541666666667 0.35104166666666664 0.014583333333333334 0.0265625
0 0.25364583333333335 0.35208333333333336 0.007291666666666667 0.033854166666666664
2 0.25833333333333336 0.35833333333333334 0.011979166666666667 0.03854166666666667
2 0.2453125 0.36666666666666664 0.0265625 0.050520833333333334
2 0.2630208333333333 0.38125 0.021875 0.0671875
1 0.2838541666666667 0.4328125 0.0671875 0.12760416666666666
1 0.3171875 0.34375 0.014583333333333334 0.03854166666666667
0 0.43645833333333334 0.36302083333333335 0.011979166666666667 0.0265625
0 0.44583333333333336 0.36875 0.014583333333333334 0.033854166666666664
1 0.4557291666666667 0.3546875 0.014583333333333334 0.03854166666666667
0 0.46770833333333334 0.375 0.016666666666666666 0.03854166666666667
1 0.5010416666666667 0.384375 0.021875 0.04791666666666667
0 0.553125 0.4109375 0.033854166666666664 0.06979166666666667
1 0.7234375 0.4484375 0.05520833333333333 0.09114583333333333
2 0.6010416666666667 0.6104166666666667 0.15625 0.3151041666666667