1 0.1359375 0.6010416666666667 0.03125 0.059895833333333336
0 0.178125 0.61875 0.023958333333333335 0.043229166666666666
0 0.26927083333333335 0.6322916666666667 0.03125 0.0578125
1 0.34010416666666665 0.5911458333333334 0.019270833333333334 0.043229166666666666
2 0.35104166666666664 0.6536458333333334 0.04583333333333333 0.08177083333333333
0 0.4 0.603125 0.016666666666666666 0.03125
0 0.50625 0.609375 0.019270833333333334 0.03854166666666667
0 0.6223958333333334 0.615625 0.023958333333333335 0.04583333333333333
1 0.7489583333333333 0.6213541666666667 0.028645833333333332 0.05520833333333333
2 0.8604166666666667 0.7583333333333333 0.09635416666666667 0.19947916666666668
2 0.5192708333333333 0.696875 0.071875 0.125