2 0.37395833333333334 0.5375 0.0046875 0.014583333333333334
2 0.4 0.5348958333333333 0.0046875 0.011979166666666667
1 0.40520833333333334 0.5348958333333333 0.0046875 0.011979166666666667
0 0.42552083333333335 0.5322916666666667 0.0046875 0.014583333333333334
1 0.4348958333333333 0.5322916666666667 0.007291666666666667 0.016666666666666666
0 0.4484375 0.5322916666666667 0.007291666666666667 0.016666666666666666
1 0.46041666666666664 0.5302083333333333 0.0046875 0.011979166666666667
0 0.4625 0.5322916666666667 0.007291666666666667 0.019270833333333334
0 0.4796875 0.53125 0.007291666666666667 0.019270833333333334
1 0.4734375 0.525 0.014583333333333334 0.03854166666666667
2 0.48541666666666666 0.5286458333333334 0.007291666666666667 0.014583333333333334
2 0.515625 0.5276041666666667 0.007291666666666667 0.016666666666666666
2 0.5375 0.5265625 0.007291666666666667 0.014583333333333334
0 0.5734375 0.5239583333333333 0.007291666666666667 0.016666666666666666
0 0.6046875 0.5229166666666667 0.009375 0.021875
1 0.6260416666666667 0.5145833333333333 0.016666666666666666 0.03854166666666667