2 0.09479166666666666 0.509375 0.009375 0.028645833333333332
2 0.19583333333333333 0.5 0.014583333333333334 0.0265625
2 0.25729166666666664 0.49375 0.011979166666666667 0.023958333333333335
2 0.31354166666666666 0.48802083333333335 0.011979166666666667 0.021875
2 0.36041666666666666 0.484375 0.011979166666666667 0.021875
1 0.428125 0.475 0.009375 0.023958333333333335
0 0.42291666666666666 0.4973958333333333 0.016666666666666666 0.033854166666666664
2 0.45677083333333335 0.49635416666666665 0.016666666666666666 0.033854166666666664
0 0.4869791666666667 0.48802083333333335 0.011979166666666667 0.028645833333333332
0 0.521875 0.48333333333333334 0.007291666666666667 0.0265625
1 0.5322916666666667 0.48333333333333334 0.011979166666666667 0.0265625
1 0.15625 0.5359375 0.033854166666666664 0.059895833333333336
0 0.32916666666666666 0.5119791666666667 0.021875 0.043229166666666666
0 0.55625 0.4796875 0.009375 0.021875
0 0.5697916666666667 0.478125 0.009375 0.021875
1 0.5807291666666666 0.46979166666666666 0.011979166666666667 0.033854166666666664