2 0.15520833333333334 0.5182291666666666 0.021875 0.03854166666666667
2 0.21510416666666668 0.5 0.019270833333333334 0.033854166666666664
2 0.26197916666666665 0.4890625 0.014583333333333334 0.0265625
1 0.31979166666666664 0.46979166666666666 0.014583333333333334 0.033854166666666664
2 0.5635416666666667 0.459375 0.023958333333333335 0.04791666666666667
1 0.515625 0.5442708333333334 0.06510416666666667 0.13697916666666668
1 0.5458333333333333 0.4484375 0.014583333333333334 0.033854166666666664
0 0.5359375 0.48541666666666666 0.028645833333333332 0.0671875
0 0.521875 0.46510416666666665 0.009375 0.050520833333333334
0 0.53125 0.4505208333333333 0.009375 0.0265625
1 0.5286458333333334 0.44114583333333335 0.014583333333333334 0.03854166666666667