1 0.3859375 0.6239583333333333 0.011979166666666667 0.023958333333333335
0 0.3619791666666667 0.634375 0.014583333333333334 0.0265625
0 0.33645833333333336 0.65 0.016666666666666666 0.0359375
2 0.303125 0.6515625 0.016666666666666666 0.03854166666666667
0 0.290625 0.6791666666666667 0.023958333333333335 0.04791666666666667
0 0.22239583333333332 0.709375 0.0359375 0.0625
1 0.1984375 0.7057291666666666 0.0359375 0.0625
1 0.625 0.6276041666666666 0.011979166666666667 0.023958333333333335
2 0.6536458333333334 0.6432291666666666 0.014583333333333334 0.028645833333333332
2 0.696875 0.6609375 0.019270833333333334 0.03854166666666667
2 0.740625 0.6802083333333333 0.0265625 0.043229166666666666
2 0.8375 0.7140625 0.03854166666666667 0.059895833333333336