1 0.8880208333333334 0.36875 0.028645833333333332 0.050520833333333334
0 0.7296875 0.34479166666666666 0.021875 0.03854166666666667
2 0.6260416666666667 0.3255208333333333 0.011979166666666667 0.033854166666666664
0 0.61875 0.3307291666666667 0.014583333333333334 0.033854166666666664
0 0.5385416666666667 0.31875 0.011979166666666667 0.0265625
1 0.5119791666666667 0.3125 0.011979166666666667 0.023958333333333335
0 0.5 0.3125 0.011979166666666667 0.023958333333333335
0 0.45416666666666666 0.30625 0.011979166666666667 0.021875
0 0.428125 0.30416666666666664 0.009375 0.021875
1 0.40989583333333335 0.29583333333333334 0.011979166666666667 0.033854166666666664
1 0.1671875 0.30052083333333335 0.014583333333333334 0.03854166666666667
2 0.196875 0.321875 0.014583333333333334 0.028645833333333332
2 0.21145833333333333 0.3307291666666667 0.016666666666666666 0.0359375
2 0.24375 0.3484375 0.021875 0.043229166666666666
2 0.27395833333333336 0.365625 0.023958333333333335 0.050520833333333334
2 0.34479166666666666 0.4015625 0.03854166666666667 0.06979166666666667
1 0.5432291666666667 0.5286458333333334 0.071875 0.134375