0 0.13697916666666668 0.7177083333333333 0.0578125 0.0890625
0 0.2140625 0.6682291666666667 0.040625 0.0625
1 0.275 0.625 0.021875 0.043229166666666666
0 0.2942708333333333 0.6260416666666667 0.021875 0.043229166666666666
0 0.33645833333333336 0.609375 0.019270833333333334 0.03854166666666667
2 0.3411458333333333 0.5927083333333333 0.009375 0.03125
0 0.36666666666666664 0.5927083333333333 0.014583333333333334 0.028645833333333332
0 0.384375 0.5807291666666666 0.011979166666666667 0.023958333333333335
1 0.4036458333333333 0.5734375 0.011979166666666667 0.021875
1 0.6140625 0.5755208333333334 0.011979166666666667 0.021875
2 0.6359375 0.5875 0.014583333333333334 0.023958333333333335
2 0.6671875 0.5984375 0.016666666666666666 0.028645833333333332
2 0.6958333333333333 0.6119791666666666 0.021875 0.0359375
2 0.7572916666666667 0.6296875 0.028645833333333332 0.04583333333333333
2 0.8375 0.6671875 0.03854166666666667 0.0578125