1 0.04070216049382716 0.16015625 0.008873456790123456 0.0421875
1 0.03530092592592592 0.15078125 0.0073302469135802465 0.0390625
1 0.022762345679012346 0.1125 0.0038580246913580245 0.01875
1 0.06114969135802469 0.115625 0.005015432098765432 0.021875
1 0.09953703703703703 0.12109375 0.0038580246913580245 0.0203125
1 0.14988425925925927 0.1265625 0.003472222222222222 0.01875
1 0.19714506172839505 0.13359375 0.0030864197530864196 0.0140625
1 0.25790895061728397 0.1421875 0.002700617283950617 0.015625
1 0.3020833333333333 0.15 0.0023148148148148147 0.015625
1 0.3447145061728395 0.159375 0.002700617283950617 0.0125
1 0.37789351851851855 0.1671875 0.002700617283950617 0.015625
1 0.4054783950617284 0.1734375 0.0030864197530864196 0.01875
1 0.4542824074074074 0.18828125 0.003472222222222222 0.0171875
1 0.4955632716049383 0.1984375 0.004243827160493827 0.021875
1 0.5621141975308642 0.21875 0.004629629629629629 0.025
1 0.6251929012345679 0.23828125 0.005015432098765432 0.0296875
1 0.6548996913580247 0.253125 0.006558641975308642 0.034375
1 0.6672453703703703 0.26796875 0.0073302469135802465 0.0421875
1 0.6799768518518519 0.2921875 0.009645061728395061 0.05
1 0.7096836419753086 0.33125 0.01273148148148148 0.065625
1 0.8626543209876543 0.39765625 0.018518518518518517 0.0828125
2 0.40914351851851855 0.696875 0.057484567901234566 0.253125
2 0.19618055555555555 0.38984375 0.028935185185185185 0.1296875
2 0.11631944444444445 0.26875 0.017361111111111112 0.084375
2 0.08121141975308642 0.2140625 0.01273148148148148 0.065625
2 0.0931712962962963 0.19140625 0.011188271604938271 0.0546875
2 0.16589506172839505 0.17734375 0.008487654320987654 0.0484375
2 0.10435956790123457 0.15078125 0.006558641975308642 0.0359375
2 0.024691358024691357 0.134375 0.006172839506172839 0.03125
2 0.012152777777777778 0.125 0.005015432098765432 0.028125
2 0.006944444444444444 0.11875 0.0038580246913580245 0.021875
2 0.04128086419753087 0.11875 0.004629629629629629 0.021875
2 0.09625771604938271 0.1234375 0.004243827160493827 0.021875
2 0.14602623456790123 0.13125 0.003472222222222222 0.01875
2 0.20003858024691357 0.1375 0.003472222222222222 0.01875
2 0.2536651234567901 0.146875 0.003472222222222222 0.01875
2 0.7586805555555556 0.4515625 0.02507716049382716 0.11875
2 0.5632716049382716 0.35078125 0.017746913580246913 0.0859375
2 0.5027006172839507 0.29375 0.012345679012345678 0.065625
2 0.5260416666666666 0.2703125 0.010416666666666666 0.053125
2 0.5395447530864198 0.25234375 0.008101851851851851 0.0421875
2 0.5424382716049383 0.23515625 0.006172839506172839 0.0328125
2 0.5113811728395061 0.21796875 0.005787037037037037 0.0296875
2 0.4670138888888889 0.2046875 0.005015432098765432 0.028125
2 0.42399691358024694 0.19140625 0.004629629629629629 0.0265625
2 0.38387345679012347 0.1796875 0.0038580246913580245 0.021875
2 0.3474151234567901 0.16875 0.003472222222222222 0.01875
2 0.32272376543209874 0.16171875 0.003472222222222222 0.0203125
2 0.28954475308641975 0.153125 0.003472222222222222 0.01875