1 0.029899691358024692 0.16328125 0.009645061728395061 0.0453125
1 0.08179012345679013 0.1609375 0.006944444444444444 0.0375
1 0.07600308641975309 0.15234375 0.006172839506172839 0.0359375
1 0.023726851851851853 0.11328125 0.004243827160493827 0.0203125
1 0.06346450617283951 0.1171875 0.003472222222222222 0.01875
1 0.09895833333333333 0.1203125 0.004243827160493827 0.021875
1 0.13483796296296297 0.125 0.003472222222222222 0.01875
1 0.18132716049382716 0.13125 0.0030864197530864196 0.01875
1 0.22550154320987653 0.1375 0.003472222222222222 0.015625
1 0.28337191358024694 0.14609375 0.002700617283950617 0.0171875
1 0.32523148148148145 0.153125 0.0030864197530864196 0.015625
1 0.36496913580246915 0.1609375 0.0023148148148148147 0.0125
1 0.39699074074074076 0.16953125 0.0023148148148148147 0.0140625
1 0.42322530864197533 0.175 0.0030864197530864196 0.01875
1 0.4689429012345679 0.18671875 0.003472222222222222 0.0203125
1 0.5077160493827161 0.1984375 0.0038580246913580245 0.021875
1 0.5700231481481481 0.21953125 0.003472222222222222 0.0203125
1 0.6282793209876543 0.2359375 0.005015432098765432 0.025
1 0.654320987654321 0.2484375 0.005401234567901234 0.03125
1 0.6620370370370371 0.26171875 0.005401234567901234 0.0359375
1 0.6674382716049383 0.28359375 0.008487654320987654 0.0453125
1 0.8107638888888888 0.36953125 0.015046296296296295 0.0765625
2 0.3557098765432099 0.5359375 0.03935185185185185 0.19375
2 0.21277006172839505 0.3421875 0.02353395061728395 0.10625
2 0.14834104938271606 0.25234375 0.015046296296296295 0.0734375
2 0.11805555555555555 0.20703125 0.011574074074074073 0.0578125
2 0.12866512345679013 0.1875 0.008873456790123456 0.05
2 0.19425154320987653 0.1765625 0.008101851851851851 0.04375
2 0.13869598765432098 0.15234375 0.006558641975308642 0.0328125
2 0.06616512345679013 0.13828125 0.005015432098765432 0.0296875
2 0.05439814814814815 0.12890625 0.004629629629629629 0.0265625
2 0.049575617283950615 0.121875 0.004243827160493827 0.021875
2 0.08043981481481481 0.12265625 0.004243827160493827 0.0234375
2 0.13117283950617284 0.12890625 0.0038580246913580245 0.0203125
2 0.17727623456790123 0.1328125 0.003472222222222222 0.01875
2 0.22820216049382716 0.14140625 0.003472222222222222 0.0171875
2 0.2787422839506173 0.14921875 0.003472222222222222 0.0171875
2 0.5389660493827161 0.32578125 0.014660493827160493 0.0765625
2 0.4947916666666667 0.2796875 0.010416666666666666 0.059375
2 0.5221836419753086 0.26015625 0.008873456790123456 0.0484375
2 0.5395447530864198 0.24609375 0.0073302469135802465 0.0390625
2 0.5466820987654321 0.23203125 0.006172839506172839 0.0328125
2 0.5190972222222222 0.215625 0.005787037037037037 0.03125
2 0.47820216049382713 0.203125 0.005015432098765432 0.028125
2 0.4382716049382716 0.19140625 0.0038580246913580245 0.0234375
2 0.4010416666666667 0.18046875 0.003472222222222222 0.0203125
2 0.36728395061728397 0.1703125 0.0030864197530864196 0.01875
2 0.3439429012345679 0.1640625 0.002700617283950617 0.01875
2 0.3126929012345679 0.15546875 0.003472222222222222 0.0203125