1 0.7146990740740741 0.65078125 0.04282407407407408 0.2015625
1 0.7706404320987654 0.44375 0.02044753086419753 0.1
1 0.8290895061728395 0.31015625 0.008487654320987654 0.0453125
1 0.7926311728395061 0.36640625 0.013503086419753086 0.0703125
1 0.8088348765432098 0.3296875 0.010416666666666666 0.053125
1 0.8977623456790124 0.29921875 0.007716049382716049 0.0390625
1 0.9429012345679012 0.290625 0.006944444444444444 0.0375
2 0.9969135802469136 0.334375 0.005401234567901234 0.071875
0 0.38329475308641975 0.7875 0.06983024691358025 0.421875
1 0.8393132716049383 0.275 0.004243827160493827 0.025
1 0.8219521604938271 0.26953125 0.004243827160493827 0.0265625
1 0.8902391975308642 0.27890625 0.005015432098765432 0.0296875
1 0.9338348765432098 0.28828125 0.006558641975308642 0.0328125
1 0.9417438271604939 0.2515625 0.0038580246913580245 0.021875
2 0.9176311728395061 0.27109375 0.006558641975308642 0.0296875
2 0.9243827160493827 0.25546875 0.004629629629629629 0.0234375
2 0.9037422839506173 0.2640625 0.005015432098765432 0.025
2 0.8958333333333334 0.26015625 0.0030864197530864196 0.0265625
2 0.9969135802469136 0.27890625 0.005401234567901234 0.0328125
2 0.9774305555555556 0.25546875 0.004243827160493827 0.0234375