1 0.04147376543209876 0.30703125 0.024305555555555556 0.1046875
1 0.1398533950617284 0.265625 0.016589506172839507 0.078125
1 0.12191358024691358 0.24609375 0.014660493827160493 0.0671875
1 0.03587962962962963 0.22265625 0.013888888888888888 0.0640625
1 0.018518518518518517 0.14140625 0.006944444444444444 0.0296875
1 0.07272376543209877 0.14609375 0.005015432098765432 0.0265625
1 0.11921296296296297 0.15078125 0.006172839506172839 0.0265625
1 0.2800925925925926 0.1671875 0.0038580246913580245 0.021875
1 0.35320216049382713 0.1765625 0.003472222222222222 0.021875
1 0.40837191358024694 0.18828125 0.003472222222222222 0.0203125
1 0.46566358024691357 0.1953125 0.0030864197530864196 0.015625
1 0.5154320987654321 0.21015625 0.0030864197530864196 0.0203125
2 0.5623070987654321 0.23828125 0.005787037037037037 0.0296875
1 0.6491126543209876 0.24375 0.005015432098765432 0.028125
1 0.7289737654320988 0.26640625 0.005787037037037037 0.0296875
1 0.871141975308642 0.30703125 0.006944444444444444 0.0390625
2 0.4176311728395062 0.65234375 0.045910493827160496 0.2390625
2 0.3082561728395062 0.4046875 0.027777777777777776 0.13125
2 0.3636188271604938 0.3015625 0.015046296296296295 0.075
2 0.32156635802469136 0.253125 0.011188271604938271 0.059375
2 0.21392746913580246 0.22265625 0.010416666666666666 0.0515625
2 0.09008487654320987 0.196875 0.009645061728395061 0.046875
2 0.06693672839506173 0.17421875 0.0073302469135802465 0.0390625
2 0.05613425925925926 0.16015625 0.006558641975308642 0.0328125
2 0.09818672839506173 0.1578125 0.005787037037037037 0.03125
2 0.16512345679012347 0.16171875 0.005401234567901234 0.0265625
2 0.22453703703703703 0.16796875 0.004629629629629629 0.0265625
2 0.28935185185185186 0.17578125 0.004629629629629629 0.0234375
2 0.35532407407407407 0.18515625 0.0038580246913580245 0.0234375
2 0.9859182098765432 0.378125 0.01427469135802469 0.0625
2 0.8433641975308642 0.3203125 0.010030864197530864 0.05
2 0.7347608024691358 0.28828125 0.0073302469135802465 0.0421875
2 0.6413966049382716 0.26015625 0.006558641975308642 0.0359375
2 0.4949845679012346 0.2171875 0.005401234567901234 0.028125
2 0.4525462962962963 0.20703125 0.004629629629629629 0.0234375
2 0.40335648148148145 0.19453125 0.004243827160493827 0.0234375