1 0.5958719135802469 0.23515625 0.0019290123456790122 0.0109375
1 0.6284722222222222 0.2359375 0.0015432098765432098 0.009375
1 0.6583719135802469 0.2359375 0.0019290123456790122 0.009375
1 0.6759259259259259 0.2453125 0.0023148148148148147 0.0125
1 0.6853780864197531 0.23984375 0.0019290123456790122 0.0109375
1 0.6803626543209876 0.2421875 0.0019290123456790122 0.0125
1 0.6996527777777778 0.24609375 0.002700617283950617 0.0140625
1 0.7283950617283951 0.2484375 0.0023148148148148147 0.015625
1 0.7770061728395061 0.25234375 0.0030864197530864196 0.0203125
1 0.7766203703703703 0.26640625 0.004629629629629629 0.0265625
1 0.8321759259259259 0.27109375 0.005401234567901234 0.0296875
1 0.9037422839506173 0.27734375 0.005015432098765432 0.0296875
1 0.29050925925925924 0.6171875 0.041666666666666664 0.19375
1 0.38773148148148145 0.4390625 0.020833333333333332 0.103125
1 0.43209876543209874 0.36171875 0.013117283950617283 0.0703125
1 0.45100308641975306 0.32578125 0.010030864197530864 0.0515625
1 0.4635416666666667 0.30390625 0.006558641975308642 0.0390625
1 0.4714506172839506 0.28984375 0.005401234567901234 0.0328125
1 0.47723765432098764 0.27890625 0.004629629629629629 0.0265625
1 0.4810956790123457 0.26953125 0.0038580246913580245 0.0234375
1 0.4855324074074074 0.253125 0.002700617283950617 0.015625
1 0.48996913580246915 0.25234375 0.0030864197530864196 0.0171875
1 0.49594907407407407 0.24296875 0.002700617283950617 0.0140625
1 0.5 0.23984375 0.0023148148148148147 0.0140625
1 0.5162037037037037 0.23984375 0.0015432098765432098 0.0109375
1 0.5360725308641975 0.2375 0.0019290123456790122 0.0125
2 0.6190200617283951 0.2375 0.0019290123456790122 0.0125
2 0.6427469135802469 0.2375 0.0023148148148148147 0.0125
2 0.6518132716049383 0.23984375 0.0019290123456790122 0.0109375
2 0.6452546296296297 0.240625 0.0019290123456790122 0.0125
2 0.6381172839506173 0.2453125 0.0023148148148148147 0.015625
2 0.6630015432098766 0.2484375 0.002700617283950617 0.015625
2 0.6882716049382716 0.25078125 0.0030864197530864196 0.0171875
2 0.714891975308642 0.2515625 0.0030864197530864196 0.01875
2 0.7121913580246914 0.25234375 0.0030864197530864196 0.0171875
2 0.7133487654320988 0.26875 0.004629629629629629 0.025
2 0.7482638888888888 0.275 0.005787037037037037 0.03125
2 0.8115354938271605 0.2796875 0.006558641975308642 0.034375
2 0.9008487654320988 0.2921875 0.006944444444444444 0.0375
2 0.9295910493827161 0.30859375 0.009645061728395061 0.0484375
2 0.9722222222222222 0.3296875 0.013117283950617283 0.059375
2 0.8157793209876543 0.6078125 0.04359567901234568 0.196875
2 0.6867283950617284 0.43671875 0.020833333333333332 0.1046875
2 0.6350308641975309 0.3640625 0.013888888888888888 0.075
2 0.6043595679012346 0.3234375 0.009645061728395061 0.053125
2 0.5862268518518519 0.29921875 0.0073302469135802465 0.0421875
2 0.5754243827160493 0.28671875 0.005787037037037037 0.0328125
2 0.5684799382716049 0.27734375 0.004243827160493827 0.0265625
2 0.5625 0.26953125 0.0038580246913580245 0.0234375
2 0.5569058641975309 0.2625 0.003472222222222222 0.021875
2 0.5520833333333334 0.2578125 0.0023148148148148147 0.015625
2 0.5472608024691358 0.25 0.002700617283950617 0.015625
2 0.5437885802469136 0.246875 0.004243827160493827 0.01875
2 0.5418595679012346 0.2421875 0.002700617283950617 0.015625
2 0.5603780864197531 0.23828125 0.0019290123456790122 0.0109375
2 0.5873842592592593 0.23828125 0.0019290123456790122 0.0109375