2 0.9548611111111112 0.74375 0.06327160493827161 0.253125
2 0.8647762345679012 0.44375 0.024305555555555556 0.11875
2 0.8566743827160493 0.365625 0.015817901234567902 0.078125
2 0.8466435185185185 0.31640625 0.011188271604938271 0.0578125
2 0.8435570987654321 0.28984375 0.008873456790123456 0.0453125
2 0.8387345679012346 0.2640625 0.007716049382716049 0.040625
2 0.8356481481481481 0.25 0.006172839506172839 0.03125
2 0.8470293209876543 0.24140625 0.004243827160493827 0.0234375
2 0.8751929012345679 0.23671875 0.004243827160493827 0.0203125
2 0.9334490740740741 0.2328125 0.004243827160493827 0.021875
2 0.9803240740740741 0.28203125 0.010030864197530864 0.0484375
2 0.9972993827160493 0.29609375 0.004629629629629629 0.0546875
1 0.045717592592592594 0.8890625 0.048996913580246916 0.215625
1 0.45621141975308643 0.503125 0.02816358024691358 0.128125
1 0.5812114197530864 0.39609375 0.015817901234567902 0.0828125
1 0.6477623456790124 0.34140625 0.012345679012345678 0.0640625
1 0.6849922839506173 0.3125 0.009645061728395061 0.05
1 0.7075617283950617 0.29296875 0.007716049382716049 0.0421875
1 0.7255015432098766 0.27734375 0.006558641975308642 0.0359375
1 0.7384259259259259 0.26484375 0.005401234567901234 0.0296875
1 0.7498070987654321 0.25625 0.004243827160493827 0.025
1 0.7586805555555556 0.25 0.003472222222222222 0.021875
1 0.7652391975308642 0.24296875 0.003472222222222222 0.0203125
1 0.7974537037037037 0.23671875 0.0030864197530864196 0.0203125
1 0.84375 0.23359375 0.0030864197530864196 0.0171875
1 0.9124228395061729 0.2296875 0.0038580246913580245 0.01875
1 0.9971064814814815 0.22578125 0.004243827160493827 0.0234375