1 0.045910493827160496 0.1546875 0.006944444444444444 0.034375
1 0.08834876543209877 0.1515625 0.005401234567901234 0.03125
1 0.08429783950617284 0.146875 0.005787037037037037 0.03125
1 0.04976851851851852 0.14296875 0.005401234567901234 0.0296875
1 0.0021219135802469135 0.13125 0.004243827160493827 0.028125
1 0.01099537037037037 0.115625 0.004243827160493827 0.021875
1 0.04610339506172839 0.11796875 0.003472222222222222 0.0171875
1 0.08082561728395062 0.12421875 0.003472222222222222 0.0171875
1 0.11246141975308642 0.125 0.003472222222222222 0.01875
1 0.14467592592592593 0.1296875 0.0030864197530864196 0.015625
1 0.1865354938271605 0.13515625 0.003472222222222222 0.0171875
1 0.2795138888888889 0.146875 0.002700617283950617 0.015625
1 0.3167438271604938 0.1546875 0.0023148148148148147 0.0125
1 0.35281635802469136 0.159375 0.002700617283950617 0.015625
1 0.3786651234567901 0.16640625 0.002700617283950617 0.0140625
1 0.4002700617283951 0.171875 0.002700617283950617 0.015625
1 0.4369212962962963 0.18125 0.002700617283950617 0.015625
1 0.4672067901234568 0.1890625 0.0030864197530864196 0.01875
1 0.5150462962962963 0.20546875 0.0038580246913580245 0.0203125
1 0.5563271604938271 0.21875 0.0038580246913580245 0.021875
1 0.5694444444444444 0.2265625 0.004629629629629629 0.025
1 0.5634645061728395 0.234375 0.005015432098765432 0.028125
1 0.5472608024691358 0.24453125 0.0073302469135802465 0.0390625
1 0.5324074074074074 0.26015625 0.008487654320987654 0.0453125
1 0.5923996913580247 0.28828125 0.010416666666666666 0.0546875
1 0.7391975308641975 0.3375 0.012345679012345678 0.065625
1 0.9542824074074074 0.39296875 0.017361111111111112 0.0765625
2 0.453125 0.721875 0.052083333333333336 0.271875
2 0.2716049382716049 0.4265625 0.030864197530864196 0.14375
2 0.18904320987654322 0.31015625 0.019290123456790122 0.0953125
2 0.14853395061728394 0.24921875 0.013888888888888888 0.0671875
2 0.12229938271604938 0.2078125 0.010030864197530864 0.053125
2 0.10841049382716049 0.18203125 0.008487654320987654 0.0453125
2 0.12114197530864197 0.17109375 0.006944444444444444 0.0390625
2 0.18036265432098766 0.16875 0.005787037037037037 0.03125
2 0.18422067901234568 0.16015625 0.005787037037037037 0.0296875
2 0.1396604938271605 0.14921875 0.004629629629629629 0.0265625
2 0.07947530864197531 0.1375 0.0038580246913580245 0.025
2 0.07098765432098765 0.13125 0.0038580246913580245 0.021875
2 0.06751543209876543 0.12578125 0.0030864197530864196 0.0171875
2 0.09510030864197531 0.1265625 0.003472222222222222 0.01875
2 0.1404320987654321 0.1328125 0.0038580246913580245 0.01875
2 0.18190586419753085 0.1390625 0.004243827160493827 0.021875
2 0.22800925925925927 0.1421875 0.0030864197530864196 0.01875
2 0.27314814814814814 0.14921875 0.0030864197530864196 0.0171875
2 0.8495370370370371 0.4390625 0.023148148148148147 0.103125
2 0.5979938271604939 0.353125 0.016975308641975308 0.0875
2 0.46489197530864196 0.2953125 0.013117283950617283 0.06875
2 0.39776234567901236 0.2578125 0.010030864197530864 0.05625
2 0.3913966049382716 0.23515625 0.0073302469135802465 0.0421875
2 0.43036265432098764 0.22734375 0.0073302469135802465 0.0390625
2 0.4583333333333333 0.2203125 0.006172839506172839 0.03125
2 0.47762345679012347 0.21328125 0.005401234567901234 0.0296875
2 0.46392746913580246 0.2015625 0.004243827160493827 0.025
2 0.4338348765432099 0.19296875 0.004243827160493827 0.0234375
2 0.40335648148148145 0.18359375 0.003472222222222222 0.0203125
2 0.3744212962962963 0.175 0.003472222222222222 0.01875
2 0.3479938271604938 0.1671875 0.0030864197530864196 0.01875
2 0.3296682098765432 0.16171875 0.002700617283950617 0.0171875
2 0.30304783950617287 0.1546875 0.002700617283950617 0.015625