1 0.8207947530864198 0.49140625 0.04050925925925926 0.1859375
1 0.9917052469135802 0.23359375 0.015817901234567902 0.0796875
1 0.9716435185185185 0.31875 0.025848765432098766 0.115625
1 0.9176311728395061 0.19609375 0.011959876543209876 0.0578125
1 0.7301311728395061 0.17890625 0.0073302469135802465 0.0390625
2 0.9334490740740741 0.1609375 0.008873456790123456 0.04375
1 0.8402777777777778 0.18203125 0.008487654320987654 0.0453125
1 0.35146604938271603 0.9234375 0.05169753086419753 0.15
1 0.6672453703703703 0.17734375 0.006558641975308642 0.0328125
2 0.7544367283950617 0.16171875 0.006558641975308642 0.0328125
1 0.6410108024691358 0.1578125 0.003472222222222222 0.021875
1 0.6467978395061729 0.15234375 0.003472222222222222 0.0203125
2 0.7222222222222222 0.15703125 0.005401234567901234 0.0296875
1 0.6375385802469136 0.17421875 0.005015432098765432 0.0296875
1 0.6512345679012346 0.146875 0.0030864197530864196 0.01875
2 0.8341049382716049 0.16171875 0.006944444444444444 0.0359375
2 0.8663194444444444 0.125 0.004243827160493827 0.025
1 0.9243827160493827 0.1140625 0.004629629629629629 0.025
2 0.8117283950617284 0.128125 0.0038580246913580245 0.021875
2 0.7139274691358025 0.1484375 0.004243827160493827 0.028125
2 0.9280478395061729 0.121875 0.005787037037037037 0.028125
2 0.7926311728395061 0.1171875 0.002700617283950617 0.015625
2 0.7627314814814815 0.12890625 0.0030864197530864196 0.0171875
2 0.7748842592592593 0.13046875 0.003472222222222222 0.0203125
2 0.8167438271604939 0.1109375 0.0023148148148148147 0.0125
1 0.8609182098765432 0.11953125 0.003472222222222222 0.0203125
1 0.8495370370370371 0.10859375 0.0023148148148148147 0.0140625
1 0.8271604938271605 0.12109375 0.0030864197530864196 0.0171875
1 0.8206018518518519 0.11953125 0.0030864197530864196 0.0171875
2 0.8294753086419753 0.1046875 0.0023148148148148147 0.0125
2 0.7592592592592593 0.1265625 0.0030864197530864196 0.01875
2 0.7249228395061729 0.11796875 0.0023148148148148147 0.0140625
1 0.6579861111111112 0.13828125 0.002700617283950617 0.0140625
2 0.7092978395061729 0.1328125 0.003472222222222222 0.021875
2 0.7729552469135802 0.12265625 0.002700617283950617 0.0171875
2 0.8211805555555556 0.1046875 0.0019290123456790122 0.0125
2 0.7550154320987654 0.11484375 0.0023148148148148147 0.0140625
1 0.6560570987654321 0.140625 0.002700617283950617 0.015625
1 0.6620370370370371 0.134375 0.0023148148148148147 0.0125
2 0.7887731481481481 0.10859375 0.0019290123456790122 0.0140625
1 0.8715277777777778 0.10390625 0.0023148148148148147 0.0140625
1 0.6653163580246914 0.13046875 0.0019290123456790122 0.0109375
1 0.8265817901234568 0.11171875 0.002700617283950617 0.0171875
1 0.8344907407407407 0.103125 0.0015432098765432098 0.009375
2 0.7048611111111112 0.1265625 0.0030864197530864196 0.01875
1 0.6826774691358025 0.12578125 0.0019290123456790122 0.0109375
1 0.7457561728395061 0.1140625 0.0015432098765432098 0.009375
1 0.6539351851851852 0.140625 0.0030864197530864196 0.015625
1 0.8892746913580247 0.0984375 0.0023148148148148147 0.0125