2 0.35455246913580246 0.575 0.046296296296296294 0.21875
2 0.20003858024691357 0.32421875 0.024305555555555556 0.1140625
2 0.14486882716049382 0.23828125 0.016589506172839507 0.0796875
2 0.109375 0.18828125 0.01273148148148148 0.0609375
2 0.08854166666666667 0.1578125 0.008873456790123456 0.046875
2 0.0779320987654321 0.1359375 0.007716049382716049 0.040625
2 0.08931327160493827 0.1265625 0.0073302469135802465 0.0375
2 0.1263503086419753 0.12421875 0.005787037037037037 0.0296875
2 0.19733796296296297 0.1296875 0.005787037037037037 0.028125
2 0.2716049382716049 0.1390625 0.005401234567901234 0.028125
2 0.3464506172839506 0.15390625 0.004629629629629629 0.0265625
2 0.3800154320987654 0.1640625 0.005401234567901234 0.03125
2 0.39949845679012347 0.17578125 0.005787037037037037 0.0328125
2 0.4072145061728395 0.19140625 0.0073302469135802465 0.0390625
2 0.3894675925925926 0.20703125 0.008101851851851851 0.0484375
2 0.3854166666666667 0.2390625 0.010802469135802469 0.05625
2 0.4037422839506173 0.28359375 0.015046296296296295 0.0796875
2 0.49247685185185186 0.340625 0.021219135802469136 0.1
2 0.6697530864197531 0.43046875 0.02546296296296296 0.1234375
1 0.16473765432098766 0.11640625 0.005401234567901234 0.0265625
1 0.25578703703703703 0.12890625 0.004629629629629629 0.0234375
1 0.3439429012345679 0.14609375 0.003472222222222222 0.0203125
1 0.40335648148148145 0.15859375 0.003472222222222222 0.0203125
1 0.4583333333333333 0.1734375 0.005401234567901234 0.028125
1 0.5125385802469136 0.19375 0.005787037037037037 0.03125
1 0.5123456790123457 0.2203125 0.007716049382716049 0.040625
1 0.5343364197530864 0.25 0.010802469135802469 0.05625
1 0.5927854938271605 0.28828125 0.013503086419753086 0.0671875
1 0.7256944444444444 0.3515625 0.017746913580246913 0.084375