1 0.8688271604938271 0.2609375 0.0030864197530864196 0.021875
1 0.9166666666666666 0.2640625 0.004629629629629629 0.025
1 0.9822530864197531 0.26953125 0.005401234567901234 0.0296875
1 0.22916666666666666 0.71171875 0.0470679012345679 0.2359375
1 0.35455246913580246 0.465625 0.024691358024691357 0.115625
1 0.4054783950617284 0.37265625 0.013117283950617283 0.0671875
1 0.45100308641975306 0.3359375 0.010030864197530864 0.05
1 0.5009645061728395 0.31875 0.008873456790123456 0.04375
1 0.5650077160493827 0.30859375 0.0073302469135802465 0.0359375
1 0.6323302469135802 0.2953125 0.006172839506172839 0.034375
1 0.6799768518518519 0.28671875 0.005015432098765432 0.0296875
1 0.6716820987654321 0.2796875 0.004629629629629629 0.025
1 0.642554012345679 0.27265625 0.004243827160493827 0.0234375
1 0.6030092592592593 0.26875 0.0038580246913580245 0.021875
1 0.8350694444444444 0.2578125 0.003472222222222222 0.01875
1 0.7787422839506173 0.253125 0.002700617283950617 0.015625
1 0.7336033950617284 0.2484375 0.002700617283950617 0.015625
1 0.7040895061728395 0.24921875 0.0023148148148148147 0.0140625
1 0.6521990740740741 0.25 0.0019290123456790122 0.009375
1 0.6120756172839507 0.25 0.002700617283950617 0.0125
1 0.5808256172839507 0.25078125 0.002700617283950617 0.0140625
1 0.5482253086419753 0.2546875 0.0023148148148148147 0.0125
1 0.5123456790123457 0.25546875 0.0023148148148148147 0.0140625
1 0.4816743827160494 0.25546875 0.002700617283950617 0.0171875
1 0.46084104938271603 0.26328125 0.003472222222222222 0.0203125
1 0.45621141975308643 0.2625 0.003472222222222222 0.01875
1 0.4837962962962963 0.265625 0.0030864197530864196 0.01875
1 0.5202546296296297 0.2671875 0.002700617283950617 0.01875
1 0.564429012345679 0.2671875 0.0038580246913580245 0.021875
2 0.7085262345679012 0.253125 0.002700617283950617 0.015625
2 0.7272376543209876 0.2546875 0.0030864197530864196 0.01875
2 0.7482638888888888 0.25546875 0.003472222222222222 0.0203125
2 0.7754629629629629 0.2609375 0.0030864197530864196 0.01875
2 0.8022762345679012 0.26171875 0.003472222222222222 0.0203125
2 0.841820987654321 0.26796875 0.004629629629629629 0.0265625
2 0.894483024691358 0.2734375 0.005015432098765432 0.028125
2 0.9762731481481481 0.2828125 0.006558641975308642 0.034375
2 0.6805555555555556 0.25234375 0.0023148148148148147 0.0140625
2 0.6398533950617284 0.25234375 0.002700617283950617 0.0140625
2 0.6006944444444444 0.253125 0.0023148148148148147 0.015625
2 0.5588348765432098 0.25546875 0.002700617283950617 0.0171875
2 0.5233410493827161 0.2578125 0.002700617283950617 0.015625
2 0.503858024691358 0.26015625 0.0030864197530864196 0.0171875
2 0.5081018518518519 0.26171875 0.0030864197530864196 0.0171875
2 0.5356867283950617 0.26328125 0.002700617283950617 0.0171875
2 0.5779320987654321 0.2625 0.0030864197530864196 0.01875
2 0.6257716049382716 0.26484375 0.0038580246913580245 0.0203125
2 0.6755401234567902 0.26640625 0.0038580246913580245 0.0203125
2 0.7156635802469136 0.26953125 0.004629629629629629 0.0234375
2 0.7482638888888888 0.27578125 0.005015432098765432 0.0265625
2 0.7768132716049383 0.28359375 0.005015432098765432 0.0296875
2 0.7802854938271605 0.28984375 0.005787037037037037 0.0328125
2 0.7397762345679012 0.29921875 0.0073302469135802465 0.0390625
2 0.6921296296296297 0.31015625 0.007716049382716049 0.0421875
2 0.6273148148148148 0.32734375 0.009259259259259259 0.0484375
2 0.5974151234567902 0.35390625 0.011959876543209876 0.0640625
2 0.626929012345679 0.3921875 0.015432098765432098 0.08125
2 0.7058256172839507 0.47734375 0.02662037037037037 0.1234375
2 0.9893904320987654 0.83515625 0.02044753086419753 0.2703125
0 0.8665123456790124 0.25234375 0.005401234567901234 0.0390625
0 0.8732638888888888 0.253125 0.005787037037037037 0.040625
0 0.7984182098765432 0.2546875 0.005015432098765432 0.04375
0 0.8049768518518519 0.25546875 0.006558641975308642 0.0453125