2 0.9290123456790124 0.328125 0.027777777777777776 0.11875
1 0.5736882716049383 0.496875 0.035493827160493825 0.16875
1 0.5464891975308642 0.34609375 0.019675925925925927 0.0984375
2 0.7444058641975309 0.26484375 0.015817901234567902 0.0796875
2 0.6400462962962963 0.23671875 0.010802469135802469 0.0578125
1 0.5054012345679012 0.29296875 0.013888888888888888 0.0734375
1 0.8724922839506173 0.13984375 0.006558641975308642 0.0328125
2 0.5694444444444444 0.2265625 0.008487654320987654 0.04375
1 0.45601851851851855 0.26640625 0.010802469135802469 0.0546875
2 0.8258101851851852 0.1578125 0.006558641975308642 0.034375
2 0.5443672839506173 0.21484375 0.007716049382716049 0.0421875
2 0.9334490740740741 0.1453125 0.0073302469135802465 0.0375
1 0.4216820987654321 0.25 0.007716049382716049 0.04375
1 0.9801311728395061 0.13046875 0.006558641975308642 0.0328125
2 0.71875 0.17109375 0.006944444444444444 0.0359375
1 0.6365740740740741 0.17578125 0.005401234567901234 0.0296875
1 0.5 0.203125 0.006172839506172839 0.03125
1 0.7943672839506173 0.1515625 0.005401234567901234 0.028125
1 0.45891203703703703 0.21796875 0.006558641975308642 0.0328125
1 0.4270833333333333 0.23359375 0.006172839506172839 0.0359375
2 0.6298225308641975 0.1875 0.005787037037037037 0.034375
2 0.566358024691358 0.20078125 0.005401234567901234 0.0328125