2 0.5472608024691358 0.64765625 0.04976851851851852 0.2359375
2 0.24440586419753085 0.3953125 0.02816358024691358 0.128125
2 0.009259259259259259 0.20546875 0.012345679012345678 0.0546875
2 0.14255401234567902 0.21640625 0.011959876543209876 0.0546875
2 0.30594135802469136 0.24375 0.012345679012345678 0.059375
2 0.5050154320987654 0.27109375 0.011574074074074073 0.0609375
2 0.7339891975308642 0.2984375 0.011188271604938271 0.059375
2 0.9643132716049383 0.34375 0.015046296296296295 0.06875
1 0.8937114197530864 0.29609375 0.011959876543209876 0.0515625
1 0.7166280864197531 0.26796875 0.009645061728395061 0.0484375
1 0.558641975308642 0.2484375 0.009259259259259259 0.046875
1 0.39699074074074076 0.22734375 0.009259259259259259 0.0453125
1 0.265625 0.2046875 0.009645061728395061 0.04375
1 0.1097608024691358 0.18984375 0.009645061728395061 0.0421875