1 0.05632716049382716 0.16171875 0.008487654320987654 0.0421875
1 0.05015432098765432 0.15390625 0.007716049382716049 0.0390625
1 0.0023148148148148147 0.14375 0.004629629629629629 0.0375
1 0.03761574074074074 0.11328125 0.003472222222222222 0.0203125
1 0.07600308641975309 0.11796875 0.004629629629629629 0.0203125
1 0.11400462962962964 0.121875 0.003472222222222222 0.01875
1 0.16396604938271606 0.128125 0.0038580246913580245 0.01875
1 0.21084104938271606 0.13515625 0.003472222222222222 0.0171875
1 0.27199074074074076 0.14375 0.0030864197530864196 0.015625
1 0.3159722222222222 0.15234375 0.0030864197530864196 0.0140625
1 0.3586033950617284 0.16015625 0.002700617283950617 0.0140625
1 0.3921682098765432 0.16953125 0.002700617283950617 0.0109375
1 0.4207175925925926 0.175 0.003472222222222222 0.01875
1 0.470679012345679 0.190625 0.0030864197530864196 0.01875
1 0.5133101851851852 0.20078125 0.004243827160493827 0.0234375
1 0.5823688271604939 0.22109375 0.004243827160493827 0.0234375
1 0.6485339506172839 0.24296875 0.005401234567901234 0.0296875
1 0.6805555555555556 0.25703125 0.006172839506172839 0.0359375
1 0.6963734567901234 0.27421875 0.007716049382716049 0.0421875
1 0.7143132716049383 0.30078125 0.009645061728395061 0.0515625
1 0.7523148148148148 0.34375 0.013888888888888888 0.06875
1 0.9255401234567902 0.4171875 0.020061728395061727 0.090625
2 0.4976851851851852 0.82578125 0.06481481481481481 0.3359375
2 0.22627314814814814 0.41796875 0.03125 0.1421875
2 0.13560956790123457 0.28203125 0.01890432098765432 0.0890625
2 0.09857253086419752 0.2203125 0.013503086419753086 0.065625
2 0.1095679012345679 0.19609375 0.010802469135802469 0.0546875
2 0.18267746913580246 0.18203125 0.008101851851851851 0.0453125
2 0.11959876543209877 0.1546875 0.006172839506172839 0.034375
2 0.039544753086419755 0.1375 0.005787037037037037 0.03125
2 0.027391975308641976 0.1265625 0.005401234567901234 0.028125
2 0.02199074074074074 0.1203125 0.0038580246913580245 0.021875
2 0.05594135802469136 0.1203125 0.004629629629629629 0.021875
2 0.11033950617283951 0.12578125 0.0038580246913580245 0.0203125
2 0.16010802469135801 0.1328125 0.0038580246913580245 0.01875
2 0.21412037037037038 0.1390625 0.0038580246913580245 0.01875
2 0.26774691358024694 0.14765625 0.0030864197530864196 0.0171875
2 0.8329475308641975 0.4859375 0.02854938271604938 0.13125
2 0.6059027777777778 0.3671875 0.01890432098765432 0.090625
2 0.5343364197530864 0.303125 0.013117283950617283 0.06875
2 0.5540123456790124 0.27734375 0.010030864197530864 0.0546875
2 0.5657793209876543 0.24140625 0.006558641975308642 0.0359375
2 0.5314429012345679 0.22109375 0.006558641975308642 0.0328125
2 0.4855324074074074 0.20625 0.005015432098765432 0.028125
2 0.4407793209876543 0.19375 0.005015432098765432 0.025
2 0.39969135802469136 0.1828125 0.0038580246913580245 0.021875
2 0.36246141975308643 0.1703125 0.003472222222222222 0.01875
2 0.33738425925925924 0.1625 0.003472222222222222 0.01875
2 0.3038194444444444 0.1546875 0.003472222222222222 0.01875