1 0.8973765432098766 0.36640625 0.02854938271604938 0.1265625
1 0.6938657407407407 0.61328125 0.045910493827160496 0.2265625
1 0.9309413580246914 0.2609375 0.018518518518518517 0.084375
1 0.8616898148148148 0.2171875 0.011959876543209876 0.059375
2 0.8823302469135802 0.17890625 0.009259259259259259 0.0453125
1 0.6178626543209876 0.1984375 0.006558641975308642 0.034375
2 0.7075617283950617 0.18125 0.006172839506172839 0.034375
1 0.5985725308641975 0.17734375 0.004243827160493827 0.0234375
2 0.6772762345679012 0.1765625 0.005015432098765432 0.03125
1 0.6057098765432098 0.17109375 0.0038580246913580245 0.0203125
2 0.9562114197530864 0.1328125 0.006558641975308642 0.034375
1 0.9608410493827161 0.1203125 0.005787037037037037 0.028125
2 0.8229166666666666 0.140625 0.004629629629629629 0.025
1 0.6114969135802469 0.165625 0.0030864197530864196 0.01875
1 0.6790123456790124 0.2015625 0.006944444444444444 0.0375
1 0.5910493827160493 0.19375 0.005401234567901234 0.03125
2 0.7700617283950617 0.14453125 0.0038580246913580245 0.0234375
2 0.8827160493827161 0.1359375 0.005401234567901234 0.028125
1 0.8792438271604939 0.12890625 0.004629629629629629 0.0234375
1 0.7858796296296297 0.13515625 0.0030864197530864196 0.0203125
2 0.7229938271604939 0.14453125 0.0030864197530864196 0.0203125
2 0.753858024691358 0.1328125 0.0030864197530864196 0.015625
2 0.734375 0.1453125 0.003472222222222222 0.021875
1 0.7868441358024691 0.2015625 0.008873456790123456 0.05
2 0.7775848765432098 0.121875 0.002700617283950617 0.015625
1 0.6153549382716049 0.16171875 0.0023148148148148147 0.0140625
1 0.8180941358024691 0.134375 0.003472222222222222 0.01875
2 0.6890432098765432 0.13359375 0.0023148148148148147 0.0140625
2 0.7899305555555556 0.1203125 0.002700617283950617 0.015625
1 0.8088348765432098 0.1234375 0.002700617283950617 0.015625
1 0.7797067901234568 0.13359375 0.0030864197530864196 0.0203125
2 0.6739969135802469 0.13828125 0.0023148148148148147 0.0140625
2 0.6711033950617284 0.16875 0.004243827160493827 0.025
1 0.8310185185185185 0.11953125 0.0023148148148148147 0.0140625
2 0.7199074074074074 0.1375 0.0030864197530864196 0.01875
1 0.7096836419753086 0.128125 0.0019290123456790122 0.0125
2 0.669945987654321 0.15390625 0.003472222222222222 0.0203125
1 0.7961033950617284 0.115625 0.0019290123456790122 0.0125
1 0.6201774691358025 0.15859375 0.002700617283950617 0.0140625
1 0.6257716049382716 0.1515625 0.0023148148148148147 0.0125
2 0.668016975308642 0.1453125 0.002700617283950617 0.015625
1 0.6215277777777778 0.15546875 0.0023148148148148147 0.0140625
2 0.7523148148148148 0.12578125 0.0023148148148148147 0.0140625
1 0.6471836419753086 0.14140625 0.0019290123456790122 0.0140625
1 0.6296296296296297 0.14609375 0.0023148148148148147 0.0140625
1 0.8366126543209876 0.1125 0.0019290123456790122 0.0125
1 0.8485725308641975 0.1140625 0.002700617283950617 0.0125
2 0.7858796296296297 0.17578125 0.006172839506172839 0.0359375