2 0.558641975308642 0.3921875 0.019290123456790122 0.1
2 0.44849537037037035 0.50078125 0.03665123456790124 0.1671875
2 0.6537422839506173 0.35703125 0.016589506172839507 0.0828125
1 0.32156635802469136 0.31796875 0.018132716049382717 0.0859375
1 0.19810956790123457 0.3484375 0.025848765432098766 0.10625
1 0.5329861111111112 0.29375 0.011959876543209876 0.059375
1 0.4168595679012346 0.3 0.015046296296296295 0.071875
1 0.6284722222222222 0.2921875 0.010802469135802469 0.053125
2 0.9185956790123457 0.3625 0.013117283950617283 0.0625
2 0.7627314814814815 0.34453125 0.013888888888888888 0.0671875
1 0.7719907407407407 0.303125 0.010030864197530864 0.05
1 0.9131944444444444 0.328125 0.007716049382716049 0.04375
1 0.004243827160493827 0.421875 0.008487654320987654 0.140625