1 0.6647376543209876 0.3890625 0.020833333333333332 0.10625
2 0.9093364197530864 0.28984375 0.019290123456790122 0.0828125
2 0.7989969135802469 0.2703125 0.013117283950617283 0.065625
1 0.6323302469135802 0.31953125 0.014660493827160493 0.0734375
1 0.6454475308641975 0.63671875 0.04861111111111111 0.2296875
2 0.7106481481481481 0.25703125 0.010802469135802469 0.0546875
2 0.6749614197530864 0.2296875 0.005787037037037037 0.034375
1 0.6300154320987654 0.22109375 0.005401234567901234 0.0296875
1 0.5551697530864198 0.29375 0.010030864197530864 0.053125
1 0.5665509259259259 0.24765625 0.006558641975308642 0.0359375
2 0.7270447530864198 0.209375 0.005787037037037037 0.03125
2 0.7878086419753086 0.190625 0.004629629629629629 0.028125
1 0.5536265432098766 0.26640625 0.006944444444444444 0.0421875
2 0.9083719135802469 0.1515625 0.004243827160493827 0.021875
1 0.6925154320987654 0.20390625 0.004629629629629629 0.0265625
2 0.9722222222222222 0.1453125 0.004629629629629629 0.025
2 0.6811342592592593 0.24375 0.0073302469135802465 0.040625
2 0.8016975308641975 0.18125 0.004629629629629629 0.025
1 0.706983024691358 0.19765625 0.003472222222222222 0.0234375
1 0.7112268518518519 0.18125 0.002700617283950617 0.015625
2 0.7708333333333334 0.1796875 0.0038580246913580245 0.021875
1 0.9454089506172839 0.13828125 0.003472222222222222 0.0203125
2 0.830054012345679 0.159375 0.002700617283950617 0.015625
2 0.8684413580246914 0.1546875 0.0030864197530864196 0.01875
2 0.7615740740740741 0.1734375 0.0030864197530864196 0.01875
1 0.8832947530864198 0.146875 0.002700617283950617 0.015625
2 0.7872299382716049 0.16640625 0.002700617283950617 0.0171875
1 0.6824845679012346 0.1953125 0.0030864197530864196 0.01875
2 0.7527006172839507 0.17890625 0.0030864197530864196 0.0203125
1 0.6840277777777778 0.1875 0.0030864197530864196 0.01875
1 0.8169367283950617 0.1578125 0.002700617283950617 0.0125
1 0.7505787037037037 0.1703125 0.0019290123456790122 0.015625
1 0.9868827160493827 0.1328125 0.0030864197530864196 0.025