2 0.47800925925925924 0.43203125 0.018518518518518517 0.0921875
2 0.6435185185185185 0.54921875 0.033950617283950615 0.1515625
1 0.1419753086419753 0.61875 0.03935185185185185 0.175
2 0.41165123456790126 0.38515625 0.013117283950617283 0.0671875
2 0.3819444444444444 0.359375 0.010802469135802469 0.05625
2 0.9600694444444444 0.32578125 0.01273148148148148 0.0578125
2 0.8377700617283951 0.30859375 0.008873456790123456 0.0453125
2 0.4050925925925926 0.33828125 0.007716049382716049 0.0421875
2 0.4600694444444444 0.31796875 0.006558641975308642 0.0359375
1 0.18036265432098766 0.46640625 0.021219135802469136 0.1015625
1 0.9922839506172839 0.30078125 0.010030864197530864 0.0453125
2 0.7932098765432098 0.290625 0.006944444444444444 0.0375
1 0.3445216049382716 0.325 0.006944444444444444 0.034375
1 0.2835648148148148 0.33984375 0.007716049382716049 0.0390625
2 0.4996141975308642 0.30546875 0.006172839506172839 0.0328125
1 0.33699845679012347 0.28828125 0.003472222222222222 0.0203125
1 0.3753858024691358 0.28828125 0.0038580246913580245 0.0203125
2 0.5806327160493827 0.2765625 0.0038580246913580245 0.021875
1 0.5760030864197531 0.2671875 0.0030864197530864196 0.01875
2 0.4783950617283951 0.28359375 0.0038580246913580245 0.0234375
1 0.4131944444444444 0.290625 0.0038580246913580245 0.021875
2 0.5320216049382716 0.296875 0.005401234567901234 0.028125
2 0.7395833333333334 0.284375 0.006172839506172839 0.03125
1 0.4479166666666667 0.29921875 0.004629629629629629 0.0265625
1 0.9384645061728395 0.290625 0.008101851851851851 0.0375
2 0.6745756172839507 0.28125 0.005015432098765432 0.028125
1 0.4402006172839506 0.29375 0.0038580246913580245 0.021875
1 0.4056712962962963 0.309375 0.005015432098765432 0.028125
2 0.3497299382716049 0.284375 0.003472222222222222 0.01875
2 0.6192129629629629 0.28046875 0.0038580246913580245 0.0234375
1 0.6805555555555556 0.27109375 0.0038580246913580245 0.0234375
2 0.5061728395061729 0.28515625 0.004629629629629629 0.0265625
2 0.3966049382716049 0.2828125 0.0038580246913580245 0.01875
1 0.8834876543209876 0.28203125 0.006172839506172839 0.0328125
1 0.2509645061728395 0.29140625 0.003472222222222222 0.0203125
2 0.4878472222222222 0.26953125 0.002700617283950617 0.0171875
2 0.5285493827160493 0.271875 0.0030864197530864196 0.01875
1 0.38117283950617287 0.27109375 0.0023148148148148147 0.0140625
2 0.5501543209876543 0.27265625 0.0038580246913580245 0.0234375
2 0.4087577160493827 0.2703125 0.002700617283950617 0.015625
2 0.30613425925925924 0.28515625 0.003472222222222222 0.0203125
1 0.29108796296296297 0.290625 0.002700617283950617 0.01875
2 0.37094907407407407 0.27421875 0.002700617283950617 0.0140625
1 0.49344135802469136 0.26328125 0.0023148148148148147 0.0140625
2 0.47164351851851855 0.26875 0.002700617283950617 0.015625
1 0.20042438271604937 0.3921875 0.01273148148148148 0.0625
1 0.2361111111111111 0.35859375 0.010030864197530864 0.0484375
2 0.5059799382716049 0.271875 0.002700617283950617 0.01875
2 0.2770061728395062 0.2875 0.0030864197530864196 0.01875
2 0.44290123456790126 0.2828125 0.0030864197530864196 0.01875
2 0.44675925925925924 0.26796875 0.0023148148148148147 0.0140625
1 0.27989969135802467 0.2796875 0.002700617283950617 0.015625
1 0.4670138888888889 0.265625 0.0019290123456790122 0.0125
1 0.3169367283950617 0.27578125 0.002700617283950617 0.0171875
1 0.2465277777777778 0.284375 0.0030864197530864196 0.015625
1 0.41975308641975306 0.26796875 0.0023148148148148147 0.0109375
2 0.27179783950617287 0.28515625 0.003472222222222222 0.0171875
2 0.3288966049382716 0.27734375 0.002700617283950617 0.0171875
1 0.53125 0.26484375 0.0030864197530864196 0.0171875
2 0.2924382716049383 0.28125 0.0023148148148148147 0.015625
1 0.22511574074074073 0.290625 0.003472222222222222 0.01875
1 0.21875 0.290625 0.0038580246913580245 0.01875
1 0.3506944444444444 0.26953125 0.0023148148148148147 0.0109375
1 0.5526620370370371 0.25703125 0.002700617283950617 0.0171875
0 0.5470679012345679 0.2671875 0.0030864197530864196 0.0375
0 0.5509259259259259 0.2671875 0.004629629629629629 0.040625