2 0.2309027777777778 0.3484375 0.019675925925925927 0.0875
2 0.4369212962962963 0.284375 0.01427469135802469 0.071875
2 0.5113811728395061 0.2328125 0.009645061728395061 0.05625
2 0.5210262345679012 0.20625 0.006558641975308642 0.04375
2 0.5428240740740741 0.1796875 0.007716049382716049 0.040625
2 0.6240354938271605 0.165625 0.006558641975308642 0.0375
2 0.7104552469135802 0.14609375 0.005787037037037037 0.0328125
2 0.763695987654321 0.13125 0.005015432098765432 0.03125
2 0.8495370370370371 0.0765625 0.0030864197530864196 0.01875
2 0.8786651234567902 0.06796875 0.002700617283950617 0.0171875
2 0.9733796296296297 0.05546875 0.0023148148148148147 0.0140625
2 0.9776234567901234 0.159375 0.012345679012345678 0.059375
1 0.0628858024691358 0.48828125 0.030864197530864196 0.1328125
1 0.4322916666666667 0.3921875 0.02507716049382716 0.115625
1 0.6396604938271605 0.29375 0.017746913580246913 0.084375
1 0.6925154320987654 0.22890625 0.013117283950617283 0.0640625
1 0.6496913580246914 0.20234375 0.010030864197530864 0.0484375
1 0.6649305555555556 0.17890625 0.008101851851851851 0.0421875
1 0.734375 0.159375 0.0073302469135802465 0.0375
1 0.8323688271604939 0.13828125 0.006558641975308642 0.0359375
1 0.8709490740740741 0.125 0.006558641975308642 0.03125
1 0.8751929012345679 0.11015625 0.004243827160493827 0.0265625
1 0.8294753086419753 0.1078125 0.004629629629629629 0.025
1 0.8204089506172839 0.10078125 0.004243827160493827 0.0234375
1 0.8541666666666666 0.09296875 0.004629629629629629 0.0265625
1 0.9760802469135802 0.0578125 0.0030864197530864196 0.015625
1 0.9903549382716049 0.0578125 0.0030864197530864196 0.01875
1 0.9903549382716049 0.07109375 0.0030864197530864196 0.0203125
1 0.9866898148148148 0.084375 0.003472222222222222 0.021875
1 0.9820601851851852 0.0953125 0.004243827160493827 0.025
1 0.9780092592592593 0.1015625 0.005401234567901234 0.028125
1 0.9735725308641975 0.1109375 0.006558641975308642 0.034375
1 0.9565972222222222 0.12578125 0.009645061728395061 0.0421875
1 0.8732638888888888 0.15078125 0.009645061728395061 0.0453125
1 0.8341049382716049 0.17109375 0.008487654320987654 0.0453125
1 0.8263888888888888 0.19453125 0.011574074074074073 0.0546875
1 0.8468364197530864 0.22578125 0.013117283950617283 0.0734375
1 0.8578317901234568 0.29296875 0.02044753086419753 0.0984375
1 0.7872299382716049 0.4859375 0.04050925925925926 0.1875