1 0.28858024691358025 0.18515625 0.004629629629629629 0.0296875
1 0.3861882716049383 0.19921875 0.005401234567901234 0.0328125
1 0.5626929012345679 0.23984375 0.006558641975308642 0.0359375
1 0.6273148148148148 0.26171875 0.007716049382716049 0.0421875
1 0.7035108024691358 0.29375 0.009645061728395061 0.046875
1 0.7999614197530864 0.340625 0.013503086419753086 0.0625
1 0.9513888888888888 0.41328125 0.019290123456790122 0.0828125
1 0.08506944444444445 0.1703125 0.010416666666666666 0.046875
1 0.17611882716049382 0.171875 0.008101851851851851 0.040625
2 0.3948688271604938 0.21484375 0.0073302469135802465 0.0390625
2 0.4841820987654321 0.234375 0.008487654320987654 0.04375
2 0.5518904320987654 0.25703125 0.008873456790123456 0.0484375
2 0.5962577160493827 0.2859375 0.011188271604938271 0.05625
2 0.7089120370370371 0.353125 0.015817901234567902 0.075
2 0.9027777777777778 0.45546875 0.024691358024691357 0.1078125
2 0.28973765432098764 0.4984375 0.040123456790123455 0.18125
2 0.19039351851851852 0.33359375 0.024305555555555556 0.1109375
2 0.14679783950617284 0.25 0.015817901234567902 0.075
2 0.13040123456790123 0.21171875 0.013117283950617283 0.0609375
2 0.19849537037037038 0.1984375 0.011188271604938271 0.05
2 0.29128086419753085 0.2 0.007716049382716049 0.040625