1 0.44405864197530864 0.56328125 0.032407407407407406 0.1578125
1 0.5466820987654321 0.44765625 0.021604938271604937 0.1046875
1 0.5163966049382716 0.4109375 0.017361111111111112 0.0875
1 0.4243827160493827 0.38671875 0.014660493827160493 0.0734375
1 0.3304398148148148 0.36484375 0.01273148148148148 0.0609375
1 0.30536265432098764 0.34921875 0.009645061728395061 0.0515625
1 0.3177083333333333 0.328125 0.008101851851851851 0.04375
1 0.3277391975308642 0.31328125 0.005787037037037037 0.0359375
1 0.33738425925925924 0.3046875 0.006558641975308642 0.034375
1 0.3599537037037037 0.29609375 0.006172839506172839 0.0296875
1 0.4027777777777778 0.28828125 0.005401234567901234 0.0265625
1 0.44540895061728397 0.2859375 0.005015432098765432 0.028125
1 0.4837962962962963 0.28125 0.004629629629629629 0.025
2 0.9048996913580247 0.4921875 0.028935185185185185 0.13125
2 0.7611882716049383 0.38984375 0.017746913580246913 0.0828125
2 0.6026234567901234 0.35625 0.013117283950617283 0.0625
2 0.46875 0.33984375 0.010030864197530864 0.0515625
2 0.44463734567901236 0.31640625 0.0073302469135802465 0.0390625
2 0.43364197530864196 0.30078125 0.006172839506172839 0.0328125
2 0.46739969135802467 0.290625 0.005787037037037037 0.03125
2 0.5250771604938271 0.284375 0.005401234567901234 0.028125
2 0.8586033950617284 0.28359375 0.006558641975308642 0.0328125
2 0.9332561728395061 0.2921875 0.007716049382716049 0.0375
2 0.5806327160493827 0.28046875 0.0038580246913580245 0.0203125
2 0.6469907407407407 0.2765625 0.0038580246913580245 0.021875
2 0.7224151234567902 0.27578125 0.004243827160493827 0.0234375
2 0.7853009259259259 0.27734375 0.005015432098765432 0.0234375
1 0.5219907407407407 0.271875 0.004629629629629629 0.021875
1 0.6342592592592593 0.2703125 0.0038580246913580245 0.025
1 0.7154706790123457 0.26796875 0.003472222222222222 0.0203125
1 0.8661265432098766 0.26953125 0.004629629629629629 0.0265625