2 0.4095293209876543 0.140625 0.003472222222222222 0.01875
2 0.4380787037037037 0.146875 0.003472222222222222 0.021875
2 0.4533179012345679 0.15390625 0.0038580246913580245 0.0234375
2 0.4471450617283951 0.16015625 0.004629629629629629 0.0265625
2 0.4315200617283951 0.165625 0.005787037037037037 0.03125
2 0.4039351851851852 0.17265625 0.006944444444444444 0.0359375
2 0.38329475308641975 0.1859375 0.008101851851851851 0.040625
2 0.3912037037037037 0.20703125 0.009259259259259259 0.0515625
2 0.47511574074074076 0.25625 0.01273148148148148 0.065625
2 0.6514274691358025 0.31875 0.015817901234567902 0.08125
2 0.9035493827160493 0.38984375 0.021604938271604937 0.0953125
2 0.39448302469135804 0.72421875 0.061342592592592594 0.2703125
2 0.279320987654321 0.35859375 0.02700617283950617 0.1265625
2 0.24575617283950618 0.25078125 0.016203703703703703 0.0796875
2 0.2339891975308642 0.2 0.011959876543209876 0.059375
2 0.22453703703703703 0.171875 0.008487654320987654 0.04375
2 0.2195216049382716 0.15234375 0.006172839506172839 0.0390625
2 0.21489197530864199 0.13828125 0.005401234567901234 0.0328125
2 0.21257716049382716 0.12421875 0.005401234567901234 0.0296875
2 0.2183641975308642 0.12265625 0.004629629629629629 0.0296875
2 0.2482638888888889 0.11953125 0.004243827160493827 0.0234375
2 0.30227623456790126 0.12421875 0.003472222222222222 0.0203125
2 0.3591820987654321 0.13203125 0.0038580246913580245 0.0203125
1 0.36670524691358025 0.1296875 0.002700617283950617 0.015625
1 0.41415895061728397 0.1375 0.002700617283950617 0.015625
1 0.4635416666666667 0.146875 0.002700617283950617 0.01875
1 0.5067515432098766 0.15703125 0.003472222222222222 0.0203125
1 0.5248842592592593 0.1640625 0.003472222222222222 0.021875
1 0.5206404320987654 0.1703125 0.004243827160493827 0.025
1 0.5135030864197531 0.1765625 0.004629629629629629 0.028125
1 0.5023148148148148 0.18671875 0.006172839506172839 0.0328125
1 0.5079089506172839 0.2046875 0.0073302469135802465 0.040625
1 0.5779320987654321 0.240625 0.010802469135802469 0.053125
1 0.7058256172839507 0.28671875 0.01273148148148148 0.0609375
1 0.9359567901234568 0.33515625 0.015432098765432098 0.0671875
1 0.046489197530864196 0.1890625 0.015046296296296295 0.065625
1 0.07542438271604938 0.15625 0.011188271604938271 0.05
1 0.09741512345679013 0.13671875 0.008101851851851851 0.0390625
1 0.10416666666666667 0.12421875 0.006172839506172839 0.0328125
1 0.11458333333333333 0.1140625 0.006172839506172839 0.03125
1 0.1259645061728395 0.11015625 0.005015432098765432 0.0265625
1 0.15027006172839505 0.10546875 0.004243827160493827 0.0234375
1 0.19714506172839505 0.10859375 0.0038580246913580245 0.0203125
1 0.2569444444444444 0.115625 0.0030864197530864196 0.01875
1 0.30709876543209874 0.1203125 0.0030864197530864196 0.01875
2 0.8296682098765432 0.2046875 0.003472222222222222 0.025
2 0.8682484567901234 0.2109375 0.002700617283950617 0.021875
1 0.7862654320987654 0.21328125 0.004629629629629629 0.0390625
1 0.9243827160493827 0.25390625 0.007716049382716049 0.0421875