1 0.20698302469135801 0.71796875 0.048996913580246916 0.2328125
1 0.8981481481481481 0.3 0.007716049382716049 0.0375
1 0.8026620370370371 0.3015625 0.0073302469135802465 0.0375
1 0.6118827160493827 0.31171875 0.006944444444444444 0.0359375
1 0.5254629629629629 0.3171875 0.006172839506172839 0.034375
1 0.4411651234567901 0.32890625 0.0073302469135802465 0.0359375
1 0.38078703703703703 0.34453125 0.008487654320987654 0.0421875
1 0.32407407407407407 0.3609375 0.010802469135802469 0.053125
1 0.29031635802469136 0.38984375 0.010416666666666666 0.0578125
1 0.2984182098765432 0.4265625 0.013503086419753086 0.075
1 0.2957175925925926 0.51171875 0.02199074074074074 0.1109375
2 0.9776234567901234 0.3140625 0.009259259259259259 0.046875
2 0.8395061728395061 0.3140625 0.007716049382716049 0.040625
2 0.7064043209876543 0.31953125 0.006944444444444444 0.0421875
2 0.5960648148148148 0.32578125 0.007716049382716049 0.0421875
2 0.5129243827160493 0.33828125 0.008873456790123456 0.0453125
2 0.47434413580246915 0.35390625 0.009645061728395061 0.0515625
2 0.4878472222222222 0.3765625 0.011959876543209876 0.0625
2 0.5590277777777778 0.41484375 0.016975308641975308 0.0859375
2 0.6807484567901234 0.51953125 0.02970679012345679 0.1421875