2 0.2974537037037037 0.48515625 0.03935185185185185 0.1765625
2 0.16280864197530864 0.31796875 0.024691358024691357 0.1078125
2 0.03877314814814815 0.246875 0.019675925925925927 0.0875
1 0.08024691358024691 0.15 0.007716049382716049 0.040625
1 0.17862654320987653 0.175 0.010030864197530864 0.046875
1 0.3072916666666667 0.2078125 0.010416666666666666 0.05
1 0.4591049382716049 0.24453125 0.010802469135802469 0.0546875
1 0.6707175925925926 0.2984375 0.01273148148148148 0.0625
1 0.8643904320987654 0.34609375 0.013503086419753086 0.0671875
2 0.07407407407407407 0.18125 0.011574074074074073 0.05625
2 0.20505401234567902 0.21796875 0.013503086419753086 0.0640625
2 0.3761574074074074 0.26484375 0.014660493827160493 0.0734375
2 0.5848765432098766 0.325 0.016975308641975308 0.084375
2 0.8761574074074074 0.40703125 0.020833333333333332 0.0984375