1 0.5489969135802469 0.31328125 0.006944444444444444 0.0421875
1 0.6678240740740741 0.321875 0.009259259259259259 0.046875
1 0.8474151234567902 0.33125 0.011959876543209876 0.05625
1 0.2525077160493827 0.69765625 0.04822530864197531 0.2234375
1 0.16222993827160495 0.51640625 0.02662037037037037 0.1265625
1 0.02025462962962963 0.45390625 0.024305555555555556 0.0984375
1 0.4677854938271605 0.30625 0.005787037037037037 0.034375
1 0.3958333333333333 0.303125 0.006172839506172839 0.034375
1 0.3395061728395062 0.29921875 0.006172839506172839 0.0296875
1 0.24537037037037038 0.29375 0.004629629629629629 0.025
1 0.1886574074074074 0.29609375 0.004629629629629629 0.0265625
1 0.08256172839506173 0.30390625 0.004629629629629629 0.0265625
2 0.20640432098765432 0.30703125 0.006172839506172839 0.0328125
2 0.2507716049382716 0.31171875 0.006944444444444444 0.0328125
2 0.30343364197530864 0.31640625 0.0073302469135802465 0.0390625
2 0.37635030864197533 0.325 0.008873456790123456 0.04375
2 0.4558256172839506 0.3328125 0.008101851851851851 0.05
2 0.5783179012345679 0.3453125 0.012345679012345678 0.0625
2 0.7719907407407407 0.365625 0.015432098765432098 0.075
2 0.14544753086419754 0.30703125 0.006172839506172839 0.0296875
2 0.05381944444444445 0.3125 0.006558641975308642 0.03125
2 0.15027006172839505 0.37734375 0.01427469135802469 0.0640625
2 0.28684413580246915 0.38671875 0.015046296296296295 0.0734375
2 0.4253472222222222 0.41328125 0.018132716049382717 0.0890625
2 0.6076388888888888 0.46640625 0.023919753086419752 0.1171875
2 0.8971836419753086 0.6328125 0.04513888888888889 0.209375
0 0.44560185185185186 0.315625 0.013117283950617283 0.090625
0 0.4652777777777778 0.31484375 0.012345679012345678 0.0953125
0 0.5418595679012346 0.29765625 0.010416666666666666 0.0734375
0 0.5590277777777778 0.2953125 0.010802469135802469 0.075
1 0.8570601851851852 0.3 0.008101851851851851 0.053125