1 0.6666666666666666 0.2921875 0.006944444444444444 0.034375
1 0.7608024691358025 0.29921875 0.007716049382716049 0.0390625
1 0.9002700617283951 0.30546875 0.011188271604938271 0.0453125
1 0.1408179012345679 0.91875 0.05478395061728395 0.159375
1 0.4504243827160494 0.52890625 0.030478395061728395 0.1390625
1 0.5123456790123457 0.415625 0.016975308641975308 0.084375
1 0.4419367283950617 0.37578125 0.01273148148148148 0.0671875
1 0.3464506172839506 0.35390625 0.010802469135802469 0.0578125
1 0.24672067901234568 0.34765625 0.009645061728395061 0.0484375
1 0.6008873456790124 0.2890625 0.005787037037037037 0.03125
1 0.5432098765432098 0.28515625 0.004629629629629629 0.0265625
1 0.4976851851851852 0.2828125 0.004629629629629629 0.025
1 0.4201388888888889 0.28046875 0.0038580246913580245 0.0203125
1 0.3757716049382716 0.2796875 0.0038580246913580245 0.021875
1 0.2995756172839506 0.2859375 0.003472222222222222 0.021875
1 0.23591820987654322 0.29140625 0.003472222222222222 0.0203125
1 0.18267746913580246 0.296875 0.004243827160493827 0.025
1 0.12152777777777778 0.30234375 0.004629629629629629 0.0265625
1 0.046489197530864196 0.31171875 0.005015432098765432 0.0265625
1 0.0019290123456790122 0.3640625 0.0038580246913580245 0.040625
1 0.04070216049382716 0.35 0.008873456790123456 0.04375
1 0.15181327160493827 0.34609375 0.009645061728395061 0.0453125
2 0.3956404320987654 0.28828125 0.005015432098765432 0.0265625
2 0.43171296296296297 0.290625 0.004629629629629629 0.028125
2 0.47415123456790126 0.29453125 0.005401234567901234 0.0296875
2 0.5314429012345679 0.29921875 0.005787037037037037 0.0328125
2 0.5922067901234568 0.3046875 0.006944444444444444 0.0375
2 0.6838348765432098 0.3125 0.008101851851851851 0.04375
2 0.8204089506172839 0.325 0.010416666666666666 0.053125
2 0.34857253086419754 0.2859375 0.004243827160493827 0.025
2 0.2849151234567901 0.290625 0.004243827160493827 0.025
2 0.2195216049382716 0.296875 0.004629629629629629 0.025
2 0.1419753086419753 0.30625 0.005401234567901234 0.028125
2 0.06693672839506173 0.31640625 0.005787037037037037 0.0296875
2 0.017939814814814815 0.325 0.005787037037037037 0.03125
2 0.023919753086419752 0.33046875 0.006944444444444444 0.0359375
2 0.08738425925925926 0.33046875 0.0073302469135802465 0.0359375
2 0.18229166666666666 0.32578125 0.0073302469135802465 0.0390625
2 0.28530092592592593 0.325 0.008101851851851851 0.040625
2 0.3894675925925926 0.32578125 0.008101851851851851 0.0421875
2 0.4810956790123457 0.33046875 0.009259259259259259 0.0484375
2 0.5734953703703703 0.34296875 0.010416666666666666 0.0546875
2 0.6832561728395061 0.36484375 0.013117283950617283 0.0703125
2 0.7982253086419753 0.41015625 0.018518518518518517 0.0921875
2 0.8622685185185185 0.50234375 0.029320987654320986 0.1390625
0 0.6506558641975309 0.25703125 0.006558641975308642 0.0484375
1 0.4554398148148148 0.2796875 0.003472222222222222 0.021875