2 0.8288966049382716 0.26953125 0.005787037037037037 0.0328125
2 0.8873456790123457 0.27109375 0.006944444444444444 0.0359375
2 0.9411651234567902 0.28125 0.008873456790123456 0.040625
2 0.9685570987654321 0.29921875 0.010416666666666666 0.0515625
2 0.9828317901234568 0.321875 0.011959876543209876 0.059375
2 0.9897762345679012 0.35703125 0.017361111111111112 0.0765625
2 0.8904320987654321 0.7421875 0.05864197530864197 0.253125
2 0.6766975308641975 0.4515625 0.023919753086419752 0.115625
2 0.6172839506172839 0.37109375 0.014660493827160493 0.0765625
2 0.5854552469135802 0.33125 0.010416666666666666 0.05625
2 0.5688657407407407 0.30859375 0.008101851851851851 0.0421875
2 0.5650077160493827 0.29296875 0.006558641975308642 0.0359375
2 0.5972222222222222 0.2796875 0.005401234567901234 0.03125
2 0.6643518518518519 0.27265625 0.004629629629629629 0.0265625
2 0.7440200617283951 0.26875 0.005787037037037037 0.028125
1 0.8206018518518519 0.2625 0.004629629629629629 0.025
1 0.9133873456790124 0.26328125 0.005787037037037037 0.0296875
1 0.2204861111111111 0.81640625 0.061342592592592594 0.2921875
1 0.37017746913580246 0.471875 0.02507716049382716 0.115625
1 0.41782407407407407 0.37265625 0.013888888888888888 0.0703125
1 0.42978395061728397 0.3390625 0.010030864197530864 0.053125
1 0.4409722222222222 0.3125 0.007716049382716049 0.04375
1 0.4540895061728395 0.2984375 0.006944444444444444 0.0375
1 0.4801311728395062 0.284375 0.005787037037037037 0.03125
1 0.5320216049382716 0.2765625 0.005401234567901234 0.028125
1 0.6001157407407407 0.27109375 0.004243827160493827 0.0234375
1 0.6614583333333334 0.26484375 0.003472222222222222 0.0203125