2 0.3271604938271605 0.33203125 0.017746913580246913 0.0953125
2 0.3238811728395062 0.44765625 0.03125 0.1609375
2 0.5887345679012346 0.2953125 0.011574074074074073 0.059375
2 0.4261188271604938 0.2921875 0.013503086419753086 0.06875
1 0.39699074074074076 0.2484375 0.010030864197530864 0.05
2 0.7320601851851852 0.30859375 0.011188271604938271 0.0546875
1 0.07947530864197531 0.2765625 0.020061728395061727 0.084375
1 0.26427469135802467 0.24453125 0.012345679012345678 0.0578125
1 0.5304783950617284 0.2609375 0.009259259259259259 0.046875
2 0.6049382716049383 0.875 0.05555555555555555 0.246875
1 0.6572145061728395 0.27578125 0.008101851851851851 0.0421875
2 0.9633487654320988 0.33359375 0.009259259259259259 0.0453125
2 0.8506944444444444 0.321875 0.010030864197530864 0.046875
1 0.7540509259259259 0.2859375 0.008101851851851851 0.0375
1 0.8464506172839507 0.29609375 0.006172839506172839 0.0359375