1 0.37114197530864196 0.66796875 0.041666666666666664 0.1984375
2 0.7596450617283951 0.484375 0.023919753086419752 0.109375
1 0.4529320987654321 0.4578125 0.017746913580246913 0.09375
2 0.7125771604938271 0.34765625 0.007716049382716049 0.0421875
2 0.6552854938271605 0.36640625 0.009645061728395061 0.0515625
2 0.638695987654321 0.39765625 0.01273148148148148 0.0671875
1 0.46064814814814814 0.39296875 0.012345679012345678 0.0640625
1 0.5013503086419753 0.36015625 0.009645061728395061 0.0484375
2 0.7816358024691358 0.32109375 0.004629629629629629 0.0265625
1 0.6639660493827161 0.3234375 0.005401234567901234 0.028125
1 0.5594135802469136 0.3421875 0.007716049382716049 0.040625
2 0.7436342592592593 0.33515625 0.006558641975308642 0.0359375
1 0.6165123456790124 0.3296875 0.006944444444444444 0.034375
2 0.7696759259259259 0.328125 0.005401234567901234 0.03125
1 0.6813271604938271 0.315625 0.004629629629629629 0.025
1 0.6907793209876543 0.30234375 0.003472222222222222 0.0203125
1 0.7118055555555556 0.2984375 0.0030864197530864196 0.01875
2 0.9755015432098766 0.315625 0.005015432098765432 0.028125
1 0.7496141975308642 0.2984375 0.0030864197530864196 0.01875
2 0.8076774691358025 0.30234375 0.003472222222222222 0.0203125
2 0.7771990740740741 0.303125 0.003472222222222222 0.01875
1 0.7596450617283951 0.290625 0.0023148148148148147 0.015625
2 0.7677469135802469 0.3078125 0.0038580246913580245 0.021875
2 0.8393132716049383 0.2953125 0.002700617283950617 0.015625
2 0.8263888888888888 0.28984375 0.0023148148148148147 0.0140625
2 0.8177083333333334 0.2921875 0.002700617283950617 0.015625
1 0.7652391975308642 0.2890625 0.0019290123456790122 0.0125
2 0.8339120370370371 0.29921875 0.002700617283950617 0.0171875
1 0.7839506172839507 0.29609375 0.0030864197530864196 0.0171875
1 0.7880015432098766 0.29296875 0.002700617283950617 0.0171875
1 0.8125 0.28671875 0.0023148148148148147 0.0140625
2 0.9535108024691358 0.30703125 0.004243827160493827 0.0234375
1 0.7980324074074074 0.284375 0.0019290123456790122 0.0125
1 0.7737268518518519 0.28046875 0.0019290123456790122 0.0109375
1 0.7934027777777778 0.2875 0.0019290123456790122 0.0125
2 0.9978780864197531 0.2890625 0.002700617283950617 0.015625
2 0.8049768518518519 0.28203125 0.0019290123456790122 0.0109375
2 0.9853395061728395 0.28515625 0.0023148148148148147 0.0140625
2 0.8611111111111112 0.2875 0.0023148148148148147 0.0125
2 0.8537808641975309 0.2890625 0.0023148148148148147 0.0125
2 0.8346836419753086 0.284375 0.002700617283950617 0.0125
2 0.9562114197530864 0.2828125 0.002700617283950617 0.015625
1 0.7609953703703703 0.2796875 0.0019290123456790122 0.009375
2 0.8231095679012346 0.28203125 0.0019290123456790122 0.0109375
2 0.923804012345679 0.2828125 0.002700617283950617 0.0125
2 0.8844521604938271 0.28359375 0.002700617283950617 0.0109375
2 0.7704475308641975 0.30625 0.0030864197530864196 0.01875
2 0.8096064814814815 0.2796875 0.0019290123456790122 0.009375
2 0.8501157407407407 0.28203125 0.0019290123456790122 0.0109375
1 0.982445987654321 0.28359375 0.0019290123456790122 0.0109375