2 0.04301697530864197 0.33359375 0.013503086419753086 0.0640625
2 0.17496141975308643 0.31015625 0.010416666666666666 0.0515625
2 0.19753086419753085 0.28984375 0.008487654320987654 0.0421875
2 0.18094135802469136 0.28125 0.005401234567901234 0.03125
2 0.18383487654320987 0.26328125 0.005015432098765432 0.0296875
2 0.24807098765432098 0.259375 0.004629629629629629 0.025
2 0.3126929012345679 0.253125 0.004243827160493827 0.025
2 0.34780092592592593 0.25 0.004243827160493827 0.025
2 0.39969135802469136 0.22421875 0.0023148148148148147 0.0140625
2 0.3933256172839506 0.22109375 0.0019290123456790122 0.0109375
2 0.41300154320987653 0.21875 0.0019290123456790122 0.0125
2 0.47357253086419754 0.22109375 0.0019290123456790122 0.0109375
2 0.5055941358024691 0.22421875 0.0019290123456790122 0.0109375
2 0.5150462962962963 0.22734375 0.0030864197530864196 0.0140625
2 0.5177469135802469 0.2359375 0.0023148148148148147 0.0125
2 0.5216049382716049 0.24296875 0.0030864197530864196 0.0171875
2 0.5241126543209876 0.246875 0.002700617283950617 0.01875
2 0.5268132716049383 0.25078125 0.003472222222222222 0.0203125
2 0.5297067901234568 0.24921875 0.0030864197530864196 0.0203125
2 0.5314429012345679 0.2609375 0.004243827160493827 0.025
2 0.5042438271604939 0.2671875 0.0038580246913580245 0.025
2 0.48225308641975306 0.275 0.005401234567901234 0.03125
2 0.4974922839506173 0.28203125 0.005787037037037037 0.0328125
2 0.5403163580246914 0.29296875 0.0073302469135802465 0.0421875
2 0.5661651234567902 0.31328125 0.008873456790123456 0.0515625
2 0.5879629629629629 0.34765625 0.012345679012345678 0.0671875
2 0.6346450617283951 0.41640625 0.018518518518518517 0.0984375
2 0.7582947530864198 0.6171875 0.03973765432098766 0.1875
1 0.052662037037037035 0.37265625 0.017361111111111112 0.0765625
1 0.25385802469135804 0.33828125 0.012345679012345678 0.0609375
1 0.33371913580246915 0.31328125 0.009259259259259259 0.0484375
1 0.3402777777777778 0.29296875 0.006944444444444444 0.0390625
1 0.29475308641975306 0.28046875 0.006172839506172839 0.0359375
1 0.3377700617283951 0.2640625 0.005015432098765432 0.028125
1 0.39891975308641975 0.25859375 0.0038580246913580245 0.0234375
1 0.41975308641975306 0.25078125 0.0038580246913580245 0.0234375
1 0.3881172839506173 0.240625 0.0030864197530864196 0.01875
1 0.3802083333333333 0.2359375 0.002700617283950617 0.01875
1 0.40239197530864196 0.2359375 0.0023148148148148147 0.015625
1 0.4359567901234568 0.2359375 0.0023148148148148147 0.015625
1 0.44695216049382713 0.2328125 0.0019290123456790122 0.0125
1 0.44309413580246915 0.2296875 0.0019290123456790122 0.0125
1 0.43267746913580246 0.22578125 0.0019290123456790122 0.0109375
1 0.42843364197530864 0.2234375 0.0019290123456790122 0.0125
1 0.4375 0.22109375 0.0015432098765432098 0.0109375
1 0.45794753086419754 0.22265625 0.0015432098765432098 0.0109375
1 0.4747299382716049 0.22265625 0.0019290123456790122 0.0109375
1 0.4837962962962963 0.2296875 0.0023148148148148147 0.015625
1 0.4816743827160494 0.24140625 0.002700617283950617 0.0171875
1 0.47800925925925924 0.253125 0.0038580246913580245 0.021875
1 0.4697145061728395 0.259375 0.004243827160493827 0.025
1 0.4270833333333333 0.26796875 0.004629629629629629 0.0265625
1 0.4087577160493827 0.275 0.005787037037037037 0.034375
1 0.42746913580246915 0.2953125 0.006944444444444444 0.040625
1 0.4425154320987654 0.3109375 0.008487654320987654 0.046875
1 0.4380787037037037 0.34765625 0.011188271604938271 0.0609375
1 0.41242283950617287 0.41015625 0.016203703703703703 0.0921875
1 0.3246527777777778 0.61953125 0.04205246913580247 0.1953125