1 0.20158179012345678 0.8890625 0.052083333333333336 0.20625
1 0.42746913580246915 0.5734375 0.035493827160493825 0.1625
1 0.38676697530864196 0.496875 0.025848765432098766 0.121875
1 0.26273148148148145 0.45546875 0.020833333333333332 0.0984375
1 0.1408179012345679 0.42578125 0.017746913580246913 0.0765625
1 0.11439043209876543 0.3984375 0.015046296296296295 0.06875
1 0.14486882716049382 0.36640625 0.011959876543209876 0.0578125
1 0.16647376543209877 0.3421875 0.009645061728395061 0.04375
1 0.18229166666666666 0.32890625 0.008101851851851851 0.0390625
1 0.21412037037037038 0.31796875 0.006944444444444444 0.0328125
1 0.26851851851851855 0.3078125 0.006172839506172839 0.028125
1 0.3194444444444444 0.3015625 0.005401234567901234 0.028125
1 0.36400462962962965 0.296875 0.005787037037037037 0.028125
1 0.5275848765432098 0.284375 0.004243827160493827 0.025
1 0.6107253086419753 0.2796875 0.004629629629629629 0.025
1 0.6801697530864198 0.27890625 0.0038580246913580245 0.0234375
1 0.8410493827160493 0.2859375 0.005401234567901234 0.028125
1 0.9272762345679012 0.29296875 0.0073302469135802465 0.0359375
2 0.9662422839506173 0.63984375 0.0466820987654321 0.2046875
2 0.7035108024691358 0.44609375 0.02353395061728395 0.1046875
2 0.5011574074074074 0.3984375 0.016203703703703703 0.078125
2 0.33584104938271603 0.37578125 0.01273148148148148 0.0640625
2 0.3113425925925926 0.34296875 0.009259259259259259 0.0484375
2 0.30246913580246915 0.321875 0.006944444444444444 0.0375
2 0.3439429012345679 0.309375 0.006558641975308642 0.034375
2 0.4099151234567901 0.30078125 0.006558641975308642 0.0328125
2 0.4710648148148148 0.2953125 0.006172839506172839 0.028125
2 0.5414737654320988 0.290625 0.005787037037037037 0.03125
2 0.6195987654320988 0.2890625 0.005401234567901234 0.03125
2 0.9776234567901234 0.31953125 0.011574074074074073 0.0515625
2 0.8348765432098766 0.303125 0.008487654320987654 0.040625
2 0.7582947530864198 0.29609375 0.006558641975308642 0.0359375
2 0.6832561728395061 0.28984375 0.006172839506172839 0.0328125