2 0.3603395061728395 0.440625 0.029320987654320986 0.153125
2 0.32060185185185186 0.3015625 0.017746913580246913 0.090625
2 0.2953317901234568 0.23046875 0.011959876543209876 0.0640625
2 0.2847222222222222 0.19453125 0.008487654320987654 0.0484375
2 0.2779706790123457 0.171875 0.006558641975308642 0.0375
2 0.27141203703703703 0.1578125 0.005015432098765432 0.03125
2 0.2665895061728395 0.14765625 0.0038580246913580245 0.0265625
2 0.2650462962962963 0.1359375 0.0038580246913580245 0.025
2 0.27469135802469136 0.13359375 0.0038580246913580245 0.0234375
2 0.2995756172839506 0.1328125 0.003472222222222222 0.021875
2 0.3474151234567901 0.1375 0.003472222222222222 0.01875
2 0.39814814814814814 0.1453125 0.0030864197530864196 0.01875
2 0.44926697530864196 0.15546875 0.003472222222222222 0.0203125
2 0.4677854938271605 0.159375 0.003472222222222222 0.01875
2 0.47415123456790126 0.1671875 0.0038580246913580245 0.025
2 0.4670138888888889 0.17421875 0.004243827160493827 0.0265625
2 0.4386574074074074 0.1796875 0.005401234567901234 0.03125
2 0.41550925925925924 0.18671875 0.006172839506172839 0.0359375
2 0.4002700617283951 0.1984375 0.0073302469135802465 0.04375
2 0.42052469135802467 0.21484375 0.008487654320987654 0.0484375
2 0.46739969135802467 0.23984375 0.010416666666666666 0.0578125
2 0.5962577160493827 0.28359375 0.013503086419753086 0.0671875
2 0.8113425925925926 0.35234375 0.018518518518518517 0.0828125
1 0.030864197530864196 0.2546875 0.023148148148148147 0.09375
1 0.09162808641975309 0.2046875 0.015046296296296295 0.06875
1 0.12345679012345678 0.17734375 0.011574074074074073 0.0546875
1 0.14583333333333334 0.1578125 0.009259259259259259 0.04375
1 0.16087962962962962 0.14296875 0.007716049382716049 0.0359375
1 0.17380401234567902 0.13359375 0.005787037037037037 0.0296875
1 0.18306327160493827 0.1265625 0.005015432098765432 0.028125
1 0.18981481481481483 0.11953125 0.004629629629629629 0.0234375
1 0.22299382716049382 0.12109375 0.0038580246913580245 0.0171875
1 0.2692901234567901 0.1234375 0.0030864197530864196 0.01875
1 0.3290895061728395 0.13203125 0.0030864197530864196 0.0140625
1 0.392554012345679 0.140625 0.002700617283950617 0.015625
1 0.4565972222222222 0.1515625 0.002700617283950617 0.015625
1 0.49691358024691357 0.16015625 0.0030864197530864196 0.0171875
1 0.5300925925925926 0.171875 0.0030864197530864196 0.01875
1 0.5594135802469136 0.18046875 0.004629629629629629 0.0234375
1 0.5482253086419753 0.18359375 0.004629629629629629 0.0265625
1 0.5297067901234568 0.18984375 0.005401234567901234 0.0296875
1 0.5142746913580247 0.2 0.006172839506172839 0.034375
1 0.5229552469135802 0.21328125 0.0073302469135802465 0.0390625
1 0.5621141975308642 0.234375 0.009259259259259259 0.046875
1 0.6726466049382716 0.27109375 0.011188271604938271 0.0578125
1 0.8645833333333334 0.32421875 0.013888888888888888 0.0640625