1 0.7162422839506173 0.68125 0.060570987654320986 0.246875
1 0.8699845679012346 0.4078125 0.032407407407407406 0.146875
1 0.763695987654321 0.29921875 0.01890432098765432 0.0890625
1 0.701195987654321 0.25546875 0.013503086419753086 0.0703125
1 0.6479552469135802 0.22421875 0.009645061728395061 0.0515625
1 0.7019675925925926 0.19921875 0.0073302469135802465 0.0421875
1 0.7540509259259259 0.18046875 0.0073302469135802465 0.0390625
1 0.7935956790123457 0.16640625 0.006172839506172839 0.0328125
1 0.7606095679012346 0.16015625 0.005015432098765432 0.0296875
1 0.7359182098765432 0.15625 0.004243827160493827 0.025
1 0.7229938271604939 0.14765625 0.0038580246913580245 0.0234375
1 0.7390046296296297 0.14375 0.003472222222222222 0.021875
1 0.7648533950617284 0.134375 0.002700617283950617 0.01875
1 0.7837577160493827 0.12890625 0.002700617283950617 0.0171875
1 0.7690972222222222 0.12890625 0.002700617283950617 0.0171875
1 0.7447916666666666 0.128125 0.002700617283950617 0.015625
1 0.7393904320987654 0.128125 0.002700617283950617 0.015625
1 0.7472993827160493 0.12265625 0.0023148148148148147 0.0140625
1 0.7619598765432098 0.11796875 0.0023148148148148147 0.0140625
1 0.7762345679012346 0.11484375 0.0023148148148148147 0.0140625
1 0.7486496913580247 0.11953125 0.0019290123456790122 0.0109375
1 0.7563657407407407 0.11796875 0.0019290123456790122 0.0109375
1 0.8391203703703703 0.10390625 0.0023148148148148147 0.0109375
1 0.8703703703703703 0.0984375 0.0015432098765432098 0.0125
1 0.9888117283950617 0.0953125 0.0030864197530864196 0.015625
2 0.9851466049382716 0.27421875 0.022762345679012346 0.0921875
2 0.8703703703703703 0.23359375 0.015432098765432098 0.0734375
2 0.8070987654320988 0.2125 0.011574074074074073 0.059375
2 0.847608024691358 0.1859375 0.009259259259259259 0.05
2 0.8695987654320988 0.17109375 0.008487654320987654 0.0421875
2 0.8869598765432098 0.15625 0.007716049382716049 0.040625
2 0.8586033950617284 0.15078125 0.006558641975308642 0.0328125
2 0.8155864197530864 0.14765625 0.005401234567901234 0.0296875
2 0.7876157407407407 0.14375 0.004243827160493827 0.025
2 0.8099922839506173 0.13515625 0.004243827160493827 0.0234375
2 0.8352623456790124 0.12421875 0.0038580246913580245 0.0203125
2 0.8190586419753086 0.1234375 0.0030864197530864196 0.01875
2 0.794945987654321 0.1234375 0.002700617283950617 0.015625
2 0.7814429012345679 0.12109375 0.003472222222222222 0.0171875
2 0.7897376543209876 0.11953125 0.0023148148148148147 0.0140625
2 0.8047839506172839 0.11640625 0.0023148148148148147 0.0140625
2 0.8155864197530864 0.11171875 0.0023148148148148147 0.0140625
2 0.8005401234567902 0.11171875 0.0023148148148148147 0.0140625
2 0.8250385802469136 0.1078125 0.0019290123456790122 0.0125
2 0.8591820987654321 0.10390625 0.0023148148148148147 0.0140625
2 0.8813657407407407 0.10078125 0.002700617283950617 0.0140625
2 0.8983410493827161 0.10078125 0.0019290123456790122 0.0140625
2 0.9045138888888888 0.1015625 0.0019290123456790122 0.0125
2 0.9112654320987654 0.103125 0.0023148148148148147 0.0125
2 0.9193672839506173 0.10390625 0.0023148148148148147 0.0140625
2 0.9311342592592593 0.1046875 0.002700617283950617 0.015625
2 0.9436728395061729 0.10703125 0.0023148148148148147 0.0171875
2 0.9567901234567902 0.10859375 0.0030864197530864196 0.0171875
2 0.9733796296296297 0.109375 0.0038580246913580245 0.021875
2 0.9963348765432098 0.11171875 0.005015432098765432 0.0265625