1 0.13908179012345678 0.76484375 0.057484567901234566 0.2640625
1 0.3258101851851852 0.48515625 0.024305555555555556 0.1140625
1 0.3869598765432099 0.3984375 0.015432098765432098 0.075
1 0.4184027777777778 0.35546875 0.011188271604938271 0.0546875
1 0.4801311728395062 0.3296875 0.008101851851851851 0.040625
1 0.5572916666666666 0.31875 0.0073302469135802465 0.0375
1 0.7096836419753086 0.315625 0.006558641975308642 0.034375
1 0.7980324074074074 0.31875 0.006558641975308642 0.034375
1 0.894483024691358 0.32578125 0.008101851851851851 0.0390625
2 0.9585262345679012 0.7234375 0.055169753086419755 0.21875
2 0.7243441358024691 0.478125 0.02353395061728395 0.1125
2 0.6471836419753086 0.3984375 0.015046296296296295 0.075
2 0.6087962962962963 0.3578125 0.010802469135802469 0.05625
2 0.7272376543209876 0.33203125 0.008487654320987654 0.0453125
2 0.8524305555555556 0.3390625 0.009645061728395061 0.046875
2 0.9849537037037037 0.35625 0.013117283950617283 0.05625