1 0.25540123456790126 0.60546875 0.040123456790123455 0.1765625
2 0.777391975308642 0.61484375 0.04243827160493827 0.1859375
2 0.5837191358024691 0.39453125 0.013888888888888888 0.0734375
2 0.6302083333333334 0.4546875 0.021219135802469136 0.103125
1 0.34992283950617287 0.42734375 0.018518518518518517 0.0859375
1 0.4085648148148148 0.371875 0.011574074074074073 0.059375
2 0.6124614197530864 0.35703125 0.010416666666666666 0.0546875
1 0.466820987654321 0.34921875 0.009259259259259259 0.0484375
2 0.6801697530864198 0.33359375 0.008487654320987654 0.0453125
2 0.9743441358024691 0.29609375 0.0073302469135802465 0.0359375
1 0.5381944444444444 0.33359375 0.007716049382716049 0.0421875
1 0.5327932098765432 0.2859375 0.0038580246913580245 0.021875
1 0.48572530864197533 0.28515625 0.0030864197530864196 0.0203125
2 0.7285879629629629 0.3203125 0.0073302469135802465 0.040625
1 0.6097608024691358 0.31640625 0.006558641975308642 0.0359375
1 0.47704475308641975 0.2734375 0.002700617283950617 0.015625
1 0.6493055555555556 0.29609375 0.005401234567901234 0.0296875
1 0.6167052469135802 0.290625 0.005015432098765432 0.028125
2 0.7687114197530864 0.30859375 0.006558641975308642 0.0359375
2 0.6929012345679012 0.2859375 0.004629629629629629 0.025
2 0.7287808641975309 0.290625 0.004629629629629629 0.028125
2 0.7611882716049383 0.29765625 0.005401234567901234 0.0328125
2 0.8238811728395061 0.28203125 0.005015432098765432 0.0265625
1 0.6595293209876543 0.30390625 0.005787037037037037 0.0328125
2 0.5970293209876543 0.28125 0.003472222222222222 0.01875
2 0.5464891975308642 0.28046875 0.003472222222222222 0.0203125
2 0.6998456790123457 0.26875 0.0030864197530864196 0.01875
1 0.8119212962962963 0.2703125 0.004243827160493827 0.021875
2 0.7515432098765432 0.275 0.0038580246913580245 0.021875
1 0.574266975308642 0.28671875 0.004243827160493827 0.0234375
2 0.501929012345679 0.28125 0.0030864197530864196 0.01875
2 0.7224151234567902 0.271875 0.003472222222222222 0.01875
1 0.44521604938271603 0.27421875 0.0030864197530864196 0.0171875
1 0.44733796296296297 0.28515625 0.003472222222222222 0.0203125
1 0.41782407407407407 0.28203125 0.0030864197530864196 0.0203125
2 0.48842592592592593 0.27578125 0.0030864197530864196 0.0171875
2 0.5252700617283951 0.27265625 0.002700617283950617 0.0171875
2 0.5684799382716049 0.26953125 0.002700617283950617 0.0171875
2 0.6799768518518519 0.26796875 0.002700617283950617 0.0171875
1 0.4230324074074074 0.28359375 0.003472222222222222 0.0203125
2 0.4683641975308642 0.278125 0.0030864197530864196 0.01875
2 0.6087962962962963 0.2671875 0.0023148148148148147 0.015625
2 0.7808641975308642 0.2765625 0.0038580246913580245 0.021875
1 0.5796682098765432 0.26640625 0.002700617283950617 0.0140625
2 0.47280092592592593 0.2796875 0.003472222222222222 0.01875
1 0.970679012345679 0.2828125 0.004629629629629629 0.025
1 0.5138888888888888 0.27109375 0.0023148148148148147 0.0140625
1 0.6213348765432098 0.265625 0.0019290123456790122 0.0125
1 0.7044753086419753 0.26328125 0.0023148148148148147 0.0171875
2 0.8825231481481481 0.2890625 0.005015432098765432 0.028125
2 0.6504629629629629 0.26796875 0.0030864197530864196 0.0203125
1 0.673804012345679 0.26171875 0.002700617283950617 0.0171875
1 0.7768132716049383 0.26796875 0.004243827160493827 0.0421875
1 0.7839506172839507 0.26875 0.005401234567901234 0.04375