2 0.4010416666666667 0.57421875 0.03742283950617284 0.1765625
2 0.390625 0.38125 0.017361111111111112 0.090625
2 0.3115354938271605 0.3015625 0.013503086419753086 0.065625
2 0.17611882716049382 0.24375 0.011959876543209876 0.059375
2 0.09047067901234568 0.20390625 0.010416666666666666 0.0515625
2 0.08526234567901235 0.18359375 0.007716049382716049 0.0421875
2 0.13097993827160495 0.18671875 0.008101851851851851 0.0390625
2 0.21257716049382716 0.2046875 0.006944444444444444 0.034375
2 0.2918595679012346 0.22734375 0.0073302469135802465 0.0359375
2 0.3917824074074074 0.26328125 0.008101851851851851 0.0421875
2 0.5237268518518519 0.3078125 0.008101851851851851 0.04375
2 0.6957947530864198 0.36328125 0.008873456790123456 0.0453125
2 0.8624614197530864 0.42890625 0.010416666666666666 0.0515625
1 0.8584104938271605 0.40234375 0.006944444444444444 0.0390625
1 0.7143132716049383 0.3515625 0.0073302469135802465 0.0375
1 0.5868055555555556 0.3125 0.006944444444444444 0.034375
1 0.4681712962962963 0.2734375 0.0073302469135802465 0.034375
1 0.37982253086419754 0.240625 0.005787037037037037 0.03125
1 0.2760416666666667 0.21015625 0.005787037037037037 0.0296875
1 0.15895061728395063 0.18125 0.006172839506172839 0.03125
1 0.023148148148148147 0.14921875 0.008487654320987654 0.0359375
1 0.01871141975308642 0.265625 0.019675925925925927 0.090625
1 0.01678240740740741 0.33046875 0.03279320987654321 0.1328125