2 0.043402777777777776 0.30625 0.013503086419753086 0.0625
2 0.203125 0.29140625 0.006558641975308642 0.0390625
2 0.3273533950617284 0.28125 0.008101851851851851 0.040625
2 0.43364197530864196 0.2859375 0.006172839506172839 0.034375
2 0.5383873456790124 0.3 0.008101851851851851 0.040625
2 0.5812114197530864 0.3265625 0.009645061728395061 0.053125
2 0.6020447530864198 0.36171875 0.013503086419753086 0.0703125
2 0.6327160493827161 0.4125 0.017746913580246913 0.090625
2 0.7255015432098766 0.5765625 0.03665123456790124 0.165625
1 0.1440972222222222 0.41015625 0.019675925925925927 0.0984375
1 0.1568287037037037 0.353125 0.015046296296296295 0.071875
1 0.19675925925925927 0.321875 0.011574074074074073 0.05625
1 0.27334104938271603 0.30546875 0.010416666666666666 0.0484375
1 0.36496913580246915 0.2984375 0.008487654320987654 0.04375
1 0.42650462962962965 0.30703125 0.008101851851851851 0.0421875
1 0.455054012345679 0.3234375 0.009645061728395061 0.053125
1 0.44386574074074076 0.3546875 0.011959876543209876 0.0625
1 0.4251543209876543 0.4078125 0.016203703703703703 0.08125
1 0.3757716049382716 0.56640625 0.031635802469135804 0.1609375