2 0.8713348765432098 0.7703125 0.062114197530864196 0.265625
2 0.6190200617283951 0.47734375 0.02507716049382716 0.1265625
2 0.6224922839506173 0.38828125 0.015817901234567902 0.0828125
2 0.6763117283950617 0.33515625 0.011574074074074073 0.0609375
2 0.7135416666666666 0.31015625 0.008873456790123456 0.0484375
2 0.7393904320987654 0.28984375 0.0073302469135802465 0.0390625
2 0.7584876543209876 0.27578125 0.006172839506172839 0.0328125
2 0.7714120370370371 0.2671875 0.005015432098765432 0.028125
2 0.7808641975308642 0.25859375 0.0038580246913580245 0.0234375
2 0.7889660493827161 0.25234375 0.0038580246913580245 0.0203125
2 0.7962962962962963 0.246875 0.0030864197530864196 0.01875
2 0.8113425925925926 0.2421875 0.0030864197530864196 0.01875
2 0.8396990740740741 0.23671875 0.003472222222222222 0.0203125
2 0.8910108024691358 0.234375 0.003472222222222222 0.01875
2 0.9469521604938271 0.2328125 0.003472222222222222 0.01875
2 0.9905478395061729 0.2453125 0.005015432098765432 0.028125
2 0.9386574074074074 0.253125 0.005401234567901234 0.028125
2 0.894483024691358 0.2609375 0.005787037037037037 0.03125
2 0.8591820987654321 0.275 0.007716049382716049 0.040625
2 0.8757716049382716 0.284375 0.008487654320987654 0.04375
2 0.9508101851851852 0.29921875 0.011188271604938271 0.0546875
1 0.11574074074074074 0.7828125 0.05632716049382716 0.265625
1 0.2532793209876543 0.5015625 0.028935185185185185 0.11875
1 0.3464506172839506 0.41484375 0.017746913580246913 0.0828125
1 0.46585648148148145 0.3578125 0.011959876543209876 0.059375
1 0.543016975308642 0.32421875 0.009645061728395061 0.0484375
1 0.5985725308641975 0.30234375 0.008101851851851851 0.0421875
1 0.6361882716049383 0.28828125 0.006944444444444444 0.0359375
1 0.6628086419753086 0.27734375 0.006172839506172839 0.0328125
1 0.685570987654321 0.26796875 0.005401234567901234 0.0265625
1 0.7037037037037037 0.26015625 0.004629629629629629 0.0234375
1 0.7201003086419753 0.25390625 0.003472222222222222 0.0203125
1 0.7332175925925926 0.25 0.003472222222222222 0.01875
1 0.7436342592592593 0.24453125 0.002700617283950617 0.0140625
1 0.7746913580246914 0.23828125 0.0023148148148148147 0.0140625
1 0.8177083333333334 0.2359375 0.002700617283950617 0.015625
1 0.8782793209876543 0.23203125 0.003472222222222222 0.0171875
1 0.9500385802469136 0.22890625 0.002700617283950617 0.0171875
1 0.9861111111111112 0.26640625 0.007716049382716049 0.0390625
1 0.996141975308642 0.27734375 0.006944444444444444 0.0390625