1 0.1271219135802469 0.79296875 0.059799382716049385 0.2828125
1 0.3269675925925926 0.484375 0.024305555555555556 0.11875
1 0.38773148148148145 0.3953125 0.014660493827160493 0.075
1 0.41242283950617287 0.35234375 0.010802469135802469 0.0546875
1 0.42843364197530864 0.32578125 0.008101851851851851 0.0421875
1 0.4390432098765432 0.3109375 0.006172839506172839 0.034375
1 0.4471450617283951 0.3 0.004629629629629629 0.028125
1 0.453125 0.2921875 0.004243827160493827 0.025
1 0.4573688271604938 0.28515625 0.003472222222222222 0.0203125
1 0.46161265432098764 0.2796875 0.003472222222222222 0.01875
1 0.4643132716049383 0.27578125 0.002700617283950617 0.0171875
1 0.4664351851851852 0.2734375 0.0030864197530864196 0.015625
1 0.4699074074074074 0.26953125 0.0023148148148148147 0.0140625
1 0.4737654320987654 0.26171875 0.0023148148148148147 0.0140625
1 0.4886188271604938 0.26328125 0.0019290123456790122 0.0109375
1 0.5133101851851852 0.2609375 0.0019290123456790122 0.0125
1 0.5418595679012346 0.26015625 0.0019290123456790122 0.0109375
1 0.566358024691358 0.2625 0.0015432098765432098 0.0125
1 0.6201774691358025 0.2640625 0.0019290123456790122 0.0125
1 0.6626157407407407 0.2671875 0.0019290123456790122 0.0125
1 0.6739969135802469 0.26953125 0.0023148148148148147 0.0140625
1 0.6865354938271605 0.271875 0.002700617283950617 0.015625
1 0.7013888888888888 0.27421875 0.0023148148148148147 0.0171875
1 0.7181712962962963 0.2796875 0.002700617283950617 0.01875
1 0.7378472222222222 0.2828125 0.003472222222222222 0.01875
1 0.7621527777777778 0.28828125 0.003472222222222222 0.0203125
1 0.7910879629629629 0.29453125 0.003472222222222222 0.0203125
1 0.8277391975308642 0.30078125 0.004243827160493827 0.0234375
1 0.8746141975308642 0.31171875 0.005401234567901234 0.0265625
1 0.9388503086419753 0.32578125 0.006558641975308642 0.0328125
2 0.9220679012345679 0.7671875 0.06018518518518518 0.25
2 0.7008101851851852 0.48359375 0.02353395061728395 0.1171875
2 0.6307870370370371 0.4 0.014660493827160493 0.078125
2 0.5962577160493827 0.3546875 0.010416666666666666 0.05625
2 0.5773533950617284 0.3296875 0.008101851851851851 0.04375
2 0.5642361111111112 0.3140625 0.006558641975308642 0.0375
2 0.5543981481481481 0.303125 0.005401234567901234 0.03125
2 0.5472608024691358 0.29453125 0.004243827160493827 0.0265625
2 0.5418595679012346 0.2890625 0.003472222222222222 0.021875
2 0.5378086419753086 0.28359375 0.0038580246913580245 0.0203125
2 0.5341435185185185 0.278125 0.003472222222222222 0.01875
2 0.5306712962962963 0.27265625 0.002700617283950617 0.0171875
2 0.5270061728395061 0.2703125 0.0023148148148148147 0.015625
2 0.5225694444444444 0.26484375 0.002700617283950617 0.0140625
2 0.5345293209876543 0.2640625 0.0019290123456790122 0.0125
2 0.5623070987654321 0.2640625 0.0019290123456790122 0.0125
2 0.5945216049382716 0.265625 0.0023148148148148147 0.0125
2 0.6151620370370371 0.26640625 0.0019290123456790122 0.0140625
2 0.6224922839506173 0.26875 0.0019290123456790122 0.015625
2 0.6323302469135802 0.27109375 0.0023148148148148147 0.0140625
2 0.6429398148148148 0.2734375 0.002700617283950617 0.015625
2 0.6552854938271605 0.27734375 0.003472222222222222 0.0203125
2 0.669945987654321 0.28203125 0.003472222222222222 0.0203125
2 0.6871141975308642 0.2859375 0.0038580246913580245 0.021875
2 0.7083333333333334 0.29140625 0.004629629629629629 0.0265625
2 0.7353395061728395 0.2984375 0.005401234567901234 0.028125
2 0.7700617283950617 0.30859375 0.006172839506172839 0.0328125
2 0.8165509259259259 0.32109375 0.0073302469135802465 0.0390625
2 0.8823302469135802 0.33984375 0.009259259259259259 0.0421875
2 0.9814814814814815 0.36875 0.012345679012345678 0.05625