1 0.004050925925925926 0.134375 0.005787037037037037 0.03125
1 0.046489197530864196 0.13359375 0.005015432098765432 0.0296875
1 0.04282407407407408 0.12890625 0.004629629629629629 0.0265625
1 0.006558641975308642 0.121875 0.004629629629629629 0.025
1 0.0013503086419753086 0.1015625 0.002700617283950617 0.015625
1 0.03665123456790124 0.10390625 0.0023148148148148147 0.0140625
1 0.06867283950617284 0.10859375 0.0038580246913580245 0.0171875
1 0.10165895061728394 0.1125 0.003472222222222222 0.015625
1 0.14486882716049382 0.11875 0.003472222222222222 0.015625
1 0.23842592592592593 0.13359375 0.0030864197530864196 0.0140625
1 0.2760416666666667 0.13984375 0.002700617283950617 0.0140625
1 0.3117283950617284 0.14765625 0.0023148148148148147 0.0140625
1 0.33757716049382713 0.15390625 0.0023148148148148147 0.0140625
1 0.3584104938271605 0.16015625 0.0023148148148148147 0.0140625
1 0.3933256172839506 0.16875 0.002700617283950617 0.015625
1 0.421875 0.17734375 0.002700617283950617 0.0171875
1 0.466820987654321 0.190625 0.0038580246913580245 0.021875
1 0.5044367283950617 0.20390625 0.004243827160493827 0.0234375
1 0.5146604938271605 0.21171875 0.004629629629629629 0.0265625
1 0.5067515432098766 0.21875 0.005015432098765432 0.028125
1 0.48842592592592593 0.2265625 0.006172839506172839 0.034375
1 0.5190972222222222 0.2609375 0.008873456790123456 0.046875
1 0.6390817901234568 0.30078125 0.011188271604938271 0.0578125
1 0.8111496913580247 0.3453125 0.013503086419753086 0.0625
2 0.3263888888888889 0.50390625 0.03780864197530864 0.1765625
2 0.21238425925925927 0.34765625 0.02507716049382716 0.1140625
2 0.14525462962962962 0.26640625 0.016589506172839507 0.0828125
2 0.10783179012345678 0.21953125 0.01273148148148148 0.0640625
2 0.08198302469135803 0.18359375 0.009645061728395061 0.0484375
2 0.06809413580246913 0.16015625 0.008101851851851851 0.0421875
2 0.07966820987654322 0.1515625 0.0073302469135802465 0.0375
2 0.1381172839506173 0.15 0.006172839506172839 0.03125
2 0.1419753086419753 0.1421875 0.005401234567901234 0.028125
2 0.09722222222222222 0.13046875 0.005401234567901234 0.0296875
2 0.03587962962962963 0.1203125 0.0038580246913580245 0.021875
2 0.02662037037037037 0.1125 0.0038580246913580245 0.021875
2 0.022762345679012346 0.1078125 0.0030864197530864196 0.01875
2 0.05092592592592592 0.109375 0.0030864197530864196 0.01875
2 0.09702932098765432 0.11796875 0.003472222222222222 0.0171875
2 0.1398533950617284 0.12265625 0.003472222222222222 0.0203125
2 0.1865354938271605 0.12890625 0.003472222222222222 0.0171875
2 0.23244598765432098 0.13515625 0.002700617283950617 0.0140625
2 0.9895833333333334 0.44453125 0.020061728395061727 0.0953125
2 0.6986882716049383 0.37265625 0.017746913580246913 0.0859375
2 0.5055941358024691 0.309375 0.01427469135802469 0.075
2 0.341820987654321 0.2328125 0.009259259259259259 0.05
2 0.33989197530864196 0.20859375 0.006172839506172839 0.0359375
2 0.3784722222222222 0.2078125 0.006944444444444444 0.0375
2 0.4072145061728395 0.20390625 0.005787037037037037 0.0328125
2 0.42804783950617287 0.1984375 0.004243827160493827 0.025
2 0.41647376543209874 0.1875 0.004243827160493827 0.025
2 0.38850308641975306 0.178125 0.0038580246913580245 0.021875
2 0.3601466049382716 0.1703125 0.003472222222222222 0.01875
2 0.3323688271604938 0.16171875 0.003472222222222222 0.0203125
2 0.30632716049382713 0.153125 0.0030864197530864196 0.01875
2 0.28858024691358025 0.14765625 0.0030864197530864196 0.0171875
2 0.2621527777777778 0.13984375 0.003472222222222222 0.0203125