1 0.09915123456790123 0.446875 0.03780864197530864 0.159375
2 0.5443672839506173 0.5484375 0.038580246913580245 0.18125
1 0.296875 0.32578125 0.01890432098765432 0.0890625
2 0.7359182098765432 0.2890625 0.008101851851851851 0.04375
2 0.5594135802469136 0.3203125 0.012345679012345678 0.06875
2 0.6911651234567902 0.25859375 0.005787037037037037 0.0328125
2 0.5553626543209876 0.38125 0.01890432098765432 0.1
2 0.7490354938271605 0.259375 0.005015432098765432 0.028125
2 0.7035108024691358 0.2703125 0.006558641975308642 0.0375
2 0.9760802469135802 0.375 0.013888888888888888 0.0625
2 0.5744598765432098 0.215625 0.0038580246913580245 0.021875
2 0.8134645061728395 0.32109375 0.010416666666666666 0.0515625
1 0.5084876543209876 0.20234375 0.0030864197530864196 0.0203125
1 0.4957561728395062 0.20546875 0.0038580246913580245 0.0203125
2 0.7079475308641975 0.25625 0.004629629629629629 0.028125
1 0.5470679012345679 0.2015625 0.0023148148148148147 0.015625
2 0.6186342592592593 0.21484375 0.003472222222222222 0.0203125
1 0.36612654320987653 0.28046875 0.013117283950617283 0.0640625
1 0.5412808641975309 0.2046875 0.0030864197530864196 0.01875
1 0.4106867283950617 0.25546875 0.009645061728395061 0.0484375
2 0.611304012345679 0.21796875 0.003472222222222222 0.0203125
1 0.8661265432098766 0.3125 0.007716049382716049 0.040625
2 0.7523148148148148 0.23203125 0.0030864197530864196 0.0171875
1 0.4849537037037037 0.21015625 0.0038580246913580245 0.0234375
1 0.8369984567901234 0.2796875 0.005015432098765432 0.028125
2 0.5958719135802469 0.20859375 0.002700617283950617 0.0171875
2 0.5794753086419753 0.196875 0.0023148148148148147 0.0125
2 0.722608024691358 0.22265625 0.0023148148148148147 0.0140625
1 0.8078703703703703 0.28828125 0.006172839506172839 0.0328125
2 0.6346450617283951 0.20390625 0.0023148148148148147 0.0140625
2 0.5615354938271605 0.284375 0.008101851851851851 0.05625
2 0.7849151234567902 0.2625 0.004243827160493827 0.025
2 0.8045910493827161 0.25234375 0.003472222222222222 0.0171875
1 0.8775077160493827 0.28203125 0.004243827160493827 0.0234375
1 0.5337577160493827 0.18828125 0.0019290123456790122 0.0109375
2 0.7006172839506173 0.21796875 0.0023148148148148147 0.0140625
1 0.7961033950617284 0.278125 0.005015432098765432 0.03125
2 0.7681327160493827 0.23828125 0.0030864197530864196 0.0171875
1 0.5248842592592593 0.1953125 0.0019290123456790122 0.015625
1 0.9058641975308642 0.2796875 0.0038580246913580245 0.01875
1 0.5526620370370371 0.19140625 0.0019290123456790122 0.0109375
2 0.8219521604938271 0.25859375 0.003472222222222222 0.0203125
2 0.6072530864197531 0.2 0.0023148148148148147 0.0125
2 0.7858796296296297 0.2453125 0.0030864197530864196 0.01875
1 0.8485725308641975 0.25625 0.002700617283950617 0.015625
2 0.8182870370370371 0.2640625 0.0038580246913580245 0.021875
1 0.5727237654320988 0.1921875 0.0019290123456790122 0.0125
1 0.4731867283950617 0.2171875 0.004243827160493827 0.025
2 0.5626929012345679 0.196875 0.002700617283950617 0.015625
2 0.7411265432098766 0.22734375 0.0023148148148148147 0.0140625
1 0.6116898148148148 0.2015625 0.0019290123456790122 0.0125
1 0.9027777777777778 0.2828125 0.0038580246913580245 0.021875
1 0.5916280864197531 0.196875 0.0019290123456790122 0.0125
2 0.5646219135802469 0.19921875 0.002700617283950617 0.0171875
1 0.8817515432098766 0.27109375 0.002700617283950617 0.0171875
1 0.8271604938271605 0.24921875 0.0023148148148148147 0.0140625
1 0.5173611111111112 0.19296875 0.0023148148148148147 0.0140625
2 0.9766589506172839 0.3453125 0.008873456790123456 0.04375
1 0.7092978395061729 0.21875 0.0019290123456790122 0.009375
2 0.6676311728395061 0.2125 0.002700617283950617 0.0125
1 0.640625 0.20546875 0.0019290123456790122 0.0109375
1 0.8020833333333334 0.24140625 0.0023148148148148147 0.0140625
2 0.5634645061728395 0.22421875 0.005015432098765432 0.0296875
1 0.519483024691358 0.18984375 0.002700617283950617 0.0140625