2 0.05594135802469136 0.35390625 0.016975308641975308 0.0734375
2 0.11284722222222222 0.3203125 0.011188271604938271 0.05625
2 0.10378086419753087 0.29765625 0.009259259259259259 0.0484375
2 0.2035108024691358 0.275 0.0073302469135802465 0.0375
2 0.2845293209876543 0.27109375 0.005787037037037037 0.0296875
2 0.3279320987654321 0.265625 0.004629629629629629 0.028125
2 0.33757716049382713 0.2421875 0.0030864197530864196 0.01875
2 0.39274691358024694 0.23671875 0.0023148148148148147 0.0140625
2 0.3873456790123457 0.234375 0.0023148148148148147 0.0125
2 0.40837191358024694 0.23125 0.0019290123456790122 0.0125
2 0.43962191358024694 0.23046875 0.0019290123456790122 0.0109375
2 0.4729938271604938 0.234375 0.0023148148148148147 0.0125
2 0.5077160493827161 0.23828125 0.0023148148148148147 0.0140625
2 0.517554012345679 0.23984375 0.002700617283950617 0.0140625
2 0.5210262345679012 0.2515625 0.002700617283950617 0.015625
2 0.5254629629629629 0.25859375 0.0030864197530864196 0.0171875
2 0.5287422839506173 0.265625 0.003472222222222222 0.01875
2 0.5329861111111112 0.2703125 0.003472222222222222 0.021875
2 0.5354938271604939 0.27265625 0.0038580246913580245 0.0234375
2 0.5383873456790124 0.2828125 0.005015432098765432 0.028125
2 0.5075231481481481 0.290625 0.0073302469135802465 0.034375
2 0.4807098765432099 0.30078125 0.006944444444444444 0.0390625
2 0.4990354938271605 0.31328125 0.0073302469135802465 0.0421875
2 0.5540123456790124 0.33046875 0.009259259259259259 0.0515625
2 0.5922067901234568 0.365625 0.012345679012345678 0.06875
2 0.638695987654321 0.440625 0.019675925925925927 0.1
2 0.7845293209876543 0.66484375 0.04282407407407408 0.2046875
1 0.12789351851851852 0.4125 0.021219135802469136 0.096875
1 0.27353395061728397 0.3625 0.013117283950617283 0.065625
1 0.2961033950617284 0.3265625 0.009645061728395061 0.05
1 0.24710648148148148 0.30703125 0.008101851851851851 0.0421875
1 0.2527006172839506 0.29375 0.006172839506172839 0.034375
1 0.3099922839506173 0.28359375 0.005787037037037037 0.0328125
1 0.3846450617283951 0.278125 0.004629629629629629 0.028125
1 0.4112654320987654 0.26328125 0.0038580246913580245 0.0234375
1 0.376929012345679 0.25546875 0.0030864197530864196 0.0203125
1 0.3690200617283951 0.25 0.002700617283950617 0.01875
1 0.3942901234567901 0.24921875 0.0030864197530864196 0.0171875
1 0.4315200617283951 0.24921875 0.002700617283950617 0.0171875
1 0.44386574074074076 0.246875 0.0019290123456790122 0.0125
1 0.4402006172839506 0.240625 0.0023148148148148147 0.015625
1 0.4288194444444444 0.2359375 0.0019290123456790122 0.0125
1 0.42496141975308643 0.2359375 0.0019290123456790122 0.0125
1 0.4347993827160494 0.234375 0.0023148148148148147 0.0125
1 0.4565972222222222 0.23515625 0.0019290123456790122 0.0109375
1 0.4747299382716049 0.2359375 0.0019290123456790122 0.0125
1 0.4841820987654321 0.2359375 0.0023148148148148147 0.0125
1 0.4839891975308642 0.24609375 0.002700617283950617 0.0171875
1 0.4816743827160494 0.24921875 0.002700617283950617 0.0171875
1 0.48032407407407407 0.2625 0.0038580246913580245 0.021875
1 0.47646604938271603 0.271875 0.004629629629629629 0.025
1 0.466820987654321 0.28046875 0.005401234567901234 0.0296875
1 0.41570216049382713 0.28984375 0.005787037037037037 0.0328125
1 0.3910108024691358 0.30078125 0.006558641975308642 0.0421875
1 0.40933641975308643 0.3296875 0.009259259259259259 0.053125
1 0.4236111111111111 0.36015625 0.012345679012345678 0.0640625
1 0.4074074074074074 0.43046875 0.017746913580246913 0.0953125
1 0.3229166666666667 0.64375 0.04089506172839506 0.196875