1 0.6118827160493827 0.23671875 0.0023148148148148147 0.0140625
1 0.6548996913580247 0.23828125 0.0019290123456790122 0.0140625
1 0.7258873456790124 0.240625 0.002700617283950617 0.015625
1 0.7409336419753086 0.24375 0.002700617283950617 0.015625
1 0.7494212962962963 0.24453125 0.002700617283950617 0.0171875
1 0.746141975308642 0.25390625 0.0038580246913580245 0.0203125
1 0.7918595679012346 0.25703125 0.004243827160493827 0.0234375
1 0.8493441358024691 0.2625 0.005015432098765432 0.028125
1 0.9456018518518519 0.271875 0.006172839506172839 0.03125
1 0.9878472222222222 0.28203125 0.009645061728395061 0.0421875
1 0.1712962962962963 0.8015625 0.06172839506172839 0.259375
1 0.35281635802469136 0.47421875 0.025848765432098766 0.1203125
1 0.40489969135802467 0.38203125 0.015046296296296295 0.0796875
1 0.42920524691358025 0.334375 0.011188271604938271 0.059375
1 0.44579475308641975 0.30703125 0.008101851851851851 0.0453125
1 0.4537037037037037 0.2875 0.006172839506172839 0.034375
1 0.46315586419753085 0.275 0.005015432098765432 0.03125
1 0.4681712962962963 0.2671875 0.004243827160493827 0.025
1 0.47164351851851855 0.25859375 0.003472222222222222 0.0203125
1 0.47723765432098764 0.25546875 0.0030864197530864196 0.0203125
1 0.47858796296296297 0.24609375 0.002700617283950617 0.0171875
1 0.484375 0.24609375 0.002700617283950617 0.0171875
1 0.5067515432098766 0.24296875 0.002700617283950617 0.0171875
1 0.5329861111111112 0.240625 0.002700617283950617 0.015625
1 0.5646219135802469 0.2328125 0.0019290123456790122 0.0125
2 0.6456404320987654 0.240625 0.002700617283950617 0.015625
2 0.6788194444444444 0.2421875 0.002700617283950617 0.015625
2 0.6956018518518519 0.24453125 0.0030864197530864196 0.0171875
2 0.6902006172839507 0.24140625 0.0023148148148148147 0.0140625
2 0.6861496913580247 0.2515625 0.003472222222222222 0.01875
2 0.6907793209876543 0.25625 0.003472222222222222 0.021875
2 0.7376543209876543 0.26328125 0.004629629629629629 0.0265625
2 0.7883873456790124 0.26640625 0.005787037037037037 0.0296875
2 0.8466435185185185 0.27265625 0.006558641975308642 0.0359375
2 0.8665123456790124 0.28671875 0.007716049382716049 0.0421875
2 0.8890817901234568 0.30078125 0.008873456790123456 0.0484375
2 0.9421296296296297 0.32734375 0.013117283950617283 0.0609375
2 0.8805941358024691 0.68984375 0.053626543209876545 0.2390625
2 0.6981095679012346 0.45 0.02199074074074074 0.115625
2 0.6373456790123457 0.36875 0.013888888888888888 0.075
2 0.6049382716049383 0.32734375 0.010030864197530864 0.0546875
2 0.5841049382716049 0.30234375 0.007716049382716049 0.0453125
2 0.5698302469135802 0.284375 0.006172839506172839 0.0375
2 0.5619212962962963 0.27421875 0.005015432098765432 0.0296875
2 0.5543981481481481 0.2640625 0.004629629629629629 0.028125
2 0.5476466049382716 0.2578125 0.003472222222222222 0.021875
2 0.5432098765432098 0.2515625 0.0038580246913580245 0.021875
2 0.5657793209876543 0.2421875 0.002700617283950617 0.015625
2 0.6026234567901234 0.24140625 0.0023148148148148147 0.0140625