2 0.31037808641975306 0.26640625 0.005787037037037037 0.0390625
2 0.3308256172839506 0.26015625 0.006558641975308642 0.0359375
2 0.3609182098765432 0.25703125 0.005787037037037037 0.0328125
2 0.4070216049382716 0.259375 0.004629629629629629 0.028125
2 0.4243827160493827 0.25859375 0.0038580246913580245 0.0234375
2 0.4214891975308642 0.2515625 0.003472222222222222 0.021875
2 0.4002700617283951 0.24296875 0.003472222222222222 0.0203125
2 0.3732638888888889 0.23125 0.003472222222222222 0.01875
2 0.34683641975308643 0.22265625 0.0030864197530864196 0.0171875
2 0.31655092592592593 0.2125 0.002700617283950617 0.01875
2 0.2993827160493827 0.2046875 0.0023148148148148147 0.015625
2 0.29070216049382713 0.2015625 0.002700617283950617 0.015625
2 0.3088348765432099 0.203125 0.0019290123456790122 0.0125
2 0.33391203703703703 0.20625 0.0019290123456790122 0.0125
2 0.33892746913580246 0.20625 0.0019290123456790122 0.0125
2 0.32233796296296297 0.2015625 0.0019290123456790122 0.0125
2 0.328125 0.19765625 0.0019290123456790122 0.0109375
2 0.35108024691358025 0.20390625 0.0015432098765432098 0.0109375
2 0.37017746913580246 0.21015625 0.0019290123456790122 0.0109375
2 0.3871527777777778 0.215625 0.0019290123456790122 0.0125
2 0.4114583333333333 0.22265625 0.0019290123456790122 0.0109375
2 0.44502314814814814 0.23203125 0.0019290123456790122 0.0109375
2 0.46238425925925924 0.2390625 0.0019290123456790122 0.0125
2 0.4683641975308642 0.24296875 0.0023148148148148147 0.0140625
2 0.47608024691358025 0.246875 0.0023148148148148147 0.0125
2 0.48225308641975306 0.25078125 0.0023148148148148147 0.0140625
2 0.4930555555555556 0.25703125 0.0030864197530864196 0.0171875
2 0.5192901234567902 0.26640625 0.0030864197530864196 0.0171875
2 0.5484182098765432 0.278125 0.003472222222222222 0.01875
2 0.5733024691358025 0.28984375 0.0038580246913580245 0.0234375
2 0.589891975308642 0.31015625 0.004629629629629629 0.0265625
2 0.6381172839506173 0.33359375 0.006172839506172839 0.0328125
2 0.7339891975308642 0.36875 0.006558641975308642 0.0375
2 0.7941743827160493 0.39921875 0.008101851851851851 0.0453125
2 0.8275462962962963 0.43203125 0.011574074074074073 0.0578125
2 0.9108796296296297 0.48125 0.014660493827160493 0.06875
2 0.5179398148148148 0.89140625 0.04822530864197531 0.2140625
2 0.34953703703703703 0.4546875 0.022376543209876542 0.121875
1 0.13676697530864199 0.2546875 0.013503086419753086 0.059375
1 0.1712962962962963 0.234375 0.008487654320987654 0.04375
1 0.19791666666666666 0.2234375 0.007716049382716049 0.0375
1 0.9724151234567902 0.45703125 0.011959876543209876 0.0515625
1 0.9087577160493827 0.41875 0.008873456790123456 0.040625
1 0.8217592592592593 0.3828125 0.006944444444444444 0.034375
1 0.7106481481481481 0.34765625 0.006172839506172839 0.0328125
1 0.652391975308642 0.321875 0.004629629629629629 0.025
1 0.6537422839506173 0.31015625 0.003472222222222222 0.0171875
1 0.6265432098765432 0.29765625 0.0030864197530864196 0.0171875
1 0.5212191358024691 0.2578125 0.0023148148148148147 0.0125
1 0.49382716049382713 0.2484375 0.0023148148148148147 0.0125
1 0.47260802469135804 0.23984375 0.0023148148148148147 0.0109375
1 0.404320987654321 0.21796875 0.0015432098765432098 0.0109375
1 0.30401234567901236 0.1984375 0.0023148148148148147 0.015625
1 0.2681327160493827 0.18359375 0.0023148148148148147 0.0140625
1 0.27179783950617287 0.18671875 0.0019290123456790122 0.0140625
1 0.2559799382716049 0.1890625 0.002700617283950617 0.015625
1 0.2357253086419753 0.18828125 0.0030864197530864196 0.0171875
1 0.24382716049382716 0.19296875 0.0030864197530864196 0.0171875
1 0.2619598765432099 0.20078125 0.0038580246913580245 0.0203125
1 0.30343364197530864 0.215625 0.002700617283950617 0.01875
1 0.3244598765432099 0.2234375 0.0038580246913580245 0.021875
1 0.33796296296296297 0.23046875 0.0038580246913580245 0.0234375
1 0.3150077160493827 0.2328125 0.005015432098765432 0.028125
1 0.2644675925925926 0.228125 0.005787037037037037 0.03125
0 0.06346450617283951 0.27734375 0.02199074074074074 0.1453125
0 0.07908950617283951 0.26640625 0.017746913580246913 0.1453125
0 0.3132716049382716 0.32265625 0.019290123456790122 0.1296875
1 0.07310956790123457 0.3 0.01273148148148148 0.08125