2 0.8128858024691358 0.265625 0.005401234567901234 0.03125
2 0.8638117283950617 0.26796875 0.006172839506172839 0.0328125
2 0.9056712962962963 0.27578125 0.0073302469135802465 0.0359375
2 0.9197530864197531 0.30546875 0.010030864197530864 0.0578125
2 0.9056712962962963 0.33125 0.01273148148148148 0.0625
2 0.9274691358024691 0.37890625 0.017746913580246913 0.0828125
2 0.7191358024691358 0.50859375 0.031635802469135804 0.1453125
2 0.6365740740740741 0.3890625 0.016203703703703703 0.084375
2 0.6041666666666666 0.340625 0.010802469135802469 0.0625
2 0.5831404320987654 0.3125 0.008101851851851851 0.046875
2 0.5713734567901234 0.2953125 0.006944444444444444 0.040625
2 0.6014660493827161 0.2734375 0.004629629629629629 0.025
2 0.6633873456790124 0.26875 0.004243827160493827 0.025
2 0.7370756172839507 0.265625 0.004243827160493827 0.025
1 0.7399691358024691 0.2609375 0.0030864197530864196 0.01875
1 0.8082561728395061 0.26015625 0.0038580246913580245 0.0234375
1 0.8919753086419753 0.2609375 0.005401234567901234 0.028125
1 0.9789737654320988 0.26484375 0.0073302469135802465 0.0328125
1 0.35165895061728397 0.5296875 0.030478395061728395 0.14375
1 0.41242283950617287 0.3984375 0.016203703703703703 0.08125
1 0.44309413580246915 0.34140625 0.010416666666666666 0.0546875
1 0.45023148148148145 0.3171875 0.007716049382716049 0.04375
1 0.46026234567901236 0.2984375 0.006944444444444444 0.0375
1 0.4712577160493827 0.2875 0.005787037037037037 0.03125
1 0.49459876543209874 0.2765625 0.005401234567901234 0.028125
1 0.5420524691358025 0.2703125 0.004629629629629629 0.025
1 0.6053240740740741 0.26484375 0.0038580246913580245 0.0234375