2 0.08236882716049383 0.41953125 0.01890432098765432 0.0921875
2 0.3288966049382716 0.334375 0.01273148148148148 0.0625
2 0.5036651234567902 0.27109375 0.009645061728395061 0.0546875
2 0.6064814814814815 0.23515625 0.008487654320987654 0.0484375
2 0.6853780864197531 0.20625 0.009645061728395061 0.046875
2 0.7474922839506173 0.184375 0.009645061728395061 0.046875
2 0.7978395061728395 0.16796875 0.007716049382716049 0.0421875
2 0.8472222222222222 0.15078125 0.006172839506172839 0.0359375
2 0.8929398148148148 0.13828125 0.005787037037037037 0.0328125
2 0.9616126543209876 0.12421875 0.0073302469135802465 0.0359375
1 0.8942901234567902 0.24375 0.016975308641975308 0.078125
1 0.7444058641975309 0.2953125 0.017361111111111112 0.084375
1 0.6350308641975309 0.396875 0.026234567901234566 0.11875
1 0.48919753086419754 0.8 0.0625 0.28125
1 0.13406635802469136 0.47421875 0.025848765432098766 0.1203125
1 0.42766203703703703 0.35078125 0.01890432098765432 0.0859375
1 0.6032021604938271 0.28203125 0.01273148148148148 0.0609375
1 0.7075617283950617 0.2359375 0.011574074074074073 0.059375
1 0.7899305555555556 0.20078125 0.009645061728395061 0.0515625
1 0.8526234567901234 0.1765625 0.008487654320987654 0.04375
1 0.8962191358024691 0.16015625 0.008487654320987654 0.0390625
1 0.9398148148148148 0.14140625 0.006944444444444444 0.0359375