1 0.6265432098765432 0.25625 0.0030864197530864196 0.015625
1 0.6795910493827161 0.25859375 0.002700617283950617 0.0171875
1 0.734375 0.25859375 0.002700617283950617 0.0171875
1 0.7735339506172839 0.26171875 0.0038580246913580245 0.0203125
1 0.7980324074074074 0.26484375 0.004243827160493827 0.0234375
1 0.8148148148148148 0.26796875 0.0038580246913580245 0.0234375
1 0.8207947530864198 0.27578125 0.004243827160493827 0.0265625
1 0.8315972222222222 0.284375 0.005015432098765432 0.03125
1 0.9110725308641975 0.29375 0.008101851851851851 0.040625
1 0.2820216049382716 0.5796875 0.03935185185185185 0.16875
1 0.3748070987654321 0.42265625 0.02044753086419753 0.0953125
1 0.408179012345679 0.3546875 0.012345679012345678 0.065625
1 0.43171296296296297 0.321875 0.009259259259259259 0.05
1 0.44290123456790126 0.303125 0.006944444444444444 0.040625
1 0.45023148148148145 0.28828125 0.005401234567901234 0.0328125
1 0.45968364197530864 0.28125 0.005015432098765432 0.028125
1 0.46296296296296297 0.27109375 0.0038580246913580245 0.0234375
1 0.4704861111111111 0.26640625 0.004243827160493827 0.0234375
1 0.4988425925925926 0.2625 0.0038580246913580245 0.021875
1 0.5314429012345679 0.25859375 0.003472222222222222 0.0203125
1 0.5696373456790124 0.2578125 0.003472222222222222 0.01875
2 0.6714891975308642 0.2609375 0.003472222222222222 0.01875
2 0.7150848765432098 0.26328125 0.003472222222222222 0.0203125
2 0.7403549382716049 0.26328125 0.0030864197530864196 0.0203125
2 0.7372685185185185 0.27265625 0.0038580246913580245 0.0234375
2 0.7411265432098766 0.2796875 0.004629629629629629 0.028125
2 0.7563657407407407 0.28671875 0.006558641975308642 0.0359375
2 0.8389274691358025 0.3 0.0073302469135802465 0.040625
2 0.9361496913580247 0.3125 0.009645061728395061 0.05
2 0.7685185185185185 0.540625 0.032407407407407406 0.15625
2 0.6570216049382716 0.4078125 0.017746913580246913 0.09375
2 0.6086033950617284 0.35 0.011959876543209876 0.065625
2 0.5860339506172839 0.3203125 0.008487654320987654 0.05
2 0.5686728395061729 0.3 0.007716049382716049 0.040625
2 0.5561342592592593 0.2875 0.005787037037037037 0.03125
2 0.5489969135802469 0.27890625 0.004629629629629629 0.0296875
2 0.5441743827160493 0.2703125 0.004243827160493827 0.025
2 0.5727237654320988 0.2625 0.003472222222222222 0.021875
2 0.6174768518518519 0.2609375 0.003472222222222222 0.01875