1 0.6186342592592593 0.24375 0.002700617283950617 0.015625
1 0.6666666666666666 0.24609375 0.0023148148148148147 0.0140625
1 0.7474922839506173 0.24921875 0.002700617283950617 0.0171875
1 0.7667824074074074 0.2515625 0.003472222222222222 0.01875
1 0.7775848765432098 0.2578125 0.003472222222222222 0.021875
1 0.7837577160493827 0.265625 0.004243827160493827 0.025
1 0.8406635802469136 0.27109375 0.005401234567901234 0.0296875
1 0.9164737654320988 0.27890625 0.006558641975308642 0.0359375
1 0.040123456790123455 0.91171875 0.05092592592592592 0.1484375
1 0.3244598765432099 0.521875 0.030864197530864196 0.14375
1 0.3910108024691358 0.39609375 0.017361111111111112 0.0859375
1 0.4226466049382716 0.34453125 0.01273148148148148 0.0640625
1 0.4373070987654321 0.3109375 0.008873456790123456 0.05
1 0.451195987654321 0.29296875 0.0073302469135802465 0.0390625
1 0.4581404320987654 0.27890625 0.005787037037037037 0.0328125
1 0.46296296296296297 0.26953125 0.004629629629629629 0.0265625
1 0.4699074074074074 0.2640625 0.0038580246913580245 0.025
1 0.47183641975308643 0.25390625 0.0030864197530864196 0.0203125
1 0.47858796296296297 0.253125 0.003472222222222222 0.01875
1 0.5036651234567902 0.25 0.003472222222222222 0.01875
1 0.5326003086419753 0.24765625 0.002700617283950617 0.0171875
1 0.5675154320987654 0.24609375 0.0030864197530864196 0.0171875
2 0.6576003086419753 0.2484375 0.002700617283950617 0.015625
2 0.6956018518518519 0.25 0.0030864197530864196 0.01875
2 0.7154706790123457 0.25078125 0.003472222222222222 0.0203125
2 0.7104552469135802 0.24921875 0.002700617283950617 0.0171875
2 0.7098765432098766 0.2609375 0.0038580246913580245 0.025
2 0.7185570987654321 0.26875 0.005015432098765432 0.028125
2 0.779320987654321 0.2765625 0.005401234567901234 0.03125
2 0.8468364197530864 0.284375 0.006944444444444444 0.0375
2 0.9280478395061729 0.29453125 0.008873456790123456 0.0453125
2 0.9729938271604939 0.31640625 0.011574074074074073 0.0546875
2 0.9932484567901234 0.896875 0.01273148148148148 0.203125
2 0.732445987654321 0.49140625 0.025848765432098766 0.1296875
2 0.6494984567901234 0.384375 0.015817901234567902 0.084375
2 0.6086033950617284 0.33671875 0.011188271604938271 0.0609375
2 0.5841049382716049 0.3078125 0.008487654320987654 0.046875
2 0.5713734567901234 0.2921875 0.006172839506172839 0.034375
2 0.5603780864197531 0.27734375 0.005787037037037037 0.0328125
2 0.5515046296296297 0.26796875 0.004243827160493827 0.0265625
2 0.5462962962962963 0.26328125 0.0038580246913580245 0.0234375
2 0.5434027777777778 0.25546875 0.003472222222222222 0.0203125
2 0.5694444444444444 0.25 0.0030864197530864196 0.01875
2 0.6097608024691358 0.24765625 0.002700617283950617 0.0171875