2 0.9546682098765432 0.2921875 0.02662037037037037 0.1125
2 0.04456018518518518 0.4296875 0.022762345679012346 0.10625
2 0.21643518518518517 0.33515625 0.015432098765432098 0.0796875
2 0.3863811728395062 0.26953125 0.011188271604938271 0.0578125
2 0.5187114197530864 0.21953125 0.009645061728395061 0.0484375
2 0.607445987654321 0.1859375 0.0073302469135802465 0.040625
2 0.673804012345679 0.1625 0.0073302469135802465 0.0375
2 0.7177854938271605 0.14609375 0.005787037037037037 0.0328125
2 0.7554012345679012 0.1328125 0.004629629629629629 0.028125
2 0.78125 0.12265625 0.005401234567901234 0.0296875
2 0.8042052469135802 0.11484375 0.004243827160493827 0.0265625
2 0.8227237654320988 0.109375 0.003472222222222222 0.021875
2 0.8395061728395061 0.1046875 0.0030864197530864196 0.015625
2 0.8570601851851852 0.0984375 0.002700617283950617 0.015625
2 0.876929012345679 0.09140625 0.0030864197530864196 0.0171875
1 0.9481095679012346 0.10390625 0.005787037037037037 0.0296875
1 0.9068287037037037 0.115625 0.005015432098765432 0.03125
1 0.9126157407407407 0.125 0.006558641975308642 0.034375
1 0.9695216049382716 0.1328125 0.009259259259259259 0.04375
1 0.9400077160493827 0.1828125 0.01273148148148148 0.0625
1 0.7768132716049383 0.21875 0.013503086419753086 0.06875
1 0.6477623456790124 0.271875 0.016203703703703703 0.078125
1 0.5349151234567902 0.375 0.02353395061728395 0.1125
1 0.5177469135802469 0.68203125 0.05324074074074074 0.2546875
1 0.18036265432098766 0.4890625 0.03125 0.1375
1 0.38233024691358025 0.34765625 0.017746913580246913 0.0828125
1 0.5044367283950617 0.27109375 0.013503086419753086 0.0671875
1 0.6159336419753086 0.21875 0.010416666666666666 0.05
1 0.6971450617283951 0.18125 0.008487654320987654 0.04375
1 0.7590663580246914 0.15546875 0.006558641975308642 0.0359375
1 0.796875 0.13671875 0.005787037037037037 0.0328125
1 0.8277391975308642 0.125 0.004243827160493827 0.025
1 0.8493441358024691 0.1171875 0.003472222222222222 0.021875
1 0.8695987654320988 0.1078125 0.0030864197530864196 0.01875
1 0.8858024691358025 0.096875 0.0030864197530864196 0.01875
1 0.8987268518518519 0.09453125 0.003472222222222222 0.0203125
1 0.9128086419753086 0.0890625 0.0030864197530864196 0.021875
1 0.9502314814814815 0.08203125 0.0038580246913580245 0.0203125