2 0.9982638888888888 0.42421875 0.002700617283950617 0.0578125
1 0.8773148148148148 0.40625 0.010802469135802469 0.05
1 0.8090277777777778 0.3703125 0.008487654320987654 0.040625
1 0.7669753086419753 0.34609375 0.006172839506172839 0.0328125
1 0.7378472222222222 0.32890625 0.005015432098765432 0.0296875
1 0.7121913580246914 0.31484375 0.004629629629629629 0.0265625
1 0.6876929012345679 0.303125 0.004243827160493827 0.025
1 0.6545138888888888 0.28984375 0.003472222222222222 0.0203125
1 0.6105324074074074 0.27734375 0.003472222222222222 0.0203125
1 0.5659722222222222 0.27265625 0.0030864197530864196 0.0203125
1 0.5233410493827161 0.26875 0.003472222222222222 0.021875
1 0.48225308641975306 0.265625 0.0038580246913580245 0.021875
1 0.4351851851851852 0.2609375 0.0038580246913580245 0.025
1 0.38445216049382713 0.2578125 0.004243827160493827 0.025
1 0.3410493827160494 0.253125 0.005401234567901234 0.03125
1 0.24845679012345678 0.24140625 0.006172839506172839 0.0328125
1 0.13271604938271606 0.22578125 0.007716049382716049 0.0390625
2 0.3715277777777778 0.59765625 0.041666666666666664 0.1921875
2 0.2035108024691358 0.4671875 0.030478395061728395 0.134375
2 0.02970679012345679 0.21953125 0.010802469135802469 0.0515625
2 0.17515432098765432 0.23359375 0.008487654320987654 0.0453125
2 0.2752700617283951 0.24765625 0.0073302469135802465 0.0390625
2 0.3582175925925926 0.25859375 0.006558641975308642 0.0359375
2 0.43036265432098764 0.2671875 0.005015432098765432 0.03125
2 0.4664351851851852 0.27109375 0.005401234567901234 0.0296875
2 0.5034722222222222 0.27265625 0.004629629629629629 0.0265625
2 0.5387731481481481 0.275 0.004243827160493827 0.025
2 0.5684799382716049 0.2765625 0.003472222222222222 0.021875
2 0.5999228395061729 0.28046875 0.0038580246913580245 0.0234375
2 0.6217206790123457 0.28828125 0.003472222222222222 0.0203125
2 0.8314043209876543 0.42890625 0.012345679012345678 0.0671875
2 0.7384259259259259 0.371875 0.009259259259259259 0.053125
2 0.6948302469135802 0.340625 0.006944444444444444 0.040625
2 0.6685956790123457 0.3203125 0.005401234567901234 0.03125
2 0.6494984567901234 0.30703125 0.004243827160493827 0.0265625
2 0.6342592592592593 0.29609375 0.0038580246913580245 0.0234375
2 0.9855324074074074 0.5234375 0.015817901234567902 0.078125
0 0.9679783950617284 0.4875 0.020061728395061727 0.1625