1 0.6776620370370371 0.33515625 0.009645061728395061 0.0484375
1 0.6907793209876543 0.31640625 0.0073302469135802465 0.0390625
1 0.7025462962962963 0.3015625 0.005401234567901234 0.03125
1 0.7110339506172839 0.29140625 0.004629629629629629 0.0265625
1 0.7193287037037037 0.2828125 0.004243827160493827 0.025
1 0.7309027777777778 0.27890625 0.003472222222222222 0.0203125
1 0.7687114197530864 0.27265625 0.003472222222222222 0.0203125
1 0.7947530864197531 0.26875 0.0030864197530864196 0.01875
1 0.7714120370370371 0.26484375 0.002700617283950617 0.0171875
1 0.7432484567901234 0.265625 0.002700617283950617 0.015625
1 0.7332175925925926 0.2625 0.002700617283950617 0.015625
1 0.7384259259259259 0.2578125 0.0023148148148148147 0.0125
1 0.7482638888888888 0.25625 0.0019290123456790122 0.0125
1 0.769483024691358 0.259375 0.002700617283950617 0.015625
1 0.7939814814814815 0.2546875 0.0023148148148148147 0.0125
1 0.8171296296296297 0.25234375 0.0023148148148148147 0.0140625
1 0.8425925925925926 0.25234375 0.0023148148148148147 0.0140625
1 0.878858024691358 0.25078125 0.0023148148148148147 0.0140625
1 0.9731867283950617 0.25 0.003472222222222222 0.0125
1 0.6564429012345679 0.36171875 0.011959876543209876 0.0609375
1 0.6186342592592593 0.40703125 0.016589506172839507 0.0796875
1 0.5580632716049383 0.49140625 0.02353395061728395 0.1203125
1 0.3292824074074074 0.79375 0.05285493827160494 0.26875
2 0.9695216049382716 0.54609375 0.038580246913580245 0.1546875
2 0.8923611111111112 0.425 0.020833333333333332 0.096875
2 0.857445987654321 0.365625 0.013503086419753086 0.06875
2 0.8414351851851852 0.33828125 0.010802469135802469 0.0546875
2 0.8252314814814815 0.31796875 0.007716049382716049 0.0453125
2 0.8148148148148148 0.30234375 0.006172839506172839 0.0359375
2 0.8076774691358025 0.2890625 0.005015432098765432 0.03125
2 0.8026620370370371 0.28046875 0.004243827160493827 0.0265625
2 0.8126929012345679 0.2765625 0.004243827160493827 0.025
2 0.8570601851851852 0.271875 0.004243827160493827 0.021875
2 0.8634259259259259 0.26640625 0.0038580246913580245 0.0234375
2 0.8315972222222222 0.2640625 0.003472222222222222 0.021875
2 0.7907021604938271 0.2640625 0.002700617283950617 0.015625
2 0.7849151234567902 0.25859375 0.002700617283950617 0.0140625
2 0.8036265432098766 0.2546875 0.0023148148148148147 0.015625
2 0.8377700617283951 0.25234375 0.002700617283950617 0.0171875
2 0.8732638888888888 0.253125 0.002700617283950617 0.015625
2 0.9162808641975309 0.25 0.0038580246913580245 0.01875
2 0.9631558641975309 0.25234375 0.005015432098765432 0.0140625
2 0.9957561728395061 0.3046875 0.007716049382716049 0.040625
2 0.9955632716049383 0.25390625 0.003472222222222222 0.0171875
0 0.33719135802469136 0.334375 0.017746913580246913 0.125