2 0.9893904320987654 0.40859375 0.02044753086419753 0.1734375
2 0.7629243827160493 0.26875 0.016589506172839507 0.084375
2 0.7141203703703703 0.215625 0.011574074074074073 0.059375
2 0.7208719135802469 0.17890625 0.008101851851851851 0.0453125
2 0.779320987654321 0.1546875 0.007716049382716049 0.040625
2 0.8213734567901234 0.13984375 0.006172839506172839 0.0359375
2 0.8288966049382716 0.1296875 0.005787037037037037 0.03125
2 0.7980324074074074 0.12890625 0.004243827160493827 0.0265625
2 0.7623456790123457 0.128125 0.004629629629629629 0.025
2 0.7307098765432098 0.1296875 0.0038580246913580245 0.025
2 0.7391975308641975 0.1140625 0.0030864197530864196 0.01875
2 0.7554012345679012 0.109375 0.0030864197530864196 0.01875
2 0.7899305555555556 0.10234375 0.002700617283950617 0.0171875
2 0.8356481481481481 0.09609375 0.0030864197530864196 0.0171875
2 0.8663194444444444 0.09296875 0.003472222222222222 0.0203125
2 0.8532021604938271 0.09765625 0.002700617283950617 0.0171875
2 0.8184799382716049 0.10703125 0.003472222222222222 0.0203125
2 0.7872299382716049 0.11640625 0.003472222222222222 0.0203125
2 0.8011188271604939 0.1171875 0.003472222222222222 0.021875
2 0.8572530864197531 0.1140625 0.004629629629629629 0.028125
2 0.919945987654321 0.10859375 0.005015432098765432 0.0296875
2 0.9799382716049383 0.10625 0.006944444444444444 0.034375
2 0.9415509259259259 0.15390625 0.010416666666666666 0.0515625
2 0.9517746913580247 0.18359375 0.013117283950617283 0.0640625
1 0.5922067901234568 0.7890625 0.06172839506172839 0.3
1 0.5011574074074074 0.40703125 0.026234567901234566 0.1234375
1 0.49228395061728397 0.2984375 0.014660493827160493 0.078125
1 0.5231481481481481 0.234375 0.010030864197530864 0.053125
1 0.5837191358024691 0.1953125 0.007716049382716049 0.040625
1 0.6361882716049383 0.17265625 0.006944444444444444 0.0359375
1 0.7278163580246914 0.14375 0.005015432098765432 0.028125
1 0.699266975308642 0.1421875 0.004243827160493827 0.025
1 0.6714891975308642 0.14296875 0.004243827160493827 0.0234375
1 0.65625 0.1390625 0.0030864197530864196 0.01875
1 0.6608796296296297 0.134375 0.0030864197530864196 0.01875
1 0.6672453703703703 0.12890625 0.002700617283950617 0.0171875
1 0.6859567901234568 0.12421875 0.0030864197530864196 0.0140625
1 0.701195987654321 0.11796875 0.002700617283950617 0.0171875
1 0.732445987654321 0.11171875 0.002700617283950617 0.0171875
1 0.7839506172839507 0.10234375 0.0023148148148148147 0.0140625
1 0.8416280864197531 0.09296875 0.002700617283950617 0.0140625
1 0.8960262345679012 0.0859375 0.002700617283950617 0.01875
1 0.9311342592592593 0.084375 0.002700617283950617 0.0125
1 0.9278549382716049 0.0875 0.0038580246913580245 0.01875
1 0.8956404320987654 0.10234375 0.004243827160493827 0.0234375
1 0.9564043209876543 0.096875 0.004629629629629629 0.025
2 0.9780092592592593 0.128125 0.009259259259259259 0.046875