2 0.6984953703703703 0.51796875 0.03202160493827161 0.1484375
2 0.42804783950617287 0.43828125 0.02353395061728395 0.1078125
2 0.2806712962962963 0.39765625 0.019675925925925927 0.0953125
2 0.2760416666666667 0.35234375 0.015046296296296295 0.0734375
2 0.38290895061728397 0.32578125 0.010416666666666666 0.0546875
2 0.5013503086419753 0.3125 0.009645061728395061 0.046875
2 0.6060956790123457 0.3078125 0.007716049382716049 0.04375
2 0.701195987654321 0.31328125 0.008873456790123456 0.0453125
2 0.8252314814814815 0.33125 0.010802469135802469 0.053125
2 0.9826388888888888 0.37578125 0.016975308641975308 0.0703125
1 0.22067901234567902 0.75 0.05941358024691358 0.278125
1 0.14602623456790123 0.32421875 0.01427469135802469 0.0609375
1 0.31655092592592593 0.3015625 0.009645061728395061 0.046875
1 0.4683641975308642 0.29296875 0.007716049382716049 0.0359375
1 0.6003086419753086 0.290625 0.006172839506172839 0.034375
1 0.7224151234567902 0.29765625 0.0073302469135802465 0.0359375
1 0.8559027777777778 0.31875 0.009645061728395061 0.04375