2 0.9936342592592593 0.42109375 0.011959876543209876 0.1765625
2 0.7735339506172839 0.3171875 0.021604938271604937 0.109375
2 0.6548996913580247 0.27109375 0.015046296296296295 0.0796875
2 0.6691743827160493 0.18828125 0.008101851851851851 0.0453125
2 0.6911651234567902 0.1671875 0.0073302469135802465 0.0375
2 0.7233796296296297 0.15234375 0.006172839506172839 0.0328125
2 0.7881944444444444 0.13984375 0.006172839506172839 0.0328125
2 0.8798225308641975 0.12578125 0.0073302469135802465 0.0390625
2 0.9579475308641975 0.1234375 0.007716049382716049 0.040625
2 0.949266975308642 0.1390625 0.008873456790123456 0.046875
2 0.8823302469135802 0.165625 0.010802469135802469 0.053125
2 0.8188657407407407 0.20078125 0.013503086419753086 0.0640625
2 0.8902391975308642 0.23828125 0.01890432098765432 0.0828125
1 0.5466820987654321 0.746875 0.05709876543209876 0.275
1 0.4645061728395062 0.4578125 0.029320987654320986 0.146875
1 0.4220679012345679 0.3546875 0.019290123456790122 0.096875
1 0.4347993827160494 0.28984375 0.013117283950617283 0.0671875
1 0.49209104938271603 0.2390625 0.010416666666666666 0.053125
1 0.5345293209876543 0.20546875 0.008101851851851851 0.0421875
1 0.5852623456790124 0.18125 0.006172839506172839 0.034375
1 0.6221064814814815 0.1640625 0.005787037037037037 0.028125
1 0.6807484567901234 0.14921875 0.005015432098765432 0.0265625
1 0.7721836419753086 0.13203125 0.005015432098765432 0.0265625
2 0.6689814814814815 0.22265625 0.011574074074074073 0.0453125