2 0.8119212962962963 0.60234375 0.04050925925925926 0.1921875
2 0.6761188271604939 0.42890625 0.022762345679012346 0.1046875
2 0.49074074074074076 0.36875 0.016203703703703703 0.08125
2 0.35455246913580246 0.3203125 0.010802469135802469 0.059375
2 0.3001543209876543 0.29140625 0.008487654320987654 0.0453125
2 0.29070216049382713 0.2703125 0.006558641975308642 0.0375
2 0.33101851851851855 0.25859375 0.005401234567901234 0.0328125
2 0.3599537037037037 0.2515625 0.005401234567901234 0.028125
2 0.3626543209876543 0.246875 0.0038580246913580245 0.025
2 0.33564814814814814 0.2375 0.0038580246913580245 0.021875
2 0.3055555555555556 0.2390625 0.0038580246913580245 0.021875
2 0.2752700617283951 0.23671875 0.003472222222222222 0.0203125
2 0.26948302469135804 0.228125 0.002700617283950617 0.015625
2 0.2762345679012346 0.2234375 0.0030864197530864196 0.015625
2 0.2899305555555556 0.22265625 0.002700617283950617 0.0140625
2 0.3194444444444444 0.22109375 0.0023148148148148147 0.0140625
2 0.3568672839506173 0.221875 0.0023148148148148147 0.015625
2 0.38059413580246915 0.2234375 0.002700617283950617 0.015625
2 0.37210648148148145 0.2265625 0.002700617283950617 0.015625
2 0.3460648148148148 0.22890625 0.0030864197530864196 0.0171875
2 0.32233796296296297 0.23125 0.003472222222222222 0.01875
2 0.37962962962962965 0.2390625 0.0030864197530864196 0.021875
2 0.42322530864197533 0.24296875 0.0038580246913580245 0.0234375
2 0.46064814814814814 0.24609375 0.0038580246913580245 0.0234375
2 0.47974537037037035 0.2515625 0.005015432098765432 0.028125
2 0.44405864197530864 0.2703125 0.006172839506172839 0.034375
2 0.453125 0.28671875 0.0073302469135802465 0.0421875
2 0.5252700617283951 0.3078125 0.009645061728395061 0.05
2 0.6604938271604939 0.33515625 0.011574074074074073 0.0578125
2 0.8072916666666666 0.36171875 0.01427469135802469 0.0703125
1 0.2364969135802469 0.74921875 0.05941358024691358 0.2546875
1 0.36728395061728397 0.4671875 0.024691358024691357 0.125
1 0.20949074074074073 0.38203125 0.018518518518518517 0.0859375
1 0.13753858024691357 0.33046875 0.015046296296296295 0.0703125
1 0.11902006172839506 0.29375 0.011188271604938271 0.053125
1 0.15991512345679013 0.27109375 0.008101851851851851 0.0390625
1 0.2033179012345679 0.2578125 0.006172839506172839 0.034375
1 0.25829475308641975 0.2515625 0.005015432098765432 0.028125
1 0.2802854938271605 0.2453125 0.004243827160493827 0.025
1 0.25135030864197533 0.24140625 0.004243827160493827 0.0234375
1 0.22145061728395063 0.2375 0.0038580246913580245 0.021875
1 0.2023533950617284 0.2328125 0.004243827160493827 0.021875
1 0.2065972222222222 0.2265625 0.002700617283950617 0.015625
1 0.22395833333333334 0.2234375 0.002700617283950617 0.015625
1 0.23726851851851852 0.221875 0.0023148148148148147 0.0125
1 0.2667824074074074 0.2171875 0.0019290123456790122 0.0125
1 0.3126929012345679 0.221875 0.0019290123456790122 0.0125
1 0.3605324074074074 0.221875 0.0019290123456790122 0.0125
1 0.40219907407407407 0.225 0.002700617283950617 0.015625
1 0.4253472222222222 0.2265625 0.002700617283950617 0.015625
1 0.4050925925925926 0.234375 0.0030864197530864196 0.01875
1 0.3753858024691358 0.2328125 0.0023148148148148147 0.01875
1 0.44502314814814814 0.23828125 0.003472222222222222 0.0203125
1 0.49537037037037035 0.240625 0.0038580246913580245 0.021875
1 0.5329861111111112 0.24609375 0.004243827160493827 0.0234375
1 0.5619212962962963 0.25234375 0.004243827160493827 0.0234375
1 0.5561342592592593 0.2609375 0.005015432098765432 0.028125
1 0.5466820987654321 0.27265625 0.006172839506172839 0.0328125
1 0.5698302469135802 0.284375 0.007716049382716049 0.0375
1 0.6604938271604939 0.29609375 0.006944444444444444 0.0328125
1 0.7926311728395061 0.3203125 0.010416666666666666 0.05
1 0.9764660493827161 0.3484375 0.013888888888888888 0.059375
2 0.46219135802469136 0.25859375 0.004629629629629629 0.0296875