2 0.12210648148148148 0.36328125 0.027391975308641976 0.1234375
2 0.1431327160493827 0.28125 0.018518518518518517 0.084375
1 0.21508487654320987 0.20546875 0.010416666666666666 0.0484375
2 0.27662037037037035 0.584375 0.047839506172839504 0.209375
2 0.2679398148148148 0.24140625 0.01273148148148148 0.0640625
1 0.08854166666666667 0.225 0.013503086419753086 0.0625
1 0.2604166666666667 0.1875 0.006944444444444444 0.034375
2 0.34934413580246915 0.22734375 0.008873456790123456 0.0515625
2 0.12827932098765432 0.1796875 0.0073302469135802465 0.040625
2 0.22993827160493827 0.17578125 0.006172839506172839 0.0328125
1 0.19251543209876543 0.1875 0.007716049382716049 0.0375
2 0.37712191358024694 0.19453125 0.006558641975308642 0.0359375
2 0.41415895061728397 0.221875 0.0073302469135802465 0.04375
1 0.28800154320987653 0.19765625 0.0073302469135802465 0.0421875
2 0.40933641975308643 0.2078125 0.006944444444444444 0.0375
2 0.31114969135802467 0.1796875 0.005787037037037037 0.034375