1 0.4515625 0.56484375 0.07109375 0.325
1 0.55234375 0.45 0.0515625 0.23671875
0 0.5109375 0.55703125 0.04921875 0.1796875
0 0.68125 0.3484375 0.02421875 0.08828125
0 0.740625 0.2796875 0.01328125 0.06015625
0 0.77109375 0.23828125 0.01015625 0.04453125
0 0.78828125 0.21875 0.00859375 0.03828125
0 0.80625 0.2 0.00625 0.028125
0 0.8265625 0.18984375 0.00546875 0.025
0 0.8390625 0.18046875 0.0046875 0.021875
0 0.8453125 0.1703125 0.00390625 0.0171875
0 0.86484375 0.165625 0.00390625 0.01875
0 0.8828125 0.16328125 0.003125 0.01640625
0 0.93046875 0.16015625 0.003125 0.01640625
4 0.94296875 0.22421875 0.0109375 0.04140625
4 0.9328125 0.20390625 0.009375 0.03125
4 0.92734375 0.19375 0.00625 0.02578125
4 0.9265625 0.1828125 0.00625 0.02265625
4 0.94453125 0.17265625 0.00390625 0.01953125