0 0.26484375 0.33515625 0.01640625 0.0640625
4 0.790625 0.38515625 0.015625 0.053125
0 0.421875 0.33828125 0.0140625 0.0578125
0 0.54375 0.33671875 0.0109375 0.05
4 0.77265625 0.33828125 0.009375 0.03515625
0 0.58046875 0.28515625 0.00546875 0.025
0 0.078125 0.35234375 0.028125 0.0828125
4 0.7984375 0.35859375 0.01015625 0.04140625
4 0.79375 0.30625 0.00546875 0.0203125
4 0.7234375 0.3171875 0.0078125 0.0296875
0 0.61796875 0.32265625 0.00859375 0.03828125
4 0.48828125 0.50234375 0.03125 0.12578125
0 0.59140625 0.33203125 0.01015625 0.04453125
4 0.6984375 0.3046875 0.00625 0.02734375
0 0.60859375 0.28125 0.00390625 0.02265625
4 0.5515625 0.44140625 0.0234375 0.09375
0 0.69296875 0.2859375 0.00390625 0.0171875
4 0.74921875 0.409375 0.01796875 0.06640625
0 0.6421875 0.28125 0.0046875 0.01953125
4 0.91640625 0.32734375 0.00546875 0.0203125
0 0.90390625 0.31953125 0.00390625 0.0171875
0 0.60546875 0.3015625 0.00625 0.03125
0 0.8234375 0.3046875 0.003125 0.01640625
4 0.84296875 0.31328125 0.0046875 0.01875
4 0.71953125 0.29765625 0.0046875 0.021875
4 0.75390625 0.3 0.0046875 0.01953125
4 0.83203125 0.81484375 0.02265625 0.06640625
0 0.621875 0.31171875 0.0046875 0.03359375
4 0.70078125 0.29921875 0.00390625 0.02421875
0 0.75390625 0.29375 0.003125 0.0171875