4 0.66875 0.42109375 0.01640625 0.0640625
0 0.596875 0.35234375 0.009375 0.04140625
0 0.7203125 0.3671875 0.00859375 0.03671875
0 0.84609375 0.38828125 0.00859375 0.03359375
4 0.58125 0.4578125 0.0234375 0.09140625
4 0.83515625 0.4171875 0.01328125 0.04765625
0 0.3125 0.3578125 0.0171875 0.06640625
4 0.7515625 0.41171875 0.01484375 0.0546875
4 0.52578125 0.54375 0.034375 0.13046875
0 0.90234375 0.3703125 0.00546875 0.0203125
4 0.94765625 0.37421875 0.00625 0.01953125
0 0.86875 0.35859375 0.00390625 0.01953125
0 0.92109375 0.39453125 0.0078125 0.03046875
0 0.46796875 0.34765625 0.0125 0.04921875
0 0.93515625 0.390625 0.0078125 0.03125
0 0.93984375 0.36328125 0.0046875 0.01484375
0 0.06171875 0.41484375 0.025 0.11015625
0 0.85703125 0.34609375 0.00390625 0.01640625
4 0.9328125 0.36484375 0.00390625 0.0171875
0 0.884375 0.39296875 0.0078125 0.03125
0 0.921875 0.37734375 0.00625 0.02421875
0 0.82734375 0.3421875 0.003125 0.01953125
0 0.89765625 0.35390625 0.00390625 0.01640625
4 0.5640625 0.734375 0.05625 0.21875
4 0.91875 0.3640625 0.0046875 0.0171875
0 0.82890625 0.34453125 0.003125 0.01953125
0 0.93671875 0.3828125 0.00546875 0.021875