0 0.08984375 0.59375 0.03046875 0.10625
0 0.13359375 0.38359375 0.00625 0.01796875
0 0.83203125 0.3921875 0.01328125 0.025
0 0.72734375 0.38203125 0.009375 0.0203125
0 0.66875 0.378125 0.0078125 0.01796875
0 0.5765625 0.37421875 0.0078125 0.01484375
0 0.5109375 0.37109375 0.00546875 0.01328125
0 0.43515625 0.37109375 0.00546875 0.0140625
4 0.13515625 0.41875 0.0125 0.03125
4 0.125 0.39609375 0.01015625 0.021875
4 0.08515625 0.4078125 0.0125 0.0265625
4 0.22578125 0.42890625 0.0171875 0.03671875
4 0.23984375 0.3859375 0.009375 0.0203125
4 0.36953125 0.44609375 0.02109375 0.0453125
4 0.32578125 0.38203125 0.0078125 0.01796875
4 0.89765625 0.53984375 0.05390625 0.090625
4 0.7515625 0.4234375 0.0203125 0.03828125
4 0.6109375 0.47578125 0.03046875 0.06015625
4 0.634375 0.403125 0.0125 0.0296875
4 0.55546875 0.39296875 0.009375 0.02421875
4 0.49765625 0.38515625 0.0109375 0.021875
4 0.44765625 0.38046875 0.00859375 0.01875