4 0.85859375 0.66171875 0.04375 0.14921875
0 0.23515625 0.653125 0.046875 0.16953125
0 0.659375 0.44921875 0.01328125 0.05546875
4 0.8640625 0.5171875 0.0234375 0.08046875
0 0.6765625 0.4203125 0.009375 0.03984375
0 0.52734375 0.4984375 0.02109375 0.0796875
4 0.90234375 0.3921875 0.00703125 0.02265625
0 0.71171875 0.38125 0.0046875 0.021875
4 0.8109375 0.4078125 0.009375 0.03125
0 0.76171875 0.3796875 0.00546875 0.0203125
0 0.8125 0.37890625 0.00546875 0.0203125
4 0.871875 0.4609375 0.01171875 0.05625
0 0.67734375 0.40390625 0.0078125 0.03125
4 0.7828125 0.39765625 0.00703125 0.02734375
4 0.83203125 0.3859375 0.00546875 0.021875
0 0.86953125 0.38125 0.00546875 0.01953125
4 0.840625 0.42421875 0.0078125 0.03828125
0 0.67109375 0.3953125 0.00625 0.02734375
0 0.6703125 0.38515625 0.0046875 0.0203125
4 0.77734375 0.38828125 0.00703125 0.02265625
0 0.94609375 0.38671875 0.00625 0.02421875