2 0.48125 0.73203125 0.0703125 0.23125
2 0.7390625 0.41015625 0.0296875 0.1078125
2 0.88984375 0.20703125 0.00390625 0.02265625
2 0.896875 0.19765625 0.00390625 0.0203125
2 0.90234375 0.18984375 0.003125 0.01484375
2 0.928125 0.1828125 0.003125 0.01640625
1 0.86484375 0.22578125 0.00625 0.05625
1 0.85859375 0.2328125 0.0109375 0.0609375
4 0.8015625 0.3171875 0.01640625 0.06875
4 0.5109375 0.34296875 0.015625 0.06875
4 0.30546875 0.33515625 0.01171875 0.053125
4 0.24140625 0.3125 0.009375 0.03984375
4 0.26015625 0.28828125 0.00625 0.0296875
4 0.31171875 0.26875 0.00546875 0.025
4 0.3796875 0.2515625 0.00390625 0.0203125
4 0.44609375 0.2390625 0.00390625 0.01953125
4 0.53515625 0.2265625 0.003125 0.01875
4 0.62890625 0.21796875 0.00390625 0.01875
4 0.71640625 0.2125 0.0046875 0.0203125
4 0.80546875 0.2109375 0.00546875 0.021875
4 0.884375 0.2125 0.00546875 0.02734375
0 0.8296875 0.2578125 0.01015625 0.04375
0 0.703125 0.28046875 0.0109375 0.04765625
0 0.55546875 0.2953125 0.0109375 0.04921875
0 0.43203125 0.29609375 0.009375 0.0421875
0 0.371875 0.2875 0.00859375 0.0359375
0 0.3640625 0.275 0.00625 0.03046875
0 0.38828125 0.2625 0.00546875 0.02734375
0 0.43359375 0.25 0.0046875 0.02421875
0 0.48203125 0.240625 0.0046875 0.02265625
0 0.55 0.23125 0.0046875 0.021875
0 0.62265625 0.22421875 0.0046875 0.0203125
0 0.68984375 0.2203125 0.00546875 0.021875
0 0.75546875 0.21875 0.00546875 0.025
0 0.81171875 0.221875 0.00703125 0.028125
0 0.85234375 0.22890625 0.00703125 0.03125
0 0.86484375 0.24140625 0.00546875 0.03671875
2 0.90625 0.184375 0.003125 0.01640625