0 0.11171875 0.37734375 0.00859375 0.01796875
0 0.73671875 0.4625 0.02890625 0.06015625
0 0.26796875 0.43359375 0.01953125 0.04375
0 0.6171875 0.37890625 0.00859375 0.01953125
0 0.815625 0.3640625 0.0078125 0.01796875
0 0.45 0.41484375 0.0140625 0.03359375
0 0.45 0.38359375 0.00859375 0.0203125
0 0.50078125 0.4015625 0.00859375 0.0265625
0 0.7046875 0.37109375 0.00703125 0.01640625
0 0.28828125 0.37421875 0.0078125 0.01953125
0 0.38125 0.378125 0.00703125 0.01875
4 0.85703125 0.428125 0.01953125 0.0453125
4 0.6890625 0.4109375 0.015625 0.03671875
4 0.8546875 0.3703125 0.0109375 0.021875
4 0.0984375 0.37109375 0.009375 0.01875
4 0.403125 0.45859375 0.02421875 0.0640625
4 0.43046875 0.3734375 0.009375 0.01875
4 0.6953125 0.38203125 0.0078125 0.021875
4 0.63515625 0.39921875 0.01171875 0.03046875
4 0.7640625 0.37578125 0.009375 0.021875
4 0.31796875 0.36875 0.00703125 0.01796875
4 0.5078125 0.37890625 0.0078125 0.01875
2 0.28828125 0.55859375 0.04609375 0.10625
2 0.9078125 0.57578125 0.03515625 0.11484375
2 0.56171875 0.35390625 0.0046875 0.01171875
2 0.5453125 0.35390625 0.0046875 0.01328125
2 0.52890625 0.35390625 0.00546875 0.01328125
2 0.515625 0.37578125 0.00625 0.01640625
2 0.575 0.35234375 0.00546875 0.01171875
2 0.58125 0.35546875 0.00546875 0.01484375
2 0.5890625 0.3609375 0.00625 0.01484375
2 0.5953125 0.36796875 0.00703125 0.015625
2 0.60078125 0.37578125 0.0078125 0.01796875
1 0.490625 0.396875 0.01328125 0.04609375
1 0.5015625 0.390625 0.0125 0.04453125
1 0.63515625 0.38828125 0.0140625 0.0453125
1 0.64609375 0.39453125 0.015625 0.04921875