0 0.4140625 0.32734375 0.0140625 0.05546875
0 0.91796875 0.20234375 0.00625 0.02578125
0 0.27734375 0.29296875 0.0078125 0.03359375
0 0.4890625 0.3921875 0.01640625 0.0890625
0 0.378125 0.2546875 0.0046875 0.025
0 0.30625 0.31328125 0.0109375 0.04375
0 0.3125 0.2734375 0.00625 0.02734375
4 0.89453125 0.2171875 0.00859375 0.03359375
0 0.71953125 0.2109375 0.00625 0.021875
4 0.8078125 0.32734375 0.01953125 0.07265625
0 0.54453125 0.2265625 0.0046875 0.0203125
0 0.6296875 0.21875 0.0046875 0.01953125
4 0.42890625 0.26015625 0.00703125 0.0296875
4 0.77578125 0.2171875 0.00703125 0.02578125
4 0.50078125 0.24296875 0.00625 0.025
4 0.57734375 0.27890625 0.0109375 0.04453125
0 0.50078125 0.4734375 0.03125 0.125
4 0.6859375 0.29296875 0.01640625 0.05546875
0 0.4578125 0.346875 0.015625 0.0671875
4 0.4515625 0.275 0.009375 0.03671875
4 0.4234375 0.2703125 0.00859375 0.03515625
4 0.56015625 0.234375 0.00625 0.025
0 0.8125 0.20546875 0.00625 0.02421875
4 0.63515625 0.2265625 0.00625 0.025
0 0.4078125 0.69921875 0.0625 0.228125
4 0.70859375 0.2203125 0.00703125 0.02578125
0 0.459375 0.23984375 0.00546875 0.0203125
4 0.4609375 0.25 0.00625 0.02578125