0 0.521875 0.4546875 0.0109375 0.04921875
4 0.89765625 0.60625 0.03046875 0.1140625
0 0.5140625 0.5 0.01640625 0.071875
0 0.4890625 0.42734375 0.0078125 0.0359375
4 0.59921875 0.42578125 0.00859375 0.03125
4 0.7671875 0.503125 0.0171875 0.0671875
4 0.72109375 0.41953125 0.00625 0.02578125
4 0.89140625 0.4046875 0.0046875 0.01640625
0 0.36953125 0.63828125 0.0375 0.15078125
4 0.778125 0.41875 0.00625 0.02578125
0 0.8671875 0.44140625 0.009375 0.03515625
4 0.7296875 0.428125 0.00625 0.03046875
4 0.6859375 0.46171875 0.0125 0.04765625
0 0.684375 0.396875 0.0046875 0.0171875
0 0.50546875 0.40546875 0.00625 0.02578125
4 0.86875 0.40859375 0.00625 0.021875
0 0.93984375 0.43515625 0.0078125 0.02734375
4 0.6140625 0.41875 0.00859375 0.02578125
4 0.7703125 0.44140625 0.009375 0.03515625
4 0.89375 0.4203125 0.00625 0.021875
4 0.69921875 0.409375 0.00546875 0.02265625
0 0.75078125 0.3984375 0.0046875 0.01875
4 0.7640625 0.4078125 0.00546875 0.0203125
0 0.61328125 0.39453125 0.00546875 0.01953125
0 0.565625 0.3984375 0.00546875 0.0203125
4 0.64296875 0.4125 0.00625 0.02265625
4 0.94453125 0.4984375 0.0125 0.06015625
0 0.79296875 0.39765625 0.0046875 0.0171875
4 0.84609375 0.46171875 0.01015625 0.0453125
4 0.64375 0.44375 0.009375 0.03671875
0 0.8546875 0.43046875 0.0078125 0.028125
4 0.91328125 0.40546875 0.003125 0.01328125