0 0.26875 0.44765625 0.01953125 0.06875
0 0.128125 0.40234375 0.01640625 0.05625
0 0.375 0.5140625 0.02890625 0.09765625
4 0.74296875 0.48125 0.02265625 0.0796875
0 0.06171875 0.34296875 0.009375 0.03359375
0 0.2375 0.7609375 0.053125 0.171875
4 0.31484375 0.37578125 0.0109375 0.03828125
0 0.19296875 0.35234375 0.00859375 0.03046875
4 0.40546875 0.3453125 0.00625 0.021875
4 0.08203125 0.31171875 0.00546875 0.01953125
4 0.33671875 0.3203125 0.003125 0.0140625
4 0.11796875 0.303125 0.00390625 0.0171875
0 0.1796875 0.33125 0.00546875 0.02421875
0 0.146875 0.3671875 0.01015625 0.03828125
0 0.23671875 0.31484375 0.003125 0.0140625
0 0.3 0.340625 0.00546875 0.02265625
4 0.13359375 0.30078125 0.003125 0.01328125
4 0.29296875 0.32421875 0.003125 0.0171875
0 0.19140625 0.30078125 0.003125 0.01328125
4 0.3078125 0.31953125 0.003125 0.0171875
0 0.153125 0.3390625 0.00859375 0.028125
4 0.35078125 0.3171875 0.003125 0.01328125
4 0.09765625 0.32578125 0.00546875 0.021875
0 0.2265625 0.3234375 0.00390625 0.01640625
0 0.2734375 0.3484375 0.00625 0.02734375
4 0.34140625 0.3625 0.00703125 0.0296875
4 0.15625 0.296875 0.003125 0.0109375
4 0.3171875 0.33125 0.003125 0.01953125
4 0.14765625 0.29921875 0.003125 0.01484375
0 0.1640625 0.31328125 0.003125 0.0171875
0 0.28984375 0.31171875 0.00234375 0.01484375
4 0.32890625 0.31484375 0.00234375 0.01015625
0 0.21875 0.3171875 0.00390625 0.0171875
4 0.309375 0.303125 0.003125 0.0109375
4 0.38828125 0.3546875 0.00703125 0.025
4 0.54765625 0.43671875 0.0140625 0.06484375
4 0.09609375 0.30859375 0.003125 0.021875
0 0.2734375 0.33359375 0.00390625 0.01953125
4 0.90234375 0.653125 0.053125 0.1609375
4 0.3859375 0.396875 0.01328125 0.04765625
4 0.36484375 0.33984375 0.00546875 0.01953125
0 0.27421875 0.3140625 0.00390625 0.01484375
0 0.16796875 0.31875 0.0046875 0.01875
0 0.171875 0.309375 0.003125 0.01640625
0 0.18203125 0.30546875 0.00390625 0.01484375
4 0.1 0.3203125 0.00390625 0.02265625