4 0.42109375 0.59140625 0.05390625 0.18515625
4 0.175 0.4109375 0.034375 0.1171875
4 0.14140625 0.2296875 0.01171875 0.03828125
4 0.24296875 0.24140625 0.01171875 0.03671875
4 0.32734375 0.2546875 0.01015625 0.03671875
4 0.46015625 0.2828125 0.0109375 0.03984375
4 0.55078125 0.29921875 0.01015625 0.04140625
4 0.653125 0.31484375 0.01015625 0.03828125
4 0.73046875 0.32265625 0.009375 0.03515625
4 0.78203125 0.32421875 0.00859375 0.03125
4 0.809375 0.325 0.0078125 0.028125
0 0.26015625 0.228125 0.00859375 0.03046875
0 0.3671875 0.24609375 0.0078125 0.0296875
0 0.4734375 0.2671875 0.00859375 0.03046875
0 0.52109375 0.275 0.00703125 0.03046875
0 0.58515625 0.284375 0.00703125 0.0296875
0 0.634375 0.29140625 0.00703125 0.028125
0 0.66328125 0.29375 0.00625 0.02734375
0 0.69609375 0.2953125 0.00625 0.02421875
0 0.7109375 0.2953125 0.00546875 0.02421875
0 0.71640625 0.29375 0.00546875 0.02421875
0 0.70859375 0.28828125 0.00546875 0.01953125
0 0.7359375 0.28515625 0.00390625 0.01875
0 0.77578125 0.29296875 0.00390625 0.01640625
0 0.8703125 0.31328125 0.0046875 0.0171875
0 0.9296875 0.3234375 0.00546875 0.01875
4 0.9015625 0.32421875 0.00625 0.021875
4 0.79375 0.30625 0.00625 0.02265625
4 0.79765625 0.30234375 0.00390625 0.0203125
4 0.821875 0.30703125 0.00546875 0.0203125
0 0.70703125 0.28359375 0.00390625 0.0171875
0 0.8203125 0.30234375 0.003125 0.01875
4 0.8125 0.31484375 0.0046875 0.02265625
4 0.81484375 0.31953125 0.00546875 0.02578125
4 0.9484375 0.3328125 0.0046875 0.0203125
0 0.94765625 0.32578125 0.00390625 0.01875
0 0.8984375 0.31796875 0.003125 0.01875
0 0.140625 0.21328125 0.00859375 0.03125