0 0.86171875 0.43125 0.01328125 0.05234375
0 0.45078125 0.3828125 0.009375 0.0390625
0 0.65859375 0.409375 0.01015625 0.046875
4 0.3265625 0.3859375 0.009375 0.0390625
4 0.8078125 0.47578125 0.0234375 0.075
0 0.33984375 0.36328125 0.00859375 0.03125
4 0.7515625 0.6359375 0.0453125 0.1546875
0 0.553125 0.39453125 0.0078125 0.0390625
4 0.2390625 0.36875 0.00859375 0.028125
4 0.1546875 0.36328125 0.009375 0.03046875
0 0.06796875 0.35078125 0.0078125 0.02734375
4 0.57265625 0.4296875 0.01328125 0.0546875
1 0.80390625 0.353125 0.00546875 0.0328125
0 0.215625 0.3515625 0.0078125 0.0296875
4 0.2671875 0.55625 0.02890625 0.121875
4 0.42734375 0.40546875 0.0125 0.0453125
1 0.68046875 0.34921875 0.00546875 0.0171875