0 0.8015625 0.2921875 0.01640625 0.06328125
0 0.71484375 0.4203125 0.03203125 0.1171875
1 0.834375 0.23359375 0.01484375 0.06953125
2 0.8546875 0.21875 0.0078125 0.03359375
2 0.8734375 0.19375 0.00546875 0.021875
2 0.878125 0.18515625 0.00390625 0.01875
2 0.865625 0.2046875 0.00625 0.02578125
2 0.88203125 0.1796875 0.00390625 0.01640625
2 0.8859375 0.17421875 0.003125 0.0140625
0 0.840625 0.24375 0.00625 0.0421875
1 0.84140625 0.22734375 0.009375 0.0640625
2 0.8890625 0.17265625 0.003125 0.0140625
2 0.89140625 0.16875 0.003125 0.01171875