4 0.22109375 0.4609375 0.0328125 0.11328125
0 0.89609375 0.3703125 0.00859375 0.028125
4 0.225 0.28984375 0.01015625 0.0390625
0 0.159375 0.26328125 0.00859375 0.03046875
4 0.31796875 0.2953125 0.00859375 0.03359375
0 0.2703125 0.26953125 0.00625 0.02578125
4 0.43046875 0.30625 0.00625 0.02734375
4 0.7484375 0.3578125 0.00859375 0.0296875
0 0.3734375 0.28515625 0.00625 0.02421875
4 0.6359375 0.33984375 0.00625 0.02734375
0 0.67109375 0.32734375 0.00546875 0.02265625
0 0.575 0.31484375 0.00546875 0.021875
0 0.784375 0.34375 0.00625 0.02265625
4 0.69765625 0.7640625 0.03125 0.1671875
4 0.06328125 0.35390625 0.02265625 0.07265625
4 0.86484375 0.3828125 0.00859375 0.03046875
4 0.53125 0.32265625 0.00625 0.02578125
0 0.4734375 0.30078125 0.00546875 0.02265625
4 0.125 0.31015625 0.015625 0.05
0 0.053125 0.26796875 0.00859375 0.0359375
4 0.28046875 0.2328125 0.00234375 0.00859375
4 0.284375 0.234375 0.00234375 0.01015625
4 0.2890625 0.23515625 0.003125 0.01015625
4 0.29296875 0.23828125 0.00234375 0.0109375
1 0.459375 0.24921875 0.003125 0.01484375
1 0.46328125 0.24921875 0.003125 0.0171875
1 0.4703125 0.24921875 0.00234375 0.01875
1 0.46640625 0.25078125 0.003125 0.0140625
0 0.3015625 0.23125 0.0015625 0.0078125
0 0.309375 0.23359375 0.00234375 0.00859375
0 0.32265625 0.2328125 0.0015625 0.0078125
0 0.3328125 0.23515625 0.00234375 0.00859375
0 0.35078125 0.234375 0.0015625 0.0078125
0 0.3609375 0.23515625 0.0015625 0.00625
0 0.36328125 0.23515625 0.0015625 0.0078125