0 0.10625 0.30390625 0.01640625 0.06015625
0 0.721875 0.3078125 0.00625 0.028125
4 0.58359375 0.31171875 0.009375 0.04140625
0 0.934375 0.34921875 0.009375 0.03359375
0 0.60703125 0.2921875 0.00625 0.03046875
4 0.5015625 0.3109375 0.01015625 0.0453125
0 0.49765625 0.28125 0.00625 0.0328125
4 0.4234375 0.31953125 0.01171875 0.0546875
0 0.384375 0.278125 0.00859375 0.03671875
4 0.3421875 0.40078125 0.02265625 0.09140625
4 0.37109375 0.346875 0.01796875 0.0671875
0 0.8484375 0.33125 0.0078125 0.03125
4 0.40859375 0.5265625 0.04140625 0.146875
4 0.83359375 0.34375 0.009375 0.03828125
4 0.665625 0.3171875 0.009375 0.03671875
0 0.2625 0.28359375 0.0125 0.0453125
4 0.75625 0.3296875 0.009375 0.03828125