0 0.20078125 0.3625 0.02421875 0.07734375
0 0.31796875 0.32109375 0.01171875 0.05078125
0 0.41953125 0.29140625 0.00703125 0.03046875
4 0.52421875 0.434375 0.01875 0.08359375
4 0.53515625 0.296875 0.00625 0.02578125
1 0.3703125 0.29375 0.0140625 0.06484375
4 0.53515625 0.36640625 0.01171875 0.0546875
0 0.4296875 0.28046875 0.00625 0.02578125
4 0.54140625 0.615625 0.03515625 0.1640625
4 0.55625 0.3078125 0.00546875 0.028125
4 0.4546875 0.2703125 0.0046875 0.01953125
0 0.32578125 0.25078125 0.0046875 0.0203125
0 0.434375 0.28671875 0.00546875 0.028125
4 0.64921875 0.2875 0.003125 0.0140625
4 0.5046875 0.26484375 0.003125 0.01484375
4 0.7265625 0.29921875 0.003125 0.01171875
0 0.38828125 0.265625 0.00546875 0.02265625
4 0.8109375 0.31484375 0.003125 0.01171875
0 0.47890625 0.2578125 0.003125 0.01328125
0 0.59140625 0.27578125 0.00234375 0.01328125
4 0.61640625 0.28359375 0.00390625 0.01484375
0 0.35703125 0.25625 0.0046875 0.021875
1 0.3828125 0.290625 0.0078125 0.06171875
4 0.584375 0.2796875 0.003125 0.01484375
0 0.175 0.2171875 0.00390625 0.01875
0 0.41171875 0.27265625 0.00546875 0.02421875
0 0.77578125 0.30625 0.003125 0.0109375
4 0.78984375 0.31171875 0.003125 0.01171875
4 0.25703125 0.22578125 0.0046875 0.01484375
4 0.65625 0.2875 0.00390625 0.0140625
4 0.54765625 0.2734375 0.003125 0.01640625
0 0.803125 0.3109375 0.00234375 0.00859375
0 0.23125 0.21875 0.00390625 0.01484375
0 0.69375 0.29140625 0.00234375 0.0109375
4 0.4171875 0.2484375 0.003125 0.0140625
0 0.43125 0.2484375 0.003125 0.01171875
4 0.49765625 0.2828125 0.00546875 0.02265625
0 0.5703125 0.27265625 0.003125 0.01328125
4 0.28984375 0.23671875 0.00390625 0.0171875
1 0.54453125 0.328125 0.0125 0.0671875
4 0.3453125 0.23671875 0.003125 0.0140625
4 0.3609375 0.24921875 0.0046875 0.01875
0 0.784375 0.3078125 0.00234375 0.01171875
4 0.6375 0.28671875 0.003125 0.0140625
0 0.19296875 0.2234375 0.0046875 0.01875
4 0.91328125 0.33359375 0.003125 0.0109375
0 0.64296875 0.28125 0.00234375 0.01015625
0 0.73984375 0.3 0.003125 0.0109375
4 0.8375 0.31953125 0.003125 0.0109375
4 0.825 0.3171875 0.003125 0.01171875
4 0.75390625 0.3046875 0.00234375 0.01171875
0 0.7609375 0.3046875 0.00234375 0.0109375
0 0.86875 0.32421875 0.003125 0.00859375
0 0.603125 0.278125 0.00234375 0.01328125
4 0.2640625 0.23125 0.0046875 0.01875
0 0.61953125 0.27734375 0.00234375 0.01015625
4 0.41171875 0.26015625 0.00546875 0.0203125
4 0.27421875 0.22734375 0.00390625 0.01484375
0 0.24921875 0.23671875 0.00625 0.01875
0 0.28125 0.22421875 0.003125 0.0140625
4 0.884375 0.328125 0.003125 0.0109375
4 0.4703125 0.259375 0.00390625 0.0140625
0 0.61015625 0.278125 0.0015625 0.0109375
0 0.33125 0.23125 0.00234375 0.01328125
4 0.6671875 0.2875 0.00234375 0.01171875
4 0.94140625 0.33984375 0.003125 0.0109375
4 0.859375 0.3234375 0.00234375 0.01171875
0 0.52890625 0.26640625 0.003125 0.01328125
0 0.19140625 0.21484375 0.003125 0.01484375
0 0.5 0.2609375 0.003125 0.01328125
4 0.68359375 0.290625 0.003125 0.01171875
0 0.38125 0.23984375 0.00234375 0.01171875
0 0.5546875 0.2703125 0.003125 0.0140625
4 0.2515625 0.22734375 0.003125 0.0171875
0 0.83515625 0.3171875 0.00234375 0.01171875
0 0.72265625 0.296875 0.003125 0.0109375
4 0.3046875 0.23125 0.003125 0.0140625
4 0.55234375 0.3171875 0.00546875 0.03359375
3 0.05703125 0.1828125 0.003125 0.0109375
0 0.66875 0.28515625 0.0015625 0.00859375
0 0.91015625 0.33203125 0.003125 0.01015625
3 0.065625 0.18515625 0.003125 0.0109375
3 0.10390625 0.1890625 0.00234375 0.0109375
3 0.1171875 0.19140625 0.00234375 0.0109375
0 0.378125 0.30390625 0.00625 0.03828125
4 0.38359375 0.24296875 0.003125 0.0140625
1 0.5484375 0.32421875 0.00625 0.0671875
0 0.61171875 0.278125 0.0015625 0.0109375