0 0.12109375 0.5375 0.03515625 0.10546875
4 0.8171875 0.61953125 0.0484375 0.1546875
0 0.90390625 0.3828125 0.0109375 0.03828125
4 0.5359375 0.4953125 0.0265625 0.08671875
0 0.19609375 0.3828125 0.01015625 0.03828125
0 0.10859375 0.45078125 0.0171875 0.06640625
0 0.17265625 0.73671875 0.0609375 0.203125
4 0.40078125 0.44375 0.01875 0.06484375
4 0.79921875 0.40078125 0.0125 0.046875
4 0.69375 0.37734375 0.01015625 0.03671875
0 0.26484375 0.36328125 0.00625 0.0296875
4 0.36953125 0.346875 0.00625 0.01953125
0 0.6453125 0.3453125 0.0046875 0.0203125
0 0.7875 0.36484375 0.0078125 0.0328125
4 0.39140625 0.36171875 0.00625 0.028125
4 0.340625 0.39921875 0.0109375 0.04375
0 0.24765625 0.33984375 0.003125 0.01484375
0 0.1328125 0.40390625 0.01171875 0.04453125
4 0.5296875 0.34296875 0.00390625 0.01875
0 0.54453125 0.33125 0.003125 0.01640625
4 0.48671875 0.33359375 0.00390625 0.01484375
4 0.4015625 0.35234375 0.00625 0.02421875
4 0.44921875 0.32578125 0.003125 0.01328125
0 0.57109375 0.33515625 0.00390625 0.01484375
4 0.3234375 0.33828125 0.00390625 0.0171875
4 0.34140625 0.340625 0.0046875 0.01875
4 0.46953125 0.3296875 0.00390625 0.0140625
4 0.4234375 0.32265625 0.00234375 0.0109375
4 0.56171875 0.34921875 0.00625 0.021875
0 0.2859375 0.3328125 0.003125 0.01171875
0 0.60078125 0.33828125 0.00546875 0.01953125
0 0.28125 0.35 0.00546875 0.021875
0 0.2625 0.3359375 0.003125 0.01484375
4 0.61328125 0.36015625 0.0078125 0.028125
0 0.303125 0.35546875 0.00625 0.02421875
4 0.440625 0.32421875 0.003125 0.0109375
4 0.35390625 0.33125 0.0046875 0.0140625
4 0.3390625 0.33515625 0.003125 0.01484375
4 0.45859375 0.328125 0.00390625 0.01328125
4 0.3640625 0.32265625 0.0015625 0.0109375
4 0.50703125 0.3375 0.0046875 0.01875
0 0.496875 0.32421875 0.003125 0.01171875
4 0.3421875 0.32421875 0.00234375 0.0109375
0 0.52109375 0.328125 0.003125 0.01328125
4 0.375 0.37734375 0.0078125 0.0328125
0 0.30625 0.328125 0.003125 0.01328125
4 0.34765625 0.32734375 0.00390625 0.0109375
0 0.70234375 0.35390625 0.00703125 0.025
0 0.509375 0.3265625 0.003125 0.01171875
0 0.25078125 0.34375 0.00390625 0.01875