0 0.80703125 0.40234375 0.0125 0.03046875
0 0.65546875 0.396875 0.01328125 0.0265625
0 0.2484375 0.51484375 0.0359375 0.078125
0 0.55625 0.39375 0.0109375 0.02578125
0 0.48125 0.390625 0.01171875 0.02421875
0 0.1796875 0.4703125 0.02734375 0.05546875
0 0.1140625 0.665625 0.0734375 0.15
0 0.41484375 0.38125 0.0078125 0.01953125
0 0.4265625 0.38671875 0.0078125 0.01953125
0 0.4265625 0.37578125 0.00546875 0.015625
4 0.54140625 0.4328125 0.0171875 0.03828125
4 0.6 0.42109375 0.015625 0.03828125
4 0.75390625 0.42578125 0.01875 0.040625
4 0.7140625 0.45859375 0.025 0.053125
4 0.196875 0.41171875 0.01328125 0.0296875
4 0.34921875 0.40546875 0.0125 0.02890625
4 0.29765625 0.41796875 0.01328125 0.034375
4 0.4375 0.42421875 0.01796875 0.0390625
4 0.44609375 0.409375 0.01171875 0.0265625
4 0.91484375 0.521875 0.01953125 0.0859375
4 0.2796875 0.39609375 0.01015625 0.0265625
4 0.2578125 0.38671875 0.00859375 0.021875
4 0.15625 0.403125 0.01171875 0.02890625