4 0.3203125 0.3625 0.01640625 0.06875
4 0.4515625 0.51796875 0.03359375 0.125
0 0.18359375 0.27265625 0.0078125 0.03359375
0 0.334375 0.2734375 0.00546875 0.025
0 0.40703125 0.27421875 0.0046875 0.02265625
4 0.35078125 0.28671875 0.0078125 0.03046875
0 0.1109375 0.2859375 0.01015625 0.04140625
4 0.2984375 0.29296875 0.00859375 0.0359375
4 0.43671875 0.28984375 0.00546875 0.02578125
4 0.2859375 0.31328125 0.01015625 0.046875
0 0.9375 0.35625 0.00625 0.02265625
0 0.45234375 0.2734375 0.0046875 0.0203125
0 0.084375 0.1796875 0.003125 0.01484375
4 0.7359375 0.303125 0.003125 0.01484375
4 0.93046875 0.36484375 0.00625 0.02578125
4 0.5390625 0.27421875 0.003125 0.0171875
0 0.4625 0.25625 0.003125 0.01484375
0 0.74375 0.29921875 0.00234375 0.01328125
0 0.8859375 0.34375 0.00390625 0.0171875
0 0.21953125 0.2015625 0.003125 0.0140625
4 0.32109375 0.2203125 0.00234375 0.0140625
4 0.5125 0.26015625 0.003125 0.01640625
4 0.4328125 0.2421875 0.00234375 0.01171875
4 0.36875 0.228125 0.00234375 0.01328125
4 0.76015625 0.3125 0.003125 0.01640625
4 0.25078125 0.2046875 0.00234375 0.01171875
4 0.825 0.33515625 0.00390625 0.01953125
4 0.54609375 0.284375 0.0046875 0.0203125
0 0.17109375 0.19375 0.003125 0.01328125
4 0.059375 0.17109375 0.003125 0.01171875
4 0.48203125 0.25078125 0.003125 0.0140625
4 0.1921875 0.19375 0.00234375 0.01171875
4 0.51015625 0.28984375 0.0046875 0.021875
4 0.33671875 0.21328125 0.00234375 0.0109375
0 0.4703125 0.2671875 0.003125 0.0171875
0 0.28984375 0.21953125 0.00234375 0.01484375
0 0.25 0.2703125 0.00625 0.028125
1 0.83359375 0.32421875 0.00546875 0.02734375
1 0.8484375 0.32734375 0.00625 0.028125
4 0.2796875 0.21171875 0.00234375 0.01328125
0 0.25546875 0.21171875 0.003125 0.0140625
4 0.36640625 0.2171875 0.0015625 0.00859375
4 0.875 0.35078125 0.00625 0.02421875
0 0.33515625 0.22734375 0.003125 0.0140625
4 0.69609375 0.290625 0.00234375 0.0140625
4 0.26171875 0.20078125 0.00234375 0.0109375
4 0.71484375 0.2953125 0.003125 0.01640625
0 0.10625 0.175 0.00234375 0.01328125
0 0.7703125 0.31015625 0.003125 0.0140625
0 0.12890625 0.18671875 0.003125 0.01328125
4 0.5625 0.2515625 0.0015625 0.01171875
0 0.2359375 0.19375 0.0015625 0.01015625
4 0.4578125 0.2328125 0.00234375 0.01015625
0 0.8125 0.32265625 0.00390625 0.01640625
0 0.8390625 0.33125 0.00390625 0.01640625
4 0.67890625 0.28515625 0.00234375 0.01328125
4 0.3015625 0.2078125 0.00234375 0.01171875
4 0.5984375 0.26015625 0.0015625 0.01328125
0 0.4375 0.2453125 0.00234375 0.01484375
4 0.39609375 0.221875 0.0015625 0.0109375
0 0.0515625 0.165625 0.00234375 0.0078125
4 0.66015625 0.278125 0.00234375 0.0109375
4 0.23046875 0.196875 0.00234375 0.0109375
1 0.77734375 0.31328125 0.00625 0.028125
4 0.09765625 0.17421875 0.00234375 0.0109375
0 0.38671875 0.2359375 0.003125 0.01484375
0 0.3140625 0.20703125 0.00234375 0.01171875
1 0.78984375 0.3171875 0.00546875 0.028125
0 0.35 0.2125 0.0015625 0.01015625
0 0.27109375 0.2 0.00234375 0.0109375
4 0.428125 0.22734375 0.0015625 0.00859375
4 0.784375 0.3203125 0.00390625 0.0171875
4 0.19765625 0.19296875 0.0015625 0.01015625
0 0.19609375 0.18828125 0.00234375 0.0078125
4 0.62890625 0.26875 0.00234375 0.01328125
4 0.52109375 0.24375 0.0015625 0.01015625
4 0.1484375 0.184375 0.003125 0.01171875
0 0.3875 0.21875 0.0015625 0.0109375
4 0.49140625 0.23828125 0.00234375 0.01171875
0 0.50234375 0.240625 0.0015625 0.01015625
0 0.584375 0.25703125 0.0015625 0.01171875
0 0.61953125 0.26328125 0.00234375 0.0109375
0 0.684375 0.2796875 0.00234375 0.0109375
0 0.7140625 0.28984375 0.0015625 0.01171875