0 0.8375 0.3890625 0.0078125 0.03046875
0 0.75546875 0.50625 0.025 0.0859375
0 0.68046875 0.36328125 0.00390625 0.01953125
0 0.70859375 0.36875 0.00546875 0.021875
0 0.6703125 0.3609375 0.00390625 0.0171875
0 0.75625 0.375 0.00625 0.02578125
0 0.6875 0.36015625 0.00390625 0.01640625
4 0.90234375 0.38671875 0.00625 0.025
4 0.80390625 0.37421875 0.00546875 0.021875
0 0.88125 0.37890625 0.0046875 0.01640625
2 0.64296875 0.3453125 0.0046875 0.0171875
2 0.59765625 0.34296875 0.00390625 0.0140625
2 0.5515625 0.3390625 0.0046875 0.01484375
2 0.746875 0.35625 0.00390625 0.0171875
0 0.75078125 0.36484375 0.00390625 0.0171875