4 0.69609375 0.83359375 0.015625 0.028125
4 0.45078125 0.46953125 0.0234375 0.1046875
4 0.47890625 0.3765625 0.0140625 0.06171875
4 0.5546875 0.3421875 0.009375 0.04140625
4 0.59921875 0.32578125 0.00703125 0.03125
4 0.6265625 0.31640625 0.00546875 0.02578125
4 0.6640625 0.31640625 0.00546875 0.02421875
4 0.72578125 0.321875 0.0046875 0.021875
4 0.7734375 0.3234375 0.0046875 0.0203125
4 0.796875 0.3203125 0.00390625 0.01953125
4 0.83515625 0.32109375 0.00390625 0.01640625
4 0.8859375 0.3296875 0.00390625 0.01640625
4 0.95 0.3359375 0.003125 0.01484375
0 0.26015625 0.33203125 0.0140625 0.0578125
0 0.4 0.31328125 0.009375 0.0390625
0 0.446875 0.30703125 0.00703125 0.03359375
0 0.4859375 0.3015625 0.00625 0.0296875
0 0.5203125 0.29765625 0.00546875 0.025
0 0.57578125 0.29609375 0.0046875 0.0203125
0 0.63828125 0.30234375 0.00390625 0.0203125
0 0.6953125 0.30625 0.00390625 0.01953125
0 0.7375 0.3078125 0.00390625 0.0171875
0 0.78359375 0.3140625 0.003125 0.01484375
0 0.83125 0.31796875 0.003125 0.0140625
0 0.88984375 0.32265625 0.003125 0.0140625
0 0.925 0.3234375 0.003125 0.0140625