2 0.878125 0.20234375 0.00859375 0.028125
2 0.83828125 0.2546875 0.0125 0.04765625
2 0.8640625 0.221875 0.0109375 0.03515625
2 0.7875 0.3203125 0.01953125 0.07578125
2 0.73828125 0.38359375 0.0265625 0.10234375
2 0.7125 0.3796875 0.025 0.096875
2 0.90078125 0.17421875 0.00390625 0.01875
2 0.6171875 0.53984375 0.04609375 0.1671875
2 0.8953125 0.18046875 0.0046875 0.01953125
2 0.8875 0.18984375 0.00703125 0.02265625
2 0.9046875 0.17109375 0.003125 0.0140625
2 0.909375 0.1625 0.00234375 0.01171875
2 0.90625 0.165625 0.003125 0.0140625
2 0.91171875 0.16015625 0.0015625 0.01171875
2 0.9140625 0.1578125 0.00234375 0.01015625