0 0.24375 0.325 0.0171875 0.05859375
4 0.53828125 0.3640625 0.0140625 0.0546875
0 0.92265625 0.38359375 0.0078125 0.03046875
4 0.48359375 0.390625 0.01875 0.06875
0 0.85234375 0.36953125 0.0078125 0.03046875
4 0.46015625 0.4515625 0.02265625 0.09921875
4 0.640625 0.36015625 0.0109375 0.04453125
0 0.38046875 0.3125 0.0109375 0.0421875
4 0.9296875 0.4046875 0.0109375 0.0390625
4 0.80625 0.38046875 0.01015625 0.0390625
0 0.61640625 0.32734375 0.00703125 0.0328125
0 0.50625 0.315625 0.00859375 0.0359375
4 0.7 0.3640625 0.0109375 0.04140625
0 0.9125 0.35546875 0.0046875 0.01953125
0 0.05859375 0.384375 0.01953125 0.096875
4 0.52890625 0.62578125 0.04453125 0.16953125
0 0.92265625 0.34609375 0.003125 0.0140625
0 0.73359375 0.3453125 0.00703125 0.03046875
0 0.88984375 0.34140625 0.003125 0.01484375
0 0.88515625 0.34453125 0.00390625 0.0171875