0 0.6265625 0.57109375 0.046875 0.17734375
0 0.7796875 0.3375 0.01953125 0.075
4 0.63515625 0.26015625 0.00859375 0.0390625
1 0.8234375 0.25703125 0.01640625 0.0796875
1 0.83125 0.2515625 0.01015625 0.07265625
2 0.846875 0.23828125 0.009375 0.03515625
2 0.8578125 0.2203125 0.00703125 0.02734375
2 0.86640625 0.20703125 0.00625 0.02265625
2 0.86796875 0.1953125 0.003125 0.0171875
2 0.87109375 0.19921875 0.0046875 0.01953125
2 0.87421875 0.1953125 0.003125 0.0171875
2 0.8765625 0.19296875 0.003125 0.01640625
2 0.87890625 0.18828125 0.003125 0.01328125
2 0.88125 0.184375 0.003125 0.01171875
2 0.95 0.1953125 0.003125 0.0203125
2 0.946875 0.1921875 0.00390625 0.01875
2 0.94375 0.1890625 0.003125 0.0171875
2 0.93984375 0.18515625 0.00390625 0.01484375
2 0.9359375 0.18125 0.003125 0.01328125
2 0.93203125 0.178125 0.003125 0.0109375