0 0.8171875 0.4234375 0.0109375 0.03984375
0 0.1296875 0.4296875 0.009375 0.0390625
0 0.3046875 0.42265625 0.009375 0.03671875
4 0.76953125 0.45546875 0.01640625 0.05625
4 0.6046875 0.446875 0.0125 0.05
4 0.43359375 0.446875 0.0125 0.04765625
4 0.94453125 0.478125 0.01328125 0.0671875
2 0.38984375 0.37421875 0.0046875 0.01953125
0 0.4640625 0.41953125 0.00625 0.0328125
2 0.76953125 0.37109375 0.00390625 0.01640625
2 0.35390625 0.37421875 0.0046875 0.01953125
2 0.609375 0.3734375 0.00390625 0.01875
2 0.3109375 0.37578125 0.00390625 0.01875
2 0.44375 0.37421875 0.0046875 0.01953125
0 0.6328125 0.41796875 0.00859375 0.0359375
4 0.28203125 0.52421875 0.02578125 0.08515625
2 0.253125 0.375 0.00390625 0.01484375
2 0.53125 0.37421875 0.00390625 0.01875
2 0.68203125 0.37109375 0.00390625 0.01640625
4 0.07578125 0.459375 0.01640625 0.05078125
4 0.26484375 0.45 0.0125 0.05
4 0.51015625 0.56484375 0.03125 0.1078125
4 0.85625 0.74609375 0.0640625 0.20078125