0 0.684375 0.4765625 0.0421875 0.1421875
3 0.28984375 0.2453125 0.00625 0.02421875
3 0.3828125 0.2296875 0.0046875 0.01875
3 0.121875 0.24921875 0.0046875 0.01484375
3 0.21328125 0.2359375 0.003125 0.01328125
3 0.3890625 0.23671875 0.00546875 0.021875
3 0.3109375 0.228125 0.0046875 0.0171875
3 0.25078125 0.23828125 0.00390625 0.01640625
3 0.2546875 0.2375 0.003125 0.01640625
3 0.0703125 0.23671875 0.003125 0.01171875
3 0.0828125 0.23828125 0.003125 0.01328125
3 0.0796875 0.23984375 0.003125 0.01328125
3 0.07890625 0.24921875 0.003125 0.01171875
3 0.06953125 0.24921875 0.003125 0.01640625
3 0.05703125 0.246875 0.00234375 0.01484375
3 0.05859375 0.25234375 0.003125 0.0140625