0 0.05859375 0.46328125 0.01953125 0.1359375
0 0.26328125 0.3546875 0.0171875 0.071875
0 0.41875 0.32578125 0.0125 0.04921875
0 0.5640625 0.325 0.00859375 0.0390625
0 0.70546875 0.33828125 0.00859375 0.03515625
0 0.85078125 0.36171875 0.009375 0.03515625
4 0.4703125 0.5359375 0.034375 0.13671875
4 0.4890625 0.41015625 0.01953125 0.08125
4 0.5640625 0.37109375 0.01328125 0.06015625
4 0.6609375 0.36171875 0.0109375 0.04765625
4 0.77265625 0.3703125 0.01015625 0.0421875
4 0.89765625 0.390625 0.0109375 0.0421875
3 0.05078125 0.20625 0.003125 0.01875
3 0.14765625 0.21015625 0.003125 0.0171875
3 0.15625 0.215625 0.003125 0.01640625
3 0.2515625 0.2265625 0.003125 0.01640625
3 0.26484375 0.22421875 0.003125 0.01640625
3 0.3375 0.23984375 0.003125 0.0171875
3 0.37265625 0.24140625 0.003125 0.0171875
3 0.4078125 0.25546875 0.00390625 0.01953125
3 0.4515625 0.25703125 0.003125 0.01875
3 0.4875 0.27265625 0.00390625 0.021875
3 0.5234375 0.27265625 0.003125 0.01875