0 0.43984375 0.23359375 0.00390625 0.021875
0 0.64375 0.234375 0.00625 0.03125
0 0.753125 0.29921875 0.01484375 0.06171875
0 0.7296875 0.2453125 0.0078125 0.03828125
0 0.778125 0.27578125 0.01328125 0.05078125
0 0.7625 0.2578125 0.009375 0.0421875
0 0.68984375 0.23828125 0.00859375 0.0359375
0 0.59921875 0.23359375 0.00625 0.028125
0 0.42890625 0.22734375 0.003125 0.01875
0 0.8890625 0.18359375 0.003125 0.0171875
1 0.67421875 0.35625 0.021875 0.153125
4 0.87578125 0.23125 0.009375 0.0359375
0 0.4125 0.65078125 0.0578125 0.2109375
4 0.72421875 0.21796875 0.00625 0.02734375
0 0.50078125 0.23515625 0.00546875 0.02734375
4 0.58515625 0.20625 0.003125 0.01640625
0 0.84453125 0.18671875 0.003125 0.01640625
0 0.61875 0.1984375 0.003125 0.0140625
0 0.6640625 0.39609375 0.01796875 0.10078125
4 0.80390625 0.19375 0.00390625 0.01875
4 0.85703125 0.19140625 0.00546875 0.01953125
4 0.72890625 0.1953125 0.00390625 0.01640625
0 0.50078125 0.2109375 0.00390625 0.01484375
0 0.93046875 0.18046875 0.003125 0.0171875
4 0.65234375 0.21875 0.0046875 0.02421875
4 0.63515625 0.2015625 0.003125 0.01640625
4 0.79453125 0.22265625 0.00625 0.03046875
1 0.64453125 0.37734375 0.03828125 0.16875
4 0.51484375 0.21875 0.00390625 0.01953125
0 0.81328125 0.1875 0.003125 0.01640625
4 0.559375 0.221875 0.0046875 0.021875
4 0.528125 0.221875 0.0046875 0.021875
0 0.68125 0.19453125 0.00390625 0.01484375
4 0.546875 0.2109375 0.00390625 0.0171875
4 0.525 0.21328125 0.003125 0.01875
4 0.92578125 0.18671875 0.0046875 0.01953125
0 0.453125 0.21953125 0.003125 0.0171875
4 0.684375 0.19765625 0.0046875 0.0171875
0 0.74609375 0.18984375 0.003125 0.0140625
3 0.19921875 0.23046875 0.0015625 0.00859375
3 0.19296875 0.2328125 0.00234375 0.00859375
3 0.3921875 0.20859375 0.0015625 0.00859375
0 0.559375 0.2046875 0.003125 0.01484375