4 0.46796875 0.58046875 0.04609375 0.1671875
4 0.26953125 0.434375 0.02578125 0.10546875
4 0.11953125 0.3671875 0.02578125 0.0859375
4 0.08984375 0.23828125 0.009375 0.03359375
4 0.134375 0.23125 0.00625 0.02734375
4 0.13828125 0.22421875 0.0046875 0.02421875
4 0.11796875 0.21640625 0.00546875 0.021875
4 0.10859375 0.2109375 0.0046875 0.01953125
4 0.12109375 0.20859375 0.00390625 0.01953125
4 0.146875 0.2078125 0.00390625 0.0171875
4 0.18125 0.20859375 0.003125 0.01484375
4 0.21875 0.2109375 0.003125 0.01484375
4 0.25859375 0.21484375 0.003125 0.0140625
4 0.309375 0.2203125 0.003125 0.0140625
4 0.3390625 0.22421875 0.003125 0.01484375
4 0.378125 0.23046875 0.00390625 0.01484375
4 0.415625 0.23671875 0.003125 0.01640625
4 0.44609375 0.2421875 0.00390625 0.0171875
4 0.48359375 0.2484375 0.00390625 0.01640625
4 0.55703125 0.25859375 0.00390625 0.0171875
4 0.60859375 0.26484375 0.00390625 0.0171875
4 0.64453125 0.26875 0.00390625 0.01484375
4 0.66953125 0.26953125 0.00390625 0.01484375
4 0.6875 0.26875 0.003125 0.0140625
4 0.70546875 0.2703125 0.003125 0.01328125
4 0.73046875 0.2734375 0.003125 0.01171875
4 0.7625 0.27890625 0.003125 0.01171875
4 0.7984375 0.28359375 0.003125 0.01328125
4 0.83515625 0.28984375 0.003125 0.01328125
4 0.871875 0.29765625 0.003125 0.01328125
4 0.9046875 0.3046875 0.00390625 0.0140625
4 0.92109375 0.309375 0.00390625 0.0140625
4 0.94296875 0.3171875 0.00390625 0.01640625
0 0.08046875 0.2 0.00390625 0.0171875
0 0.13671875 0.20234375 0.003125 0.01484375
0 0.19609375 0.20625 0.003125 0.0140625
0 0.2546875 0.2109375 0.003125 0.01328125
0 0.31328125 0.2171875 0.003125 0.01328125
0 0.365625 0.22421875 0.003125 0.01328125
0 0.9015625 0.3 0.003125 0.01328125
0 0.459375 0.23828125 0.00234375 0.0140625