0 0.49609375 0.57734375 0.04140625 0.1609375
0 0.47421875 0.41875 0.02578125 0.08984375
0 0.45 0.35546875 0.015625 0.0609375
0 0.38515625 0.33203125 0.01171875 0.04921875
0 0.29609375 0.321875 0.009375 0.0390625
0 0.2046875 0.32421875 0.0078125 0.0328125
0 0.115625 0.33125 0.00703125 0.03046875
0 0.07890625 0.32734375 0.00625 0.02578125
0 0.0984375 0.3140625 0.00546875 0.021875
0 0.13046875 0.30234375 0.0046875 0.01953125
0 0.17578125 0.28828125 0.00390625 0.0171875
0 0.23359375 0.2765625 0.003125 0.01640625
0 0.29375 0.2703125 0.003125 0.0140625
0 0.59296875 0.23125 0.003125 0.01484375
0 0.65703125 0.22734375 0.003125 0.01640625
0 0.696875 0.225 0.00390625 0.0171875
0 0.73984375 0.22265625 0.00390625 0.01875
0 0.803125 0.21875 0.0046875 0.01953125
0 0.9109375 0.21328125 0.00625 0.02265625
4 0.834375 0.365625 0.02578125 0.08828125
4 0.65078125 0.30234375 0.01328125 0.05078125
4 0.51953125 0.28828125 0.00859375 0.03671875
4 0.40234375 0.28671875 0.00703125 0.03046875
4 0.30234375 0.29375 0.00625 0.02734375
4 0.21953125 0.30078125 0.00625 0.025
4 0.209375 0.29453125 0.00546875 0.021875
4 0.2359375 0.2828125 0.00546875 0.01953125
4 0.27421875 0.27578125 0.00390625 0.0171875
4 0.33203125 0.26953125 0.003125 0.01484375
4 0.38984375 0.26328125 0.003125 0.0140625
4 0.45078125 0.25625 0.003125 0.0140625
4 0.5109375 0.246875 0.003125 0.01484375
4 0.56484375 0.240625 0.003125 0.01640625
4 0.62578125 0.2375 0.00390625 0.01640625
4 0.696875 0.23359375 0.0046875 0.01953125
4 0.771875 0.23046875 0.00546875 0.021875
4 0.8265625 0.23125 0.00625 0.025
4 0.88359375 0.23671875 0.00703125 0.028125
4 0.94375 0.240625 0.009375 0.03359375