0 0.1078125 0.36015625 0.01796875 0.06640625
0 0.2984375 0.30390625 0.00625 0.0296875
0 0.32578125 0.29609375 0.00625 0.02734375
4 0.35 0.44921875 0.0203125 0.09140625
4 0.39296875 0.35546875 0.0125 0.04765625
0 0.20390625 0.32734375 0.0109375 0.046875
4 0.40859375 0.33515625 0.00859375 0.03984375
0 0.37109375 0.28046875 0.0046875 0.021875
4 0.83359375 0.39140625 0.0078125 0.03046875
4 0.46328125 0.6796875 0.05 0.18828125
4 0.37421875 0.38515625 0.0140625 0.06015625
4 0.42109375 0.31953125 0.00625 0.0328125
4 0.4296875 0.31015625 0.00546875 0.028125
0 0.25703125 0.3140625 0.0078125 0.03671875
1 0.4375 0.29609375 0.00703125 0.03984375
1 0.3421875 0.28125 0.00703125 0.04140625
0 0.34765625 0.28828125 0.00390625 0.025
0 0.38984375 0.27421875 0.00390625 0.01953125
0 0.4046875 0.2671875 0.003125 0.0171875
0 0.41484375 0.26328125 0.003125 0.01640625
0 0.428125 0.259375 0.00234375 0.0140625
0 0.44296875 0.2578125 0.00234375 0.01328125
0 0.45390625 0.2546875 0.00234375 0.0140625
1 0.4421875 0.2953125 0.00390625 0.03984375
4 0.4484375 0.2953125 0.00390625 0.021875
4 0.4578125 0.28828125 0.00390625 0.01875
4 0.46328125 0.28046875 0.003125 0.0171875
4 0.47109375 0.27421875 0.003125 0.01640625
4 0.47890625 0.26953125 0.003125 0.01484375
4 0.48515625 0.2671875 0.00234375 0.01328125
4 0.84140625 0.35234375 0.00390625 0.01640625
4 0.82890625 0.34375 0.003125 0.01640625
4 0.81796875 0.35390625 0.00390625 0.01875
0 0.85390625 0.34375 0.00390625 0.01484375
0 0.82265625 0.334375 0.003125 0.0140625
4 0.78125 0.36484375 0.00546875 0.02421875
4 0.790625 0.35703125 0.00546875 0.0203125
4 0.7921875 0.33125 0.003125 0.0140625
0 0.78671875 0.32421875 0.003125 0.01328125
0 0.88515625 0.3828125 0.0046875 0.02421875
0 0.8890625 0.37734375 0.00390625 0.021875
0 0.89453125 0.35859375 0.003125 0.01484375
0 0.928125 0.403125 0.00625 0.028125
0 0.91953125 0.38046875 0.00390625 0.021875
0 0.921875 0.37265625 0.00390625 0.0171875
1 0.35078125 0.2796875 0.0046875 0.0390625
0 0.4609375 0.2515625 0.00234375 0.01171875
0 0.4734375 0.25078125 0.0015625 0.0109375
0 0.484375 0.25234375 0.00234375 0.0109375
4 0.49375 0.2640625 0.0015625 0.0109375
4 0.5078125 0.26171875 0.0015625 0.0109375
0 0.5109375 0.2546875 0.0015625 0.01015625
0 0.55234375 0.26328125 0.0015625 0.01015625
4 0.53984375 0.26484375 0.0015625 0.01171875
4 0.58359375 0.27265625 0.0015625 0.01015625
0 0.5953125 0.27265625 0.0015625 0.0109375
4 0.628125 0.28203125 0.0015625 0.01171875
0 0.65546875 0.28515625 0.0015625 0.01015625
4 0.66953125 0.29375 0.0015625 0.01328125
0 0.6875 0.29375 0.0015625 0.01171875
4 0.7078125 0.30546875 0.00234375 0.01328125
0 0.71796875 0.30234375 0.00234375 0.01171875
0 0.753125 0.31328125 0.00234375 0.01171875
4 0.75078125 0.31796875 0.00234375 0.0140625