0 0.74765625 0.54140625 0.0515625 0.171875
3 0.221875 0.278125 0.0046875 0.021875
3 0.24609375 0.26015625 0.003125 0.01640625
3 0.7796875 0.17734375 0.00234375 0.00859375
3 0.29296875 0.2453125 0.003125 0.01484375
3 0.7515625 0.18125 0.0015625 0.01015625
3 0.95 0.16484375 0.0015625 0.01015625
3 0.15546875 0.27578125 0.00390625 0.01875
3 0.6171875 0.209375 0.003125 0.0140625
3 0.43125 0.22578125 0.003125 0.0140625
3 0.51328125 0.21640625 0.00234375 0.01328125
3 0.06953125 0.2984375 0.00546875 0.02265625
3 0.1078125 0.2609375 0.00234375 0.0109375
3 0.1203125 0.26640625 0.003125 0.01328125
3 0.12890625 0.275 0.003125 0.0171875
3 0.078125 0.26171875 0.00234375 0.0109375
3 0.2015625 0.2703125 0.00390625 0.0203125
3 0.33515625 0.2515625 0.003125 0.0203125
3 0.353125 0.23984375 0.003125 0.0171875
3 0.93359375 0.1765625 0.00234375 0.01015625
3 0.42578125 0.23125 0.003125 0.01640625
3 0.5265625 0.2203125 0.003125 0.01640625
3 0.5609375 0.209375 0.00234375 0.0140625
3 0.553125 0.203125 0.0015625 0.0109375
3 0.6078125 0.2 0.00234375 0.0109375
3 0.6265625 0.20234375 0.00234375 0.01328125
3 0.64609375 0.19296875 0.0015625 0.01015625