0 0.58359375 0.53359375 0.04765625 0.16484375
0 0.93671875 0.36328125 0.02890625 0.096875
0 0.85703125 0.28671875 0.01640625 0.06015625
0 0.75625 0.25859375 0.0125 0.0453125
0 0.684375 0.2390625 0.009375 0.03671875
0 0.6046875 0.2296875 0.0078125 0.0328125
0 0.5046875 0.22421875 0.00625 0.0296875
0 0.403125 0.22578125 0.00625 0.02578125
0 0.3078125 0.23125 0.00546875 0.02265625
0 0.24921875 0.2296875 0.0046875 0.021875
0 0.23984375 0.2234375 0.0046875 0.01875
0 0.2515625 0.2171875 0.003125 0.01640625
0 0.278125 0.2078125 0.003125 0.01640625
0 0.3203125 0.20234375 0.003125 0.0140625
0 0.728125 0.184375 0.003125 0.0140625
0 0.76640625 0.184375 0.003125 0.0140625
0 0.82109375 0.184375 0.003125 0.01640625
0 0.91171875 0.18515625 0.0046875 0.01875
4 0.9375 0.24375 0.01171875 0.04453125
4 0.784375 0.2203125 0.00859375 0.0328125
4 0.6609375 0.21171875 0.00703125 0.028125
4 0.54765625 0.20859375 0.00546875 0.02421875
4 0.45234375 0.21171875 0.0046875 0.02265625
4 0.36875 0.21484375 0.0046875 0.0203125
4 0.34140625 0.21171875 0.0046875 0.01875
4 0.34765625 0.2046875 0.00390625 0.0171875
4 0.36953125 0.20234375 0.003125 0.0140625
4 0.4109375 0.20078125 0.003125 0.0140625
4 0.509375 0.196875 0.003125 0.01328125
4 0.5640625 0.19296875 0.003125 0.01171875
4 0.6140625 0.18984375 0.003125 0.01328125
4 0.67109375 0.18984375 0.003125 0.0140625
4 0.73671875 0.1890625 0.003125 0.01484375
4 0.8015625 0.18984375 0.00390625 0.0171875
4 0.84921875 0.19296875 0.00390625 0.01875
4 0.90078125 0.19765625 0.0046875 0.021875
4 0.94921875 0.2015625 0.00390625 0.025