0 0.7859375 0.28125 0.02421875 0.05234375
0 0.61640625 0.26171875 0.0203125 0.0421875
0 0.78984375 0.2203125 0.01484375 0.02734375
0 0.73359375 0.23671875 0.0140625 0.03203125
0 0.75625 0.21328125 0.009375 0.02265625
0 0.46015625 0.196875 0.00703125 0.01484375
0 0.59609375 0.24375 0.0125 0.034375
0 0.2828125 0.184375 0.00625 0.01640625
0 0.3609375 0.19140625 0.00625 0.01640625
0 0.54609375 0.20078125 0.00625 0.01640625
0 0.496875 0.23515625 0.01171875 0.03203125
0 0.5125 0.2453125 0.01328125 0.0359375
0 0.05546875 0.175 0.0078125 0.01796875
0 0.1828125 0.1796875 0.00703125 0.0171875
4 0.55234375 0.4265625 0.04921875 0.1125
4 0.38671875 0.3125 0.02734375 0.06328125
4 0.65546875 0.36171875 0.034375 0.08671875
4 0.478125 0.30234375 0.02578125 0.0578125
4 0.303125 0.2640625 0.02109375 0.04453125
4 0.34765625 0.265625 0.01796875 0.04453125
4 0.25 0.2296875 0.01796875 0.034375
4 0.6234375 0.21875 0.01015625 0.0234375
4 0.33671875 0.2203125 0.01484375 0.02734375
4 0.540625 0.2234375 0.01015625 0.02578125
4 0.60234375 0.22578125 0.01015625 0.0265625
4 0.2078125 0.20859375 0.01171875 0.02734375
4 0.309375 0.23203125 0.0171875 0.034375
4 0.3875 0.21640625 0.0125 0.02421875
4 0.49140625 0.21953125 0.00859375 0.025
4 0.47109375 0.2046875 0.00859375 0.01953125
4 0.2640625 0.18984375 0.00703125 0.01796875
4 0.37109375 0.196875 0.00703125 0.01796875
4 0.43125 0.215625 0.009375 0.025
4 0.55859375 0.21015625 0.00859375 0.02265625
4 0.0875 0.1828125 0.009375 0.02109375
4 0.134375 0.1953125 0.0109375 0.02578125
4 0.16015625 0.184375 0.009375 0.0203125
2 0.590625 0.4453125 0.05625 0.11953125