4 0.2578125 0.36328125 0.01796875 0.0671875
0 0.8203125 0.31875 0.00703125 0.025
0 0.2421875 0.27578125 0.0078125 0.03046875
0 0.9375 0.33828125 0.00859375 0.028125
0 0.75625 0.3078125 0.00546875 0.02265625
0 0.16328125 0.2890625 0.0109375 0.0390625
4 0.3828125 0.2921875 0.00859375 0.03125
0 0.32109375 0.2625 0.00546875 0.0203125
0 0.7234375 0.3 0.00546875 0.021875
4 0.27890625 0.32734375 0.0140625 0.05
4 0.3421875 0.30546875 0.0109375 0.0390625
4 0.34140625 0.47734375 0.0328125 0.1140625
4 0.78125 0.32421875 0.0078125 0.0328125
4 0.47421875 0.26484375 0.003125 0.0171875
4 0.628125 0.28046875 0.003125 0.0171875
4 0.38515625 0.27890625 0.00703125 0.02734375
0 0.878125 0.29921875 0.003125 0.01171875
4 0.67578125 0.3 0.00625 0.02578125
4 0.4875 0.26015625 0.003125 0.01640625
0 0.36328125 0.25859375 0.00546875 0.01953125
0 0.9421875 0.31015625 0.003125 0.01171875
4 0.49921875 0.2578125 0.003125 0.01328125
0 0.4546875 0.24921875 0.003125 0.0140625
0 0.79453125 0.2953125 0.00390625 0.0171875
4 0.57109375 0.253125 0.0015625 0.0109375
4 0.52265625 0.25625 0.003125 0.0140625
4 0.91640625 0.30078125 0.003125 0.0109375
4 0.7453125 0.28125 0.00234375 0.01171875
0 0.7 0.2921875 0.0046875 0.0203125
4 0.85234375 0.290625 0.003125 0.01171875
0 0.77109375 0.2953125 0.0046875 0.01640625
4 0.6984375 0.28125 0.003125 0.01484375
4 0.63203125 0.28671875 0.00390625 0.021875
0 0.80703125 0.29140625 0.00234375 0.01328125
4 0.734375 0.284375 0.003125 0.0140625
0 0.41015625 0.2546875 0.00390625 0.01640625
4 0.54140625 0.25546875 0.00234375 0.01328125
4 0.39921875 0.26796875 0.00546875 0.0203125
4 0.59453125 0.253125 0.0015625 0.0109375
4 0.55625 0.25390625 0.00234375 0.01171875
0 0.43046875 0.25078125 0.003125 0.01484375
0 0.28125 0.26484375 0.00703125 0.02734375
4 0.653125 0.278125 0.003125 0.01484375
4 0.66171875 0.25625 0.00234375 0.01015625
4 0.43125 0.26796875 0.00390625 0.01875
4 0.9359375 0.29296875 0.00234375 0.01015625
0 0.821875 0.28984375 0.003125 0.0140625
0 0.48046875 0.2484375 0.003125 0.0140625
0 0.93125 0.29140625 0.00234375 0.00859375
0 0.58046875 0.25078125 0.0015625 0.01015625
4 0.64375 0.25625 0.00234375 0.01015625
0 0.7109375 0.2890625 0.00390625 0.0171875
0 0.525 0.24765625 0.00234375 0.01171875
4 0.79296875 0.2828125 0.003125 0.0109375
4 0.871875 0.28359375 0.0015625 0.00859375
4 0.815625 0.27578125 0.00234375 0.00859375
0 0.5484375 0.2484375 0.00234375 0.01015625
4 0.84296875 0.2796875 0.00078125 0.0078125
4 0.72421875 0.26171875 0.0015625 0.00859375
4 0.61875 0.2546875 0.0015625 0.0109375
0 0.50390625 0.24765625 0.003125 0.0109375
4 0.78515625 0.271875 0.0015625 0.00859375
4 0.7515625 0.2671875 0.0015625 0.0078125
0 0.60703125 0.2515625 0.0015625 0.01015625
0 0.76875 0.2671875 0.0015625 0.0078125
0 0.67109375 0.25625 0.0015625 0.00859375
4 0.7375 0.28203125 0.00234375 0.0140625
4 0.903125 0.2890625 0.0015625 0.00859375
0 0.80546875 0.29453125 0.003125 0.01328125
0 0.6359375 0.2546875 0.0015625 0.00859375
0 0.70078125 0.25859375 0.0015625 0.00859375
0 0.73203125 0.2609375 0.0015625 0.00859375
0 0.8046875 0.2734375 0.00234375 0.0078125
0 0.84140625 0.28046875 0.00078125 0.00625
0 0.87421875 0.28515625 0.0015625 0.0078125
4 0.69140625 0.2578125 0.00234375 0.01015625
0 0.9046875 0.2890625 0.00078125 0.00625