0 0.3203125 0.52421875 0.02890625 0.09765625
0 0.38203125 0.47734375 0.02265625 0.07421875
0 0.91484375 0.41015625 0.01015625 0.03984375
0 0.09921875 0.384375 0.0125 0.0421875
0 0.21171875 0.40234375 0.0125 0.04765625
4 0.6890625 0.49140625 0.021875 0.07421875
4 0.784375 0.434375 0.0125 0.05078125
4 0.71328125 0.40859375 0.01015625 0.03671875
0 0.37578125 0.41640625 0.0109375 0.05
4 0.25546875 0.38203125 0.0109375 0.03828125
4 0.659375 0.44765625 0.015625 0.05625
4 0.121875 0.34453125 0.00546875 0.021875
4 0.9140625 0.48515625 0.0203125 0.06875
0 0.62265625 0.38125 0.00625 0.028125
4 0.4734375 0.38125 0.00859375 0.0328125
4 0.6359375 0.39453125 0.00859375 0.0328125
4 0.1953125 0.3671875 0.00859375 0.03359375
4 0.3671875 0.3890625 0.00703125 0.03671875
4 0.76953125 0.59609375 0.03671875 0.125
0 0.7359375 0.38203125 0.0078125 0.0296875
4 0.5859375 0.41484375 0.0109375 0.04140625
0 0.3546875 0.36171875 0.00703125 0.02421875
4 0.165625 0.35 0.0078125 0.02578125
0 0.4234375 0.36875 0.0078125 0.028125
4 0.49375 0.39921875 0.01015625 0.04140625
0 0.0609375 0.33984375 0.00546875 0.02421875
0 0.22265625 0.34453125 0.00546875 0.02421875
0 0.13515625 0.3390625 0.00625 0.021875
4 0.3015625 0.36796875 0.0078125 0.0296875
0 0.528125 0.37421875 0.00625 0.02734375
0 0.18515625 0.34140625 0.00546875 0.021875
4 0.23046875 0.3578125 0.00625 0.02734375
0 0.4421875 0.4421875 0.01484375 0.0546875
0 0.28359375 0.353125 0.00625 0.02421875
4 0.10703125 0.35390625 0.00625 0.0296875
4 0.096875 0.34375 0.00546875 0.021875
4 0.5515625 0.38984375 0.009375 0.03125
4 0.3796875 0.37578125 0.00703125 0.02734375
0 0.8234375 0.3921875 0.00859375 0.03125
0 0.10234375 0.75390625 0.06484375 0.18828125