0 0.065625 0.5359375 0.03359375 0.1046875
0 0.3453125 0.40625 0.01015625 0.03984375
4 0.47734375 0.45546875 0.015625 0.0609375
0 0.2015625 0.39140625 0.01015625 0.0390625
0 0.4890625 0.36796875 0.00625 0.025
0 0.4671875 0.39375 0.00859375 0.03515625
4 0.65234375 0.3828125 0.0078125 0.0296875
0 0.06875 0.41875 0.015625 0.053125
4 0.34765625 0.33671875 0.00390625 0.01640625
4 0.5234375 0.3546875 0.0046875 0.01875
4 0.31953125 0.3421875 0.00390625 0.01875
0 0.32578125 0.38125 0.0078125 0.0328125
4 0.54609375 0.36328125 0.00546875 0.0203125
0 0.465625 0.34453125 0.00390625 0.0171875
4 0.6234375 0.39921875 0.009375 0.0359375
4 0.07734375 0.384375 0.009375 0.03984375
0 0.3703125 0.371875 0.00703125 0.028125
4 0.3 0.35625 0.00625 0.02265625
0 0.39921875 0.33984375 0.003125 0.01484375
4 0.559375 0.53984375 0.02890625 0.103125
4 0.54375 0.41875 0.0109375 0.0453125
0 0.4421875 0.35625 0.0046875 0.0203125
4 0.2953125 0.3484375 0.00546875 0.0203125
4 0.21171875 0.371875 0.00859375 0.0328125
4 0.54453125 0.35 0.00390625 0.0171875
4 0.60078125 0.37421875 0.00625 0.02421875
0 0.5125 0.38125 0.00625 0.0296875
0 0.41484375 0.33515625 0.003125 0.0140625
0 0.42890625 0.33125 0.003125 0.01328125
0 0.52890625 0.33984375 0.003125 0.0140625
0 0.440625 0.3484375 0.0046875 0.01875
4 0.2859375 0.36328125 0.00703125 0.02734375
0 0.2390625 0.4359375 0.0140625 0.0546875
0 0.38203125 0.36171875 0.00546875 0.02421875
0 0.37890625 0.35234375 0.0046875 0.021875
0 0.38359375 0.3453125 0.00390625 0.01953125
0 0.509375 0.34296875 0.003125 0.0140625
4 0.58046875 0.346875 0.00390625 0.01484375
4 0.5984375 0.3421875 0.00390625 0.01640625
4 0.575 0.33828125 0.003125 0.01328125
4 0.36875 0.33203125 0.00390625 0.01640625
4 0.3875 0.3296875 0.003125 0.0140625
4 0.4 0.32734375 0.003125 0.01171875
4 0.4109375 0.325 0.003125 0.0109375
4 0.41875 0.32421875 0.00234375 0.0109375
0 0.43828125 0.32890625 0.003125 0.01171875
0 0.446875 0.32734375 0.0015625 0.0109375
0 0.48671875 0.33125 0.00234375 0.01171875
0 0.4953125 0.32734375 0.0015625 0.0109375
0 0.48125 0.328125 0.00234375 0.0109375
0 0.51015625 0.33515625 0.00234375 0.01328125
4 0.54296875 0.3328125 0.00234375 0.01171875
4 0.559375 0.328125 0.00234375 0.0109375
4 0.56328125 0.32734375 0.0015625 0.00859375
4 0.5328125 0.33046875 0.0015625 0.00859375
4 0.4265625 0.32265625 0.0015625 0.00859375
4 0.4328125 0.32265625 0.0015625 0.00859375
4 0.4390625 0.32109375 0.00234375 0.01015625
4 0.44453125 0.31953125 0.0015625 0.00859375
0 0.45234375 0.32578125 0.00234375 0.01015625
0 0.521875 0.32734375 0.00234375 0.00859375
0 0.5296875 0.32421875 0.0015625 0.00859375
0 0.534375 0.32578125 0.0015625 0.00859375
0 0.4578125 0.32421875 0.00234375 0.0109375
0 0.46328125 0.32265625 0.00234375 0.01015625
0 0.4671875 0.321875 0.0015625 0.00859375
0 0.471875 0.3203125 0.0015625 0.0078125
4 0.46875 0.31875 0.0015625 0.0078125
4 0.453125 0.31953125 0.00234375 0.00859375
4 0.4921875 0.3203125 0.0015625 0.0078125
0 0.4875 0.3203125 0.0015625 0.00859375
0 0.51015625 0.32265625 0.0015625 0.0078125
4 0.51171875 0.321875 0.00234375 0.00859375
4 0.5453125 0.32265625 0.00234375 0.00859375
4 0.55625 0.32421875 0.0015625 0.01015625
4 0.54296875 0.3296875 0.00234375 0.0109375
4 0.5328125 0.3234375 0.0015625 0.01015625
0 0.52265625 0.32265625 0.0015625 0.00859375