0 0.203125 0.34453125 0.01953125 0.06953125
0 0.35078125 0.2734375 0.00703125 0.0296875
0 0.4140625 0.30625 0.009375 0.0359375
4 0.42734375 0.27734375 0.00546875 0.025
4 0.49453125 0.5296875 0.03203125 0.128125
4 0.546875 0.37265625 0.01484375 0.05625
0 0.3078125 0.26328125 0.00625 0.028125
4 0.48359375 0.29375 0.00625 0.02578125
4 0.5734375 0.3546875 0.009375 0.04453125
4 0.3640625 0.26328125 0.00625 0.02421875
4 0.5 0.41640625 0.0203125 0.08046875
0 0.21953125 0.24375 0.00625 0.02578125
0 0.39609375 0.31328125 0.009375 0.04140625
4 0.25703125 0.22890625 0.0046875 0.01640625
4 0.940625 0.34921875 0.003125 0.01328125
0 0.4046875 0.29375 0.00703125 0.03359375
4 0.2515625 0.23828125 0.00546875 0.0203125
4 0.38203125 0.2453125 0.003125 0.0140625
0 0.91875 0.34296875 0.003125 0.01171875
0 0.34296875 0.321875 0.0125 0.05
4 0.28671875 0.24609375 0.00390625 0.0203125
0 0.14140625 0.21875 0.00390625 0.021875
0 0.15859375 0.228125 0.00625 0.02421875
4 0.353125 0.24140625 0.00390625 0.01484375
4 0.23671875 0.23125 0.00546875 0.021875
4 0.53125 0.31015625 0.00703125 0.0296875
0 0.8765625 0.33515625 0.003125 0.01328125
0 0.19453125 0.21796875 0.00390625 0.01640625
4 0.571875 0.3359375 0.00625 0.03515625
0 0.3859375 0.284375 0.00625 0.03125
0 0.1609375 0.21640625 0.00390625 0.0171875
4 0.43203125 0.25546875 0.00390625 0.01484375
4 0.9015625 0.34296875 0.00390625 0.01171875
4 0.5265625 0.26953125 0.003125 0.01328125
4 0.50078125 0.26484375 0.003125 0.01484375
0 0.4984375 0.26015625 0.003125 0.01171875
4 0.55625 0.271875 0.003125 0.01328125
4 0.31640625 0.2359375 0.00390625 0.01484375
4 0.7796875 0.31484375 0.003125 0.01171875
4 0.54375 0.2703125 0.003125 0.01328125
0 0.42578125 0.25078125 0.003125 0.01484375
0 0.4859375 0.259375 0.003125 0.0140625
0 0.340625 0.23515625 0.003125 0.0140625
0 0.828125 0.3234375 0.003125 0.01171875
0 0.4453125 0.2546875 0.00390625 0.01484375
4 0.8578125 0.3328125 0.00390625 0.01328125
0 0.8046875 0.31875 0.00390625 0.01015625
0 0.85390625 0.32890625 0.003125 0.01171875
0 0.39453125 0.2453125 0.003125 0.0140625
4 0.63125 0.740625 0.0609375 0.21171875
0 0.78828125 0.31328125 0.00234375 0.01015625
0 0.51015625 0.26171875 0.00234375 0.0109375
4 0.8125 0.32265625 0.003125 0.01328125
4 0.28515625 0.23125 0.003125 0.01640625
0 0.28828125 0.22734375 0.00234375 0.0140625
4 0.46875 0.2609375 0.003125 0.0171875
0 0.23828125 0.221875 0.00390625 0.0171875
0 0.94375 0.346875 0.003125 0.0109375
1 0.721875 0.2984375 0.003125 0.01640625
1 0.72734375 0.29765625 0.00234375 0.01484375
1 0.753125 0.30234375 0.00234375 0.01640625
1 0.75859375 0.30390625 0.00234375 0.01640625