0 0.36015625 0.5796875 0.0390625 0.1359375
0 0.61484375 0.4046875 0.0109375 0.04765625
0 0.67109375 0.3796875 0.009375 0.03671875
4 0.8375 0.48359375 0.02265625 0.08046875
0 0.69375 0.3671875 0.0078125 0.03046875
4 0.9328125 0.69765625 0.0359375 0.18046875
0 0.8640625 0.3515625 0.0046875 0.01875
4 0.81328125 0.38515625 0.0078125 0.03359375
4 0.653125 0.33828125 0.003125 0.01640625
0 0.93828125 0.3625 0.00546875 0.0203125
0 0.5375 0.46171875 0.01875 0.07421875
4 0.7453125 0.35859375 0.00546875 0.02421875
4 0.6640625 0.33046875 0.00234375 0.01328125
0 0.56953125 0.33515625 0.0046875 0.0171875
4 0.91171875 0.36875 0.00703125 0.02578125
4 0.73359375 0.33671875 0.00390625 0.01484375
4 0.76171875 0.33125 0.003125 0.01328125
0 0.8015625 0.3390625 0.003125 0.0171875
4 0.74765625 0.3328125 0.003125 0.0140625
0 0.57734375 0.3296875 0.003125 0.01484375
0 0.82265625 0.3328125 0.003125 0.0140625
0 0.59296875 0.34375 0.0046875 0.021875
0 0.63046875 0.32421875 0.003125 0.01328125
0 0.61171875 0.321875 0.00234375 0.0109375
0 0.81171875 0.3453125 0.003125 0.01640625
4 0.69296875 0.32421875 0.00234375 0.00859375
4 0.68046875 0.328125 0.00234375 0.01328125
4 0.84375 0.359375 0.00546875 0.0203125
0 0.73984375 0.32421875 0.00234375 0.01171875
4 0.7234375 0.32734375 0.0015625 0.00859375
0 0.7265625 0.31875 0.00234375 0.00859375
4 0.65234375 0.31875 0.00234375 0.01015625
4 0.81328125 0.415625 0.0125 0.0421875
0 0.8140625 0.33671875 0.003125 0.0140625
0 0.5921875 0.31875 0.00234375 0.01328125
0 0.7109375 0.32265625 0.0015625 0.00859375
4 0.775 0.34921875 0.00546875 0.01953125
0 0.63203125 0.353125 0.00625 0.02421875
4 0.8109375 0.371875 0.00390625 0.028125
4 0.7375 0.34140625 0.003125 0.01484375
4 0.68359375 0.34765625 0.00390625 0.01875
0 0.5921875 0.3265625 0.003125 0.0140625
4 0.75 0.32890625 0.00234375 0.01171875
4 0.64296875 0.33125 0.003125 0.01484375
0 0.61953125 0.32578125 0.003125 0.0140625
4 0.6234375 0.3203125 0.00234375 0.01015625
0 0.2359375 0.371875 0.01015625 0.05
0 0.34453125 0.346875 0.00703125 0.03515625
4 0.35 0.34375 0.00625 0.0296875