4 0.071875 0.29921875 0.0203125 0.05546875
4 0.18203125 0.33671875 0.0203125 0.0640625
4 0.3203125 0.41640625 0.0234375 0.0890625
0 0.07109375 0.21484375 0.00546875 0.0203125
4 0.45859375 0.53125 0.03203125 0.1296875
4 0.2984375 0.25625 0.00546875 0.02265625
4 0.10625 0.2265625 0.00625 0.025
4 0.409375 0.275 0.00546875 0.021875
4 0.35390625 0.265625 0.00625 0.02265625
4 0.4859375 0.28515625 0.0046875 0.01953125
4 0.228125 0.24375 0.00546875 0.021875
0 0.3953125 0.26484375 0.00390625 0.01875
4 0.52265625 0.2875 0.00390625 0.01875
0 0.45390625 0.271875 0.00390625 0.0171875
0 0.3625 0.26015625 0.0046875 0.01953125
0 0.871875 0.34375 0.003125 0.01328125
4 0.54453125 0.27734375 0.00234375 0.01171875
4 0.89765625 0.35234375 0.003125 0.01484375
0 0.16171875 0.2265625 0.00546875 0.01875
4 0.59453125 0.2859375 0.0015625 0.0109375
4 0.565625 0.28046875 0.0015625 0.01328125
4 0.68671875 0.30390625 0.00234375 0.01171875
0 0.31953125 0.25234375 0.0046875 0.01953125
0 0.47421875 0.2640625 0.00234375 0.01328125
4 0.81484375 0.334375 0.003125 0.0140625
0 0.74765625 0.31484375 0.003125 0.0109375
4 0.5359375 0.2859375 0.003125 0.01953125
0 0.4296875 0.26875 0.00390625 0.01875
4 0.76953125 0.32265625 0.003125 0.01328125
4 0.52734375 0.27734375 0.0015625 0.0140625
4 0.15703125 0.2328125 0.00546875 0.02265625
4 0.93984375 0.36015625 0.003125 0.0140625
0 0.84609375 0.33671875 0.003125 0.01328125
0 0.2453125 0.2390625 0.0046875 0.01953125
0 0.46640625 0.27265625 0.003125 0.01640625
0 0.92578125 0.353125 0.003125 0.01328125
4 0.625 0.29140625 0.0015625 0.0109375
4 0.85859375 0.34375 0.003125 0.0140625
0 0.78828125 0.325 0.003125 0.01328125
4 0.65625 0.29765625 0.0015625 0.0109375
0 0.61796875 0.28671875 0.0015625 0.0109375
4 0.7375 0.3171875 0.003125 0.01328125
0 0.46953125 0.2703125 0.00234375 0.01640625
0 0.94765625 0.3578125 0.003125 0.01328125
0 0.4984375 0.26640625 0.00234375 0.01328125
0 0.9015625 0.34921875 0.003125 0.01328125
0 0.8171875 0.33125 0.00234375 0.0140625
4 0.70625 0.30859375 0.00234375 0.01328125
0 0.465625 0.265625 0.00234375 0.0140625
0 0.57421875 0.27890625 0.00234375 0.01171875
0 0.6625 0.2953125 0.00234375 0.0109375
4 0.53046875 0.27734375 0.00234375 0.01328125