4 0.2421875 0.48359375 0.0234375 0.08515625
0 0.56015625 0.40546875 0.0125 0.0453125
4 0.27890625 0.3796875 0.009375 0.0359375
4 0.446875 0.4265625 0.01640625 0.0578125
4 0.19296875 0.36484375 0.00703125 0.02578125
4 0.1828125 0.4234375 0.0171875 0.0578125
0 0.39375 0.36796875 0.00859375 0.03125
0 0.7546875 0.42890625 0.0140625 0.05546875
4 0.796875 0.73671875 0.0578125 0.2109375
4 0.33515625 0.4 0.01171875 0.0453125
4 0.12265625 0.3671875 0.00625 0.02578125
4 0.84140625 0.5 0.02421875 0.08515625
0 0.328125 0.3578125 0.00625 0.0203125
4 0.0984375 0.38515625 0.009375 0.03515625
0 0.3703125 0.35859375 0.00703125 0.02421875
0 0.4546875 0.38671875 0.009375 0.0359375
0 0.2515625 0.3578125 0.00390625 0.0203125
0 0.1625 0.36015625 0.00625 0.025
4 0.428125 0.559375 0.03515625 0.11875
4 0.5828125 0.4578125 0.01796875 0.0671875
4 0.25859375 0.36796875 0.00703125 0.03359375
4 0.15703125 0.3953125 0.0125 0.04375