4 0.32421875 0.4296875 0.02890625 0.09765625
4 0.0578125 0.3015625 0.0171875 0.06171875
0 0.90078125 0.37421875 0.00625 0.028125
0 0.9078125 0.38125 0.0078125 0.03046875
4 0.8515625 0.39765625 0.0109375 0.0421875
4 0.7890625 0.36640625 0.00859375 0.03515625
4 0.17578125 0.34921875 0.02109375 0.07421875
0 0.93828125 0.396875 0.009375 0.03515625
0 0.91640625 0.37265625 0.00625 0.02578125
4 0.8046875 0.34375 0.00625 0.02421875
4 0.77734375 0.34296875 0.00546875 0.025
4 0.47421875 0.56640625 0.04140625 0.15
0 0.08359375 0.19296875 0.003125 0.0140625
4 0.88984375 0.34375 0.003125 0.01484375
4 0.6875 0.29765625 0.00234375 0.01328125
4 0.09453125 0.19765625 0.003125 0.01484375
4 0.76953125 0.34921875 0.00625 0.028125
4 0.52109375 0.2671875 0.00234375 0.01328125
4 0.86171875 0.34453125 0.00390625 0.01953125
1 0.94453125 0.36328125 0.0046875 0.0359375
4 0.8265625 0.32421875 0.003125 0.0140625
4 0.85546875 0.3328125 0.003125 0.01484375
4 0.14609375 0.2046875 0.00234375 0.0140625
0 0.1140625 0.196875 0.00234375 0.01328125
4 0.88046875 0.34375 0.003125 0.01640625
0 0.90625 0.34140625 0.003125 0.01328125
4 0.83984375 0.34375 0.003125 0.0203125
1 0.8359375 0.3375 0.00625 0.03359375
1 0.84140625 0.33828125 0.003125 0.0328125
0 0.94921875 0.353125 0.003125 0.01484375
1 0.93984375 0.36328125 0.00703125 0.03671875
0 0.1375 0.19921875 0.003125 0.0140625
0 0.15546875 0.20078125 0.00234375 0.01328125
0 0.17890625 0.20234375 0.00234375 0.01171875
4 0.18203125 0.20859375 0.003125 0.01328125
4 0.2078125 0.2109375 0.00234375 0.0109375
0 0.209375 0.20546875 0.00234375 0.0109375
4 0.22890625 0.21171875 0.00234375 0.01171875
4 0.246875 0.21328125 0.0015625 0.0109375
0 0.2453125 0.21015625 0.0015625 0.0109375
4 0.2703125 0.215625 0.00234375 0.01171875
0 0.2875 0.21640625 0.00234375 0.0109375
4 0.29765625 0.21953125 0.00234375 0.0109375
4 0.3265625 0.22421875 0.00234375 0.0109375
0 0.32890625 0.22265625 0.0015625 0.0109375
4 0.353125 0.2296875 0.00234375 0.0109375
0 0.05 0.1890625 0.0015625 0.01484375
0 0.36796875 0.2296875 0.0015625 0.01015625
4 0.378125 0.234375 0.00234375 0.01015625
4 0.39765625 0.23828125 0.00234375 0.0109375
4 0.40546875 0.240625 0.003125 0.01015625
4 0.41171875 0.24375 0.00234375 0.0109375
0 0.403125 0.2359375 0.0015625 0.0109375
4 0.42578125 0.24765625 0.00234375 0.01171875
0 0.434375 0.2421875 0.00234375 0.0109375
0 0.453125 0.24765625 0.00234375 0.01171875
4 0.45625 0.2546875 0.00234375 0.01171875
0 0.459375 0.25 0.00234375 0.01328125
0 0.46953125 0.25234375 0.00234375 0.0140625
0 0.4875 0.25625 0.00234375 0.01328125
4 0.4890625 0.2609375 0.003125 0.01328125
0 0.5109375 0.26171875 0.003125 0.0140625
0 0.53359375 0.26640625 0.003125 0.01328125
4 0.5609375 0.27421875 0.003125 0.0140625
0 0.5625 0.27109375 0.00078125 0.01171875
0 0.58671875 0.27578125 0.003125 0.01484375
4 0.6 0.28125 0.003125 0.01484375
0 0.6125 0.2796875 0.003125 0.0140625
4 0.6328125 0.2875 0.003125 0.0140625
4 0.6578125 0.2921875 0.003125 0.01328125
0 0.659375 0.28828125 0.0015625 0.01171875
0 0.7015625 0.29609375 0.00234375 0.01171875
4 0.73046875 0.3046875 0.003125 0.01484375
0 0.74921875 0.3046875 0.00234375 0.01171875
4 0.76796875 0.31171875 0.00234375 0.01328125
4 0.79765625 0.31875 0.00234375 0.01328125
0 0.8015625 0.31640625 0.003125 0.01328125