0 0.37578125 0.53515625 0.034375 0.1203125
0 0.68828125 0.4265625 0.0140625 0.053125
0 0.53203125 0.45078125 0.01875 0.075
4 0.84921875 0.51015625 0.0203125 0.0828125
4 0.93359375 0.47265625 0.01875 0.06484375
4 0.86484375 0.6796875 0.05 0.16171875
0 0.85546875 0.378125 0.00625 0.02421875
0 0.90234375 0.38125 0.00625 0.0203125
0 0.80078125 0.41640625 0.0109375 0.04375
0 0.84765625 0.39140625 0.0078125 0.0328125
0 0.83359375 0.4 0.00703125 0.0328125
4 0.91953125 0.3578125 0.003125 0.0171875
4 0.909375 0.35546875 0.003125 0.01484375
0 0.890625 0.35625 0.003125 0.01171875
0 0.8875 0.3546875 0.00234375 0.01640625
4 0.88359375 0.3546875 0.003125 0.01484375
2 0.8703125 0.353125 0.003125 0.01484375
4 0.76953125 0.34609375 0.003125 0.01171875
4 0.77421875 0.34375 0.0015625 0.01015625
0 0.778125 0.3453125 0.003125 0.01171875
2 0.79453125 0.34765625 0.003125 0.01328125
4 0.8046875 0.3453125 0.00234375 0.0109375
0 0.8625 0.35390625 0.003125 0.0140625
2 0.825 0.35 0.003125 0.01328125