0 0.65 0.69765625 0.05859375 0.2359375
0 0.66640625 0.44453125 0.01328125 0.11953125
0 0.6046875 0.359375 0.0171875 0.075
0 0.51328125 0.3296875 0.0125 0.05625
0 0.4140625 0.32421875 0.01015625 0.0453125
0 0.3046875 0.33125 0.01015625 0.04375
0 0.1859375 0.34921875 0.01015625 0.03984375
0 0.78203125 0.26796875 0.0109375 0.04453125
0 0.8859375 0.23984375 0.01015625 0.0390625
4 0.9375 0.31796875 0.021875 0.075
4 0.946875 0.27421875 0.00859375 0.0578125
4 0.62578125 0.28828125 0.01015625 0.0453125
4 0.4984375 0.28984375 0.00859375 0.03671875
4 0.3609375 0.30234375 0.0078125 0.03359375
4 0.22109375 0.325 0.0078125 0.0328125
2 0.753125 0.25625 0.009375 0.0390625
2 0.7140625 0.23828125 0.00703125 0.028125
2 0.68984375 0.2265625 0.00546875 0.02265625
2 0.6734375 0.2203125 0.00390625 0.01875
2 0.653125 0.22265625 0.00390625 0.01953125
2 0.63046875 0.22578125 0.0046875 0.01953125
2 0.60703125 0.22890625 0.00390625 0.01875
2 0.61015625 0.2375 0.0046875 0.02265625
2 0.615625 0.25078125 0.00625 0.028125
2 0.6203125 0.2734375 0.00703125 0.03828125
1 0.65625 0.390625 0.025 0.16875
1 0.68203125 0.44296875 0.0421875 0.21171875