0 0.6375 0.26015625 0.009375 0.04140625
0 0.7109375 0.28671875 0.01484375 0.05625
4 0.85234375 0.2453125 0.01171875 0.04453125
0 0.67734375 0.3609375 0.0234375 0.08671875
0 0.94296875 0.17734375 0.00546875 0.021875
0 0.4359375 0.25703125 0.0078125 0.03125
0 0.871875 0.18515625 0.0046875 0.0203125
0 0.678125 0.26953125 0.0125 0.04765625
0 0.37734375 0.2546875 0.00625 0.02578125
4 0.6859375 0.23046875 0.0078125 0.03046875
0 0.4578125 0.58671875 0.046875 0.1828125
4 0.83671875 0.1953125 0.00625 0.02265625
4 0.60859375 0.23125 0.0078125 0.03046875
4 0.76171875 0.2359375 0.009375 0.03671875
4 0.78046875 0.19765625 0.00546875 0.021875
0 0.58828125 0.253125 0.009375 0.03671875
0 0.72265625 0.31640625 0.01640625 0.06953125
0 0.72109375 0.1953125 0.0046875 0.01953125
0 0.371875 0.246875 0.0046875 0.021875
0 0.52265625 0.21484375 0.00390625 0.0171875
4 0.46640625 0.23359375 0.00625 0.02421875
4 0.546875 0.2171875 0.0046875 0.0203125
4 0.70078125 0.20234375 0.00546875 0.021875
4 0.60078125 0.21171875 0.0046875 0.0203125
0 0.79140625 0.19140625 0.0046875 0.01953125
4 0.50859375 0.23671875 0.00625 0.025
0 0.54140625 0.253125 0.00859375 0.0328125
0 0.82421875 0.1890625 0.00390625 0.01953125
0 0.91484375 0.18125 0.0046875 0.021875
1 0.490625 0.51015625 0.05078125 0.26328125
0 0.58671875 0.20703125 0.00390625 0.01640625
1 0.415625 0.57265625 0.0734375 0.30625
0 0.40390625 0.2359375 0.00546875 0.01953125
4 0.5046875 0.2234375 0.0046875 0.0203125
0 0.45859375 0.22421875 0.00546875 0.01875
4 0.91015625 0.18984375 0.00703125 0.025
4 0.48046875 0.228125 0.00546875 0.021875
4 0.65390625 0.2046875 0.0046875 0.0203125
4 0.47734375 0.23671875 0.00703125 0.02421875