4 0.7328125 0.28125 0.003125 0.01640625
4 0.77890625 0.28828125 0.003125 0.01484375
4 0.309375 0.22265625 0.00234375 0.0140625
0 0.240625 0.21484375 0.003125 0.0140625
4 0.54453125 0.2453125 0.00234375 0.01328125
4 0.39765625 0.225 0.00234375 0.0109375
4 0.6859375 0.27421875 0.003125 0.01484375
4 0.64765625 0.2671875 0.003125 0.01484375
4 0.178125 0.44375 0.02734375 0.1140625
4 0.221875 0.2171875 0.003125 0.01640625
4 0.10625 0.20625 0.003125 0.01640625
4 0.5546875 0.25 0.00234375 0.01328125
0 0.72734375 0.2765625 0.003125 0.0140625
4 0.07109375 0.20078125 0.003125 0.0171875
4 0.8171875 0.29375 0.003125 0.01640625
4 0.571875 0.2546875 0.00234375 0.01328125
0 0.125 0.20234375 0.003125 0.01484375
0 0.78515625 0.28515625 0.003125 0.0140625
0 0.61796875 0.2578125 0.003125 0.01171875
4 0.146875 0.2109375 0.003125 0.01484375
0 0.75625 0.28125 0.00234375 0.0140625
0 0.809375 0.28828125 0.00234375 0.01328125
0 0.59609375 0.25234375 0.00234375 0.01171875
0 0.2640625 0.215625 0.003125 0.0140625
4 0.35546875 0.22265625 0.00234375 0.01328125
0 0.178125 0.2078125 0.00234375 0.0140625
4 0.93671875 0.31015625 0.00234375 0.0140625
4 0.2734375 0.22109375 0.00390625 0.01640625
0 0.21171875 0.21171875 0.003125 0.01484375
0 0.153125 0.20703125 0.003125 0.0140625
4 0.8828125 0.303125 0.003125 0.01484375
0 0.69375 0.27109375 0.00234375 0.0140625
4 0.42578125 0.22734375 0.00234375 0.01171875
4 0.534375 0.24375 0.003125 0.01328125
0 0.4984375 0.23515625 0.0015625 0.0109375
0 0.28125 0.21640625 0.003125 0.01328125
4 0.45546875 0.23125 0.00234375 0.01171875
4 0.43671875 0.62421875 0.05234375 0.18828125
0 0.075 0.19609375 0.003125 0.0140625
4 0.60859375 0.26015625 0.003125 0.0140625
4 0.33515625 0.22265625 0.00234375 0.01328125
4 0.48515625 0.23515625 0.00234375 0.01171875
0 0.33359375 0.2171875 0.00234375 0.01171875
0 0.890625 0.29921875 0.003125 0.01171875
4 0.51171875 0.23828125 0.003125 0.01171875
4 0.846875 0.29921875 0.003125 0.01484375
0 0.66796875 0.26640625 0.003125 0.01328125
0 0.30390625 0.215625 0.00234375 0.01171875
0 0.83984375 0.2921875 0.00234375 0.01328125
0 0.5375 0.24140625 0.00234375 0.0109375
4 0.3734375 0.2234375 0.00234375 0.01171875
0 0.640625 0.26171875 0.003125 0.01328125
0 0.60546875 0.25625 0.00234375 0.01171875
0 0.41328125 0.22421875 0.0015625 0.01015625
0 0.37109375 0.21953125 0.00234375 0.0109375
0 0.45703125 0.228125 0.0015625 0.0109375
0 0.5734375 0.246875 0.00234375 0.0109375
0 0.95 0.30859375 0.0015625 0.01328125