0 0.3625 0.33515625 0.01484375 0.0546875
0 0.4625 0.3203125 0.009375 0.04140625
0 0.56875 0.31015625 0.00625 0.028125
0 0.184375 0.36953125 0.021875 0.0828125
4 0.58828125 0.40078125 0.01796875 0.0671875
4 0.6375 0.3671875 0.01171875 0.046875
1 0.66484375 0.3421875 0.0125 0.06171875
1 0.515625 0.30546875 0.01171875 0.05859375
0 0.58671875 0.30703125 0.00546875 0.025
4 0.8453125 0.32734375 0.003125 0.01328125
4 0.54296875 0.62421875 0.0421875 0.1671875
0 0.553125 0.28828125 0.0046875 0.0203125
4 0.8796875 0.33203125 0.003125 0.0140625
0 0.434375 0.26015625 0.003125 0.0171875
0 0.74921875 0.3078125 0.00234375 0.01328125
4 0.61796875 0.29765625 0.0046875 0.0203125
4 0.86015625 0.328125 0.003125 0.01328125
0 0.73203125 0.3046875 0.003125 0.0140625
0 0.65390625 0.2890625 0.003125 0.01328125
4 0.68984375 0.3375 0.0078125 0.03125
0 0.77109375 0.31171875 0.003125 0.0140625
0 0.42421875 0.2453125 0.003125 0.0140625
4 0.525 0.475 0.02734375 0.1046875
4 0.64296875 0.28984375 0.003125 0.0140625
4 0.76015625 0.31328125 0.003125 0.01640625
0 0.7046875 0.29921875 0.00234375 0.01171875
0 0.80703125 0.31484375 0.00234375 0.01328125
4 0.70078125 0.33125 0.00625 0.02578125
0 0.79375 0.31484375 0.00234375 0.0109375
0 0.5 0.27421875 0.003125 0.01953125
0 0.675 0.29375 0.003125 0.0140625
0 0.5734375 0.29609375 0.0046875 0.02265625
4 0.46015625 0.25390625 0.003125 0.0140625
4 0.4390625 0.25234375 0.003125 0.01484375
4 0.8203125 0.32421875 0.003125 0.0140625
4 0.47109375 0.26171875 0.00390625 0.0171875
4 0.534375 0.27578125 0.00390625 0.01875
0 0.6078125 0.2796875 0.00234375 0.01328125
0 0.375 0.24140625 0.003125 0.01484375
4 0.65625 0.309375 0.0046875 0.02265625
0 0.38984375 0.24140625 0.003125 0.01484375
4 0.59296875 0.27734375 0.003125 0.0140625
4 0.72109375 0.30546875 0.003125 0.01484375
4 0.5609375 0.27109375 0.003125 0.0140625
4 0.5796875 0.2859375 0.00390625 0.01953125
0 0.89453125 0.334375 0.003125 0.01171875
0 0.8640625 0.3265625 0.00234375 0.01171875
4 0.44921875 0.25625 0.00390625 0.0171875
0 0.83515625 0.3203125 0.00234375 0.01171875
4 0.67734375 0.29609375 0.003125 0.01640625
4 0.525 0.26484375 0.003125 0.0140625
0 0.38828125 0.246875 0.00390625 0.01953125
0 0.46796875 0.25234375 0.00234375 0.01328125
4 0.4875 0.2578125 0.003125 0.0140625
0 0.93046875 0.3421875 0.003125 0.01171875
4 0.83515625 0.32578125 0.003125 0.0140625
1 0.52734375 0.3046875 0.00703125 0.053125
4 0.6875 0.321875 0.00625 0.02421875
0 0.51328125 0.259375 0.00234375 0.01171875
4 0.44453125 0.2515625 0.003125 0.01640625
0 0.78515625 0.3140625 0.00234375 0.01328125
4 0.79609375 0.3203125 0.003125 0.0140625
0 0.52265625 0.31484375 0.00625 0.0359375
1 0.67109375 0.3390625 0.0078125 0.0609375
0 0.58515625 0.30078125 0.00390625 0.02265625
0 0.79609375 0.3140625 0.00234375 0.0109375
4 0.84609375 0.32578125 0.003125 0.0140625
4 0.9328125 0.34296875 0.00390625 0.0140625