4 0.5109375 0.53203125 0.028125 0.103125
0 0.51875 0.40234375 0.0109375 0.04140625
0 0.70625 0.40859375 0.01171875 0.04375
4 0.0890625 0.38671875 0.009375 0.03515625
4 0.8375 0.61796875 0.04921875 0.1421875
0 0.3640625 0.3921875 0.00859375 0.03671875
4 0.159375 0.4 0.01015625 0.0390625
4 0.27109375 0.41171875 0.0125 0.04765625
4 0.11171875 0.4609375 0.01796875 0.071875
0 0.85625 0.4265625 0.01484375 0.04921875
0 0.2015625 0.3703125 0.0078125 0.028125
0 0.12421875 0.3640625 0.00625 0.02421875
0 0.265625 0.38125 0.00625 0.0328125
0 0.1734375 0.36328125 0.00625 0.025
4 0.5671875 0.4375 0.015625 0.05546875
4 0.05625 0.3796875 0.00859375 0.0328125
4 0.72421875 0.46484375 0.02109375 0.0671875
4 0.38671875 0.42421875 0.01328125 0.05078125
4 0.28359375 0.48671875 0.02578125 0.08359375