0 0.8 0.49765625 0.046875 0.1578125
4 0.35078125 0.47734375 0.03359375 0.13046875
4 0.21640625 0.37265625 0.01796875 0.07578125
4 0.0609375 0.34765625 0.0171875 0.06015625
2 0.44375 0.37421875 0.02421875 0.08828125
2 0.53203125 0.28046875 0.01171875 0.05
2 0.5671875 0.2421875 0.00859375 0.03515625
2 0.5859375 0.22109375 0.00625 0.02734375
2 0.61796875 0.2203125 0.00625 0.02734375
2 0.65078125 0.21796875 0.00625 0.02734375
2 0.6796875 0.2171875 0.00625 0.02734375
2 0.6890625 0.2359375 0.00859375 0.03671875
2 0.70546875 0.27421875 0.0125 0.053125
2 0.74765625 0.37265625 0.025 0.0953125
3 0.6140625 0.21015625 0.003125 0.0203125
3 0.68984375 0.21015625 0.00390625 0.021875
3 0.6875 0.196875 0.003125 0.0171875
3 0.73984375 0.19921875 0.003125 0.01875
3 0.7859375 0.18828125 0.003125 0.0171875
3 0.8171875 0.19140625 0.00390625 0.01953125
3 0.91328125 0.18203125 0.003125 0.01640625
3 0.92421875 0.18671875 0.003125 0.01953125