4 0.196875 0.36171875 0.02109375 0.07578125
0 0.05390625 0.21015625 0.00703125 0.025
0 0.13203125 0.21328125 0.0046875 0.021875
4 0.88203125 0.3171875 0.00390625 0.01484375
0 0.1046875 0.21171875 0.00390625 0.0203125
0 0.1640625 0.2140625 0.00625 0.01953125
4 0.2171875 0.22578125 0.0046875 0.01953125
0 0.18046875 0.2140625 0.0046875 0.01953125
4 0.82421875 0.3078125 0.00625 0.01640625
0 0.61484375 0.26015625 0.003125 0.01171875
4 0.775 0.29921875 0.00390625 0.01640625
4 0.34453125 0.44140625 0.02890625 0.1046875
4 0.92265625 0.32421875 0.00390625 0.0140625
0 0.22421875 0.20859375 0.003125 0.01328125
4 0.60625 0.26015625 0.003125 0.0109375
4 0.59140625 0.25703125 0.003125 0.01171875
0 0.8453125 0.3078125 0.0046875 0.01484375
0 0.7671875 0.2953125 0.00390625 0.0140625
4 0.43125 0.23671875 0.003125 0.0140625
4 0.2453125 0.22578125 0.00390625 0.0171875
0 0.29375 0.21875 0.003125 0.01484375
0 0.3296875 0.22265625 0.00390625 0.0140625
0 0.35 0.225 0.00390625 0.01328125
0 0.58046875 0.25234375 0.003125 0.00859375
4 0.63359375 0.26875 0.003125 0.01328125
0 0.79453125 0.3 0.003125 0.01484375
0 0.9046875 0.31875 0.0046875 0.01484375
4 0.728125 0.290625 0.0046875 0.01640625
4 0.4890625 0.23984375 0.003125 0.01328125
4 0.16875 0.22578125 0.00625 0.02265625
0 0.71640625 0.28515625 0.003125 0.01484375
4 0.4125 0.23515625 0.003125 0.01328125
0 0.40859375 0.2296875 0.003125 0.0109375
0 0.5046875 0.2421875 0.003125 0.01171875
4 0.56328125 0.25234375 0.003125 0.0109375
4 0.5140625 0.24453125 0.003125 0.01328125
0 0.38671875 0.22734375 0.003125 0.0109375
4 0.10078125 0.221875 0.0078125 0.021875
4 0.26640625 0.21875 0.003125 0.01484375
4 0.34296875 0.22578125 0.003125 0.01328125
0 0.73984375 0.28984375 0.00390625 0.0140625
4 0.68515625 0.28046875 0.003125 0.0171875
0 0.69453125 0.2796875 0.003125 0.0140625
4 0.628125 0.265625 0.003125 0.01171875
4 0.25625 0.21875 0.00234375 0.0140625
4 0.440625 0.2359375 0.003125 0.01328125
0 0.678125 0.27421875 0.003125 0.01171875
4 0.52734375 0.6296875 0.05078125 0.1828125
4 0.46796875 0.2375 0.00234375 0.0140625
0 0.66640625 0.27109375 0.003125 0.01171875
0 0.1890625 0.2109375 0.0046875 0.0171875
4 0.62109375 0.2640625 0.003125 0.01328125
0 0.64375 0.26484375 0.003125 0.00859375
0 0.39453125 0.228125 0.003125 0.0109375
0 0.19453125 0.20859375 0.003125 0.01328125
4 0.2859375 0.21953125 0.00390625 0.01328125
4 0.2640625 0.22421875 0.0046875 0.0171875
4 0.6453125 0.27265625 0.003125 0.0109375
4 0.53828125 0.24765625 0.003125 0.01328125
4 0.44921875 0.2359375 0.003125 0.0109375
0 0.46953125 0.2359375 0.00234375 0.01328125
0 0.43828125 0.23125 0.00234375 0.0109375
4 0.2578125 0.22578125 0.00390625 0.01484375
0 0.371875 0.22734375 0.003125 0.01328125
4 0.375 0.23125 0.003125 0.01640625
0 0.25859375 0.21328125 0.003125 0.0140625