0 0.47578125 0.68125 0.05859375 0.21953125
0 0.6046875 0.37265625 0.0203125 0.08828125
0 0.565625 0.29609375 0.0125 0.053125
0 0.4171875 0.29375 0.01015625 0.04453125
0 0.28515625 0.30078125 0.009375 0.03984375
0 0.2046875 0.29921875 0.00859375 0.03515625
0 0.1703125 0.2921875 0.0078125 0.03046875
0 0.16640625 0.2796875 0.00546875 0.02578125
0 0.10078125 0.2828125 0.00625 0.02421875
0 0.11015625 0.2578125 0.003125 0.01640625
0 0.17578125 0.25625 0.003125 0.01328125
0 0.22578125 0.25078125 0.003125 0.0140625
0 0.28359375 0.24375 0.003125 0.0140625
0 0.340625 0.2375 0.003125 0.0140625
0 0.39296875 0.2328125 0.003125 0.01484375
0 0.46015625 0.22578125 0.003125 0.01484375
0 0.51875 0.2203125 0.003125 0.01484375
0 0.5859375 0.215625 0.003125 0.0140625
0 0.65390625 0.21015625 0.003125 0.0171875
0 0.7359375 0.20703125 0.0046875 0.01875
0 0.8171875 0.20390625 0.00546875 0.0203125
0 0.9171875 0.2 0.00546875 0.021875
4 0.89453125 0.3171875 0.0234375 0.07734375
4 0.75 0.26640625 0.01171875 0.0453125
4 0.60859375 0.26328125 0.00859375 0.03515625
4 0.440625 0.265625 0.00703125 0.03125
4 0.334375 0.27265625 0.00703125 0.0296875
4 0.2828125 0.26875 0.00625 0.02578125
4 0.26328125 0.26328125 0.00546875 0.021875
4 0.18125 0.2671875 0.00546875 0.0203125
4 0.0859375 0.275 0.00546875 0.021875
4 0.065625 0.2671875 0.003125 0.01484375
4 0.13984375 0.26015625 0.003125 0.01484375
4 0.203125 0.2578125 0.00390625 0.01484375
4 0.2640625 0.2515625 0.003125 0.01640625
4 0.31171875 0.2453125 0.00390625 0.0171875
4 0.36015625 0.23984375 0.003125 0.0171875
4 0.421875 0.23515625 0.00390625 0.0171875
4 0.48203125 0.22890625 0.00390625 0.01875
4 0.534375 0.2234375 0.00390625 0.01875
4 0.5890625 0.21875 0.0046875 0.01953125
4 0.65078125 0.2140625 0.0046875 0.01953125
4 0.71328125 0.21015625 0.0046875 0.0203125
4 0.790625 0.20625 0.00546875 0.02265625
4 0.86640625 0.20234375 0.00625 0.02421875