0 0.80625 0.36875 0.03203125 0.10546875
0 0.7296875 0.19609375 0.00625 0.03359375
0 0.6484375 0.18125 0.00625 0.02734375
0 0.8046875 0.22578125 0.0109375 0.0453125
0 0.85625 0.27890625 0.01640625 0.06640625
0 0.54453125 0.18203125 0.0046875 0.025
4 0.81640625 0.18203125 0.00703125 0.03125
0 0.44375 0.18671875 0.00546875 0.025
0 0.09453125 0.1953125 0.0046875 0.0203125
0 0.490625 0.53984375 0.04609375 0.16640625
0 0.2453125 0.18515625 0.003125 0.01875
0 0.35859375 0.1890625 0.0046875 0.02578125
4 0.7203125 0.171875 0.00546875 0.02421875
4 0.1140625 0.18828125 0.00390625 0.0171875
0 0.40703125 0.1578125 0.003125 0.01171875
4 0.2859375 0.17109375 0.00234375 0.01171875
4 0.50078125 0.1734375 0.00390625 0.0203125
4 0.33125 0.1671875 0.00234375 0.01171875
4 0.41640625 0.17734375 0.00390625 0.0203125
0 0.2984375 0.18828125 0.00546875 0.025
4 0.946875 0.20546875 0.0078125 0.0390625
4 0.2125 0.18125 0.00390625 0.01875
4 0.61484375 0.1734375 0.00390625 0.0203125
4 0.10078125 0.18125 0.00234375 0.01328125
4 0.44140625 0.159375 0.003125 0.0140625
0 0.16796875 0.1890625 0.00390625 0.01953125
4 0.34765625 0.17890625 0.00390625 0.01875
0 0.29765625 0.16484375 0.003125 0.01328125
0 0.346875 0.1625 0.00234375 0.01171875
4 0.3890625 0.16328125 0.00234375 0.0140625
0 0.459375 0.15625 0.003125 0.00859375
4 0.17109375 0.18125 0.003125 0.01328125
4 0.303125 0.17734375 0.003125 0.0171875
4 0.48515625 0.1578125 0.00234375 0.01015625
4 0.8765625 0.1546875 0.00390625 0.00546875
0 0.178125 0.17734375 0.00234375 0.01171875
4 0.2390625 0.17578125 0.00234375 0.0140625
0 0.121875 0.18125 0.00234375 0.01328125
4 0.94609375 0.15625 0.003125 0.0078125
0 0.2421875 0.17109375 0.00234375 0.01171875
4 0.52890625 0.1546875 0.00234375 0.00546875
4 0.57890625 0.1546875 0.00234375 0.00546875
4 0.68203125 0.15390625 0.003125 0.003125
4 0.6265625 0.1546875 0.00234375 0.00546875
0 0.89375 0.1546875 0.003125 0.0046875
4 0.80390625 0.15390625 0.003125 0.003125
0 0.5140625 0.1546875 0.00234375 0.00546875
4 0.73046875 0.15390625 0.003125 0.003125
0 0.8265625 0.15390625 0.003125 0.003125
0 0.75234375 0.15390625 0.00234375 0.003125
0 0.63046875 0.1546875 0.00234375 0.0046875
0 0.68828125 0.1546875 0.003125 0.0046875