0 0.259375 0.34375 0.01484375 0.0578125
0 0.353125 0.36875 0.0171875 0.07265625
0 0.1484375 0.34375 0.0140625 0.05
4 0.7 0.36875 0.02109375 0.0890625
4 0.06640625 0.3265625 0.0109375 0.03984375
2 0.93515625 0.25703125 0.0140625 0.04921875
4 0.3859375 0.30078125 0.0109375 0.0453125
4 0.2421875 0.30546875 0.009375 0.0390625
2 0.82421875 0.2140625 0.00625 0.02578125
2 0.72890625 0.31875 0.01640625 0.0671875
2 0.78203125 0.2328125 0.0078125 0.03125
0 0.41171875 0.4453125 0.0265625 0.11171875
2 0.85859375 0.2125 0.00625 0.02734375
2 0.79140625 0.21640625 0.00625 0.02578125
2 0.88984375 0.21171875 0.00625 0.02734375
4 0.5375 0.3171875 0.01484375 0.06015625
2 0.765625 0.26171875 0.0109375 0.04453125
2 0.90703125 0.228125 0.01015625 0.03515625
0 0.34765625 0.725 0.06328125 0.2390625
3 0.815625 0.20625 0.003125 0.0203125
3 0.8984375 0.2046875 0.00390625 0.02265625
3 0.8921875 0.19375 0.00234375 0.0171875