0 0.87578125 0.240625 0.00625 0.02265625
0 0.55 0.55078125 0.04453125 0.1578125
0 0.75 0.36171875 0.01953125 0.07265625
0 0.84453125 0.2703125 0.00859375 0.03515625
2 0.65078125 0.2921875 0.0125 0.04140625
0 0.8859375 0.23203125 0.0046875 0.0203125
0 0.8125 0.3 0.0109375 0.04765625
0 0.8921875 0.22578125 0.0046875 0.01875
0 0.8640625 0.2515625 0.00703125 0.02734375
2 0.76953125 0.25234375 0.00703125 0.02578125
0 0.89765625 0.2203125 0.003125 0.01484375
0 0.90234375 0.2171875 0.00234375 0.01328125
0 0.90859375 0.2109375 0.00234375 0.0109375
0 0.90546875 0.2140625 0.003125 0.01328125
0 0.9109375 0.20859375 0.00234375 0.0109375
1 0.91328125 0.20390625 0.003125 0.01640625