0 0.11875 0.40390625 0.01015625 0.03359375
4 0.46796875 0.54765625 0.03515625 0.10859375
4 0.23671875 0.4328125 0.01484375 0.05078125
0 0.8921875 0.40625 0.0125 0.03984375
4 0.83125 0.4546875 0.01953125 0.06171875
4 0.4703125 0.36875 0.00703125 0.025
4 0.76171875 0.4203125 0.01328125 0.046875
4 0.20859375 0.41171875 0.0125 0.04140625
4 0.3625 0.378125 0.00859375 0.02578125
4 0.265625 0.39296875 0.009375 0.03359375
4 0.725 0.70625 0.04609375 0.17578125
4 0.32578125 0.478125 0.0234375 0.07421875
0 0.28515625 0.37265625 0.00703125 0.025
0 0.79140625 0.3828125 0.0078125 0.03046875
0 0.75390625 0.37265625 0.00703125 0.02578125
0 0.70078125 0.3625 0.00703125 0.025
4 0.7125 0.40234375 0.0125 0.0390625
4 0.66875 0.38671875 0.01015625 0.03046875
4 0.6375 0.37421875 0.009375 0.02578125
0 0.62421875 0.35859375 0.00625 0.01953125
0 0.55546875 0.35859375 0.00625 0.0171875
0 0.49296875 0.3578125 0.00625 0.021875
4 0.57109375 0.3640625 0.00859375 0.02578125
0 0.2109375 0.3828125 0.00703125 0.0296875
0 0.425 0.36015625 0.00703125 0.02421875
2 0.91171875 0.34609375 0.00703125 0.01875
2 0.85234375 0.34296875 0.00625 0.0140625
2 0.8140625 0.33984375 0.0046875 0.01484375
2 0.78359375 0.33828125 0.00546875 0.01484375
2 0.16484375 0.35390625 0.00546875 0.01640625
2 0.18515625 0.35234375 0.00546875 0.01640625
2 0.2046875 0.35078125 0.0046875 0.01640625