2 0.73359375 0.35859375 0.021875 0.08671875
2 0.8203125 0.246875 0.01015625 0.04375
2 0.803125 0.2703125 0.0125 0.053125
2 0.84921875 0.21171875 0.00625 0.0296875
2 0.83203125 0.2328125 0.009375 0.0390625
2 0.8609375 0.19765625 0.00625 0.02421875
2 0.809375 0.24765625 0.009375 0.0421875
2 0.4203125 0.7328125 0.0734375 0.22578125
2 0.86796875 0.18828125 0.0046875 0.01953125
2 0.8734375 0.18046875 0.0046875 0.01953125
2 0.94921875 0.1828125 0.0046875 0.02265625
2 0.94453125 0.17578125 0.0046875 0.01953125
2 0.940625 0.1703125 0.00390625 0.0171875
2 0.9375 0.16640625 0.00234375 0.0171875
2 0.87734375 0.17421875 0.003125 0.0140625
2 0.88125 0.1703125 0.003125 0.0140625