0 0.853125 0.26171875 0.0140625 0.05078125
0 0.2671875 0.26484375 0.009375 0.03671875
0 0.9390625 0.29765625 0.01953125 0.0671875
0 0.75546875 0.24296875 0.01015625 0.03984375
0 0.16796875 0.28828125 0.0109375 0.0421875
0 0.65859375 0.234375 0.00859375 0.0359375
0 0.3640625 0.24921875 0.0078125 0.0328125
0 0.553125 0.23359375 0.00703125 0.0328125
1 0.81953125 0.46484375 0.0671875 0.26171875
4 0.840625 0.22890625 0.009375 0.03828125
0 0.53671875 0.590625 0.0484375 0.19453125
4 0.08046875 0.28828125 0.01015625 0.0390625
0 0.44765625 0.23984375 0.00703125 0.03125
4 0.70703125 0.2203125 0.00703125 0.03125
4 0.5734375 0.21953125 0.00703125 0.028125
4 0.3421875 0.2390625 0.00625 0.028125
0 0.06328125 0.3234375 0.015625 0.053125
1 0.91328125 0.4125 0.0546875 0.2203125
0 0.87578125 0.47734375 0.04921875 0.15234375
4 0.44296875 0.22734375 0.0046875 0.02734375
4 0.21953125 0.25859375 0.0078125 0.0328125