0 0.278125 0.3671875 0.0140625 0.05546875
0 0.39296875 0.4 0.021875 0.07578125
0 0.55078125 0.51328125 0.034375 0.1390625
0 0.29375 0.296875 0.0078125 0.028125
4 0.80390625 0.3578125 0.0171875 0.06875
0 0.24921875 0.32265625 0.009375 0.03515625
0 0.1921875 0.2953125 0.00546875 0.02421875
0 0.2515625 0.29296875 0.0046875 0.025
0 0.065625 0.3 0.00625 0.02421875
4 0.76796875 0.24921875 0.00625 0.025
0 0.2421875 0.3421875 0.01015625 0.04375
4 0.5453125 0.325 0.0125 0.04765625
0 0.13515625 0.29609375 0.00546875 0.02265625
0 0.75625 0.24140625 0.00546875 0.021875
4 0.07890625 0.29140625 0.00546875 0.021875
0 0.4859375 0.253125 0.0046875 0.0171875
4 0.340625 0.2796875 0.00625 0.02265625
4 0.26484375 0.2796875 0.0046875 0.0203125
0 0.54609375 0.2484375 0.0046875 0.01875
0 0.43203125 0.25546875 0.003125 0.01328125
0 0.68125 0.24375 0.00390625 0.01875
4 0.08671875 0.28046875 0.003125 0.01328125
4 0.94765625 0.2453125 0.00625 0.03046875
4 0.625 0.2546875 0.00546875 0.021875
0 0.6015625 0.24765625 0.0046875 0.01875
4 0.4015625 0.2640625 0.00390625 0.0171875
4 0.45546875 0.26171875 0.003125 0.01484375
4 0.42421875 0.315625 0.01015625 0.03984375
4 0.50390625 0.259375 0.0046875 0.0203125
4 0.4015625 0.29765625 0.0078125 0.03359375
4 0.18125 0.2734375 0.003125 0.0140625
0 0.8515625 0.23671875 0.00625 0.02421875
4 0.14375 0.27578125 0.003125 0.0140625
4 0.28828125 0.265625 0.003125 0.01640625
4 0.24765625 0.2703125 0.00390625 0.01640625
4 0.55546875 0.25546875 0.00390625 0.01953125
4 0.84609375 0.2453125 0.00703125 0.028125
4 0.17890625 0.28359375 0.0046875 0.01953125
0 0.3875 0.25859375 0.003125 0.01328125
0 0.10625 0.275 0.003125 0.01328125
0 0.06875 0.27890625 0.003125 0.01171875
4 0.34765625 0.26171875 0.003125 0.01484375
4 0.6984375 0.2515625 0.00625 0.02265625
0 0.3328125 0.26015625 0.003125 0.01328125
0 0.28359375 0.26328125 0.003125 0.01328125
4 0.21796875 0.27265625 0.003125 0.0140625
0 0.215625 0.26484375 0.003125 0.01328125
4 0.40625 0.2828125 0.00625 0.02734375
0 0.153125 0.2703125 0.00234375 0.0109375