0 0.3765625 0.4046875 0.01875 0.07578125
0 0.5609375 0.271875 0.0078125 0.0328125
0 0.47109375 0.3078125 0.01015625 0.04140625
0 0.53359375 0.26171875 0.00625 0.02734375
0 0.41953125 0.3421875 0.0140625 0.05234375
4 0.63984375 0.24765625 0.00625 0.02578125
0 0.4828125 0.26015625 0.00546875 0.02421875
4 0.70078125 0.26015625 0.009375 0.03359375
4 0.80234375 0.2265625 0.00546875 0.02265625
4 0.86796875 0.22421875 0.0078125 0.02578125
4 0.81015625 0.3890625 0.02890625 0.09375
0 0.340625 0.5671875 0.03671875 0.14765625
0 0.85078125 0.21328125 0.0046875 0.0203125
0 0.30859375 0.26640625 0.0046875 0.01953125
4 0.2078125 0.26484375 0.003125 0.0140625
0 0.38359375 0.26015625 0.00546875 0.0203125
4 0.1359375 0.271875 0.003125 0.01484375
4 0.5671875 0.24375 0.00546875 0.02421875
0 0.940625 0.20859375 0.00625 0.02421875
4 0.303125 0.24921875 0.003125 0.01171875
4 0.2546875 0.2578125 0.003125 0.01328125
4 0.57890625 0.22734375 0.003125 0.01484375
0 0.13125 0.28984375 0.0046875 0.021875
4 0.65546875 0.32734375 0.01484375 0.05859375
0 0.22265625 0.27734375 0.0046875 0.01953125
0 0.0734375 0.2765625 0.00390625 0.01640625
0 0.4375 0.2578125 0.00546875 0.02421875
4 0.2453125 0.265625 0.00390625 0.01875
4 0.66953125 0.28515625 0.0109375 0.0421875
4 0.1234375 0.27265625 0.00390625 0.01484375
4 0.490625 0.22890625 0.00234375 0.0140625
0 0.7828125 0.215625 0.003125 0.01875
4 0.40859375 0.24921875 0.00390625 0.01953125
4 0.48984375 0.24296875 0.00390625 0.0203125
4 0.44453125 0.2328125 0.003125 0.0140625
0 0.165625 0.26796875 0.003125 0.01171875
0 0.21640625 0.26015625 0.003125 0.01171875
4 0.9484375 0.221875 0.00546875 0.028125
0 0.73203125 0.2171875 0.00390625 0.0171875
0 0.0546875 0.2984375 0.00546875 0.0203125
0 0.67109375 0.215625 0.003125 0.0140625
4 0.61796875 0.22421875 0.003125 0.01484375
4 0.13046875 0.27734375 0.00390625 0.0171875
4 0.73984375 0.225 0.00546875 0.01953125
0 0.1171875 0.27265625 0.003125 0.01328125
4 0.68046875 0.2203125 0.003125 0.01875
4 0.52265625 0.22734375 0.003125 0.0140625
4 0.16796875 0.27421875 0.00390625 0.0203125
4 0.553125 0.22734375 0.003125 0.0140625
4 0.32421875 0.25625 0.00390625 0.01640625
1 0.0609375 0.25859375 0.003125 0.0171875
0 0.5859375 0.21953125 0.003125 0.01328125
1 0.05078125 0.25859375 0.00234375 0.0171875
1 0.065625 0.25859375 0.003125 0.0171875
0 0.56015625 0.2203125 0.003125 0.01171875
0 0.62109375 0.21875 0.003125 0.0140625
0 0.46484375 0.22734375 0.00234375 0.01171875
1 0.05546875 0.26171875 0.00234375 0.01328125