4 0.703125 0.5890625 0.05 0.1703125
0 0.81484375 0.36640625 0.028125 0.0796875
4 0.6125 0.44453125 0.02734375 0.10546875
4 0.56171875 0.37734375 0.0203125 0.071875
4 0.5109375 0.334375 0.01484375 0.053125
4 0.459375 0.31484375 0.0125 0.04296875
4 0.4015625 0.303125 0.01015625 0.0375
4 0.353125 0.29296875 0.00859375 0.0296875
4 0.36953125 0.27734375 0.00703125 0.02421875
4 0.38359375 0.26796875 0.00625 0.02421875
0 0.2171875 0.64609375 0.06171875 0.19375
0 0.3015625 0.4828125 0.0328125 0.1140625
0 0.31484375 0.4015625 0.0234375 0.0765625
0 0.271875 0.37109375 0.01796875 0.06015625
0 0.240625 0.35625 0.01640625 0.0515625
0 0.20234375 0.34375 0.015625 0.0453125
0 0.18359375 0.32890625 0.01640625 0.03984375
0 0.19765625 0.3171875 0.01015625 0.03359375
0 0.2328125 0.30078125 0.0109375 0.03125
0 0.2625 0.2875 0.00859375 0.03125
0 0.27890625 0.28203125 0.00703125 0.02265625
0 0.3078125 0.271875 0.00625 0.01953125
1 0.3109375 0.26171875 0.00703125 0.03359375
1 0.31328125 0.2609375 0.00546875 0.03359375
0 0.32421875 0.2640625 0.00546875 0.01796875
1 0.38984375 0.25703125 0.00546875 0.03125
0 0.1328125 0.303125 0.009375 0.02890625
0 0.175 0.290625 0.00703125 0.02421875
3 0.571875 0.31484375 0.015625 0.0625
3 0.4796875 0.28515625 0.01328125 0.053125
3 0.39609375 0.27890625 0.00625 0.0359375
3 0.24140625 0.28125 0.0078125 0.021875
3 0.28515625 0.2671875 0.00703125 0.0171875
3 0.11796875 0.3453125 0.0203125 0.06015625
3 0.09375 0.3921875 0.02890625 0.08515625
4 0.40390625 0.2515625 0.00546875 0.01796875
4 0.39375 0.25859375 0.00390625 0.021875
4 0.41328125 0.24375 0.00390625 0.0140625
4 0.41796875 0.240625 0.003125 0.01171875
0 0.3421875 0.25546875 0.0046875 0.01796875
0 0.3625 0.24609375 0.00390625 0.0171875
3 0.18671875 0.2796875 0.00703125 0.025
3 0.196875 0.29765625 0.01015625 0.025
0 0.16640625 0.28359375 0.00546875 0.01953125
0 0.1609375 0.2828125 0.00546875 0.01953125
4 0.15 0.27734375 0.0046875 0.0171875
4 0.11640625 0.2859375 0.00625 0.01953125
4 0.0875 0.2921875 0.00703125 0.021875
4 0.06796875 0.29765625 0.00625 0.02265625
3 0.3375 0.253125 0.00390625 0.02265625
0 0.36953125 0.240625 0.003125 0.015625
4 0.22734375 0.2625 0.00390625 0.015625
0 0.23203125 0.26484375 0.00390625 0.015625
3 0.2390625 0.2640625 0.00390625 0.01796875
0 0.1796875 0.2828125 0.00546875 0.01953125
0 0.196875 0.27109375 0.00390625 0.015625
4 0.1921875 0.26953125 0.00390625 0.0140625
4 0.25625 0.25625 0.0046875 0.015625
0 0.2625 0.259375 0.00390625 0.01328125