0 0.090625 0.7015625 0.06171875 0.21171875
0 0.30546875 0.4734375 0.0328125 0.1109375
0 0.41953125 0.3796875 0.01640625 0.0671875
0 0.45 0.33203125 0.01015625 0.05078125
0 0.43828125 0.31015625 0.009375 0.03828125
0 0.4265625 0.28984375 0.00703125 0.03125
0 0.4125 0.28125 0.00703125 0.02890625
0 0.36640625 0.2765625 0.00546875 0.02421875
0 0.33515625 0.27421875 0.00546875 0.02421875
0 0.303125 0.27421875 0.00546875 0.02421875
0 0.259375 0.2796875 0.00546875 0.021875
0 0.2140625 0.2859375 0.00546875 0.02421875
0 0.1640625 0.2984375 0.00703125 0.02890625
0 0.1125 0.31015625 0.00859375 0.02890625
4 0.0875 0.29921875 0.00859375 0.0265625
4 0.165625 0.28359375 0.00703125 0.02421875
4 0.209375 0.2765625 0.00546875 0.01953125
4 0.271875 0.2703125 0.00390625 0.01953125
4 0.3234375 0.2640625 0.00546875 0.021875
4 0.371875 0.26328125 0.003125 0.01953125
4 0.4015625 0.2640625 0.00390625 0.01953125
4 0.43359375 0.2640625 0.00546875 0.01953125
4 0.4578125 0.2640625 0.00546875 0.021875
4 0.48671875 0.2671875 0.00546875 0.02421875
4 0.52421875 0.275 0.00703125 0.02890625
4 0.546875 0.2875 0.0078125 0.03359375
4 0.5859375 0.3078125 0.01015625 0.04296875
4 0.6515625 0.35078125 0.0171875 0.0625
4 0.71875 0.421875 0.02734375 0.09609375
4 0.7171875 0.5625 0.04609375 0.15859375