0 0.146875 0.665625 0.06796875 0.2015625
0 0.33203125 0.41015625 0.021875 0.08515625
0 0.40390625 0.3359375 0.01171875 0.0515625
0 0.4296875 0.303125 0.009375 0.03984375
0 0.4046875 0.290625 0.0078125 0.03359375
0 0.3828125 0.2875 0.00703125 0.0328125
0 0.3453125 0.2921875 0.0078125 0.03125
0 0.309375 0.29765625 0.00859375 0.03515625
0 0.275 0.30859375 0.01015625 0.0359375
0 0.23984375 0.3265625 0.01171875 0.04296875
0 0.184375 0.3578125 0.015625 0.053125
0 0.096875 0.39921875 0.021875 0.071875
4 0.1203125 0.340625 0.0140625 0.0421875
4 0.1984375 0.3125 0.01015625 0.03359375
4 0.26328125 0.29296875 0.0078125 0.02734375
4 0.32734375 0.27734375 0.00625 0.0265625
4 0.3734375 0.271875 0.00625 0.02421875
4 0.42578125 0.26640625 0.00546875 0.02265625
4 0.46875 0.265625 0.00625 0.02421875
4 0.509375 0.26796875 0.00703125 0.0265625
4 0.53515625 0.27734375 0.00703125 0.0328125
4 0.553125 0.2953125 0.00859375 0.03828125
4 0.56796875 0.321875 0.01015625 0.0484375
4 0.60859375 0.39453125 0.0203125 0.08203125
4 0.7390625 0.640625 0.0625 0.20703125
3 0.2484375 0.28203125 0.00703125 0.0296875
3 0.1890625 0.2890625 0.0046875 0.02734375
3 0.18515625 0.30078125 0.00859375 0.0375
3 0.115625 0.3234375 0.00859375 0.0484375
3 0.09453125 0.315625 0.0125 0.03984375
3 0.24296875 0.27578125 0.0046875 0.02265625
3 0.278125 0.265625 0.003125 0.02421875
3 0.28203125 0.27109375 0.0046875 0.025
3 0.309375 0.2640625 0.00390625 0.021875
3 0.30625 0.25859375 0.003125 0.0171875