0 0.8703125 0.2984375 0.01328125 0.040625
0 0.8328125 0.28359375 0.009375 0.03359375
0 0.8421875 0.27421875 0.00703125 0.03125
0 0.36953125 0.26953125 0.00625 0.02265625
0 0.3953125 0.275 0.00625 0.02890625
0 0.434375 0.2859375 0.00859375 0.03359375
0 0.42109375 0.3171875 0.0109375 0.0453125
0 0.38125 0.37421875 0.01796875 0.06640625
0 0.203125 0.60234375 0.053125 0.178125
1 0.29921875 0.43984375 0.04453125 0.1734375
1 0.32734375 0.4078125 0.03203125 0.14453125
1 0.67265625 0.39140625 0.02734375 0.14765625
1 0.696875 0.4109375 0.0421875 0.16328125
4 0.7984375 0.58515625 0.06015625 0.178125
4 0.62890625 0.3765625 0.02109375 0.0765625
4 0.590625 0.31796875 0.01328125 0.0515625
4 0.56796875 0.2875 0.01015625 0.03515625
4 0.53359375 0.2671875 0.0078125 0.02890625
4 0.50078125 0.26484375 0.00703125 0.025
4 0.471875 0.26171875 0.00625 0.025
4 0.45234375 0.259375 0.00625 0.02265625
4 0.434375 0.2546875 0.00390625 0.01953125
4 0.4296875 0.25234375 0.00390625 0.01953125
4 0.85078125 0.32421875 0.01875 0.05625
4 0.74375 0.29609375 0.009375 0.0421875
4 0.7203125 0.28046875 0.01015625 0.03515625
4 0.71484375 0.26796875 0.00625 0.03125
4 0.7296875 0.2640625 0.00703125 0.0296875
4 0.7453125 0.26171875 0.00625 0.025
2 0.75 0.33828125 0.021875 0.08046875
2 0.6515625 0.28984375 0.01328125 0.053125
2 0.68671875 0.2625 0.009375 0.0375
2 0.56640625 0.2671875 0.0078125 0.040625
0 0.35546875 0.2640625 0.00546875 0.02421875
2 0.53828125 0.2578125 0.00703125 0.0328125
0 0.84609375 0.271875 0.00546875 0.02890625
2 0.8296875 0.27109375 0.00625 0.0375
0 0.809375 0.259375 0.00390625 0.01953125
0 0.390625 0.28515625 0.00703125 0.040625
0 0.75859375 0.25 0.003125 0.01953125