0 0.37421875 0.6921875 0.0359375 0.0671875
0 0.425 0.61796875 0.0171875 0.03828125
0 0.421875 0.58515625 0.01328125 0.02734375
0 0.4265625 0.56484375 0.00625 0.0203125
4 0.74921875 0.69609375 0.03046875 0.0578125
4 0.6484375 0.62265625 0.01796875 0.0359375
4 0.5875 0.58984375 0.015625 0.03203125
4 0.55234375 0.56875 0.01015625 0.02421875
4 0.51875 0.553125 0.00546875 0.0140625
0 0.4265625 0.55 0.0078125 0.015625
0 0.41640625 0.5421875 0.00625 0.01328125
0 0.39296875 0.5375 0.00546875 0.01328125
0 0.353125 0.53359375 0.00546875 0.01328125
4 0.49921875 0.54375 0.00546875 0.01171875
4 0.46953125 0.53828125 0.00546875 0.01171875
0 0.2953125 0.53203125 0.00546875 0.0140625
4 0.434375 0.5328125 0.00390625 0.01015625
4 0.39765625 0.5296875 0.003125 0.009375
4 0.3578125 0.52734375 0.00390625 0.009375
4 0.309375 0.52578125 0.003125 0.009375