3 0.803125 0.60546875 0.065625 0.19453125
4 0.609375 0.44921875 0.03046875 0.1109375
4 0.50390625 0.38515625 0.0203125 0.0734375
4 0.43046875 0.35546875 0.01640625 0.05625
4 0.35234375 0.3375 0.01171875 0.0484375
4 0.359375 0.315625 0.01015625 0.03984375
4 0.36875 0.2984375 0.00859375 0.03359375
4 0.4109375 0.28359375 0.00703125 0.02890625
4 0.45234375 0.27265625 0.00703125 0.0265625
4 0.4875 0.2640625 0.00625 0.02421875
4 0.51640625 0.25625 0.00546875 0.0203125
4 0.509375 0.24765625 0.003125 0.01953125
4 0.50078125 0.2453125 0.00390625 0.01953125
4 0.48359375 0.2453125 0.003125 0.0140625
4 0.4625 0.24453125 0.003125 0.01328125
0 0.11796875 0.7421875 0.0515625 0.1765625
0 0.16484375 0.5046875 0.0328125 0.115625
0 0.14765625 0.42421875 0.0234375 0.07421875
0 0.1546875 0.38046875 0.01171875 0.05390625
0 0.10234375 0.34375 0.0078125 0.03359375
0 0.16484375 0.36015625 0.0109375 0.04921875
0 0.20546875 0.33671875 0.01171875 0.03828125
0 0.19921875 0.309375 0.00625 0.025
4 0.19609375 0.29609375 0.00546875 0.0203125
0 0.24140625 0.31875 0.00859375 0.0359375
1 0.25 0.27421875 0.00390625 0.0265625
1 0.25546875 0.2734375 0.00390625 0.025
0 0.28828125 0.3015625 0.00625 0.0265625
0 0.33515625 0.28515625 0.00546875 0.02734375
1 0.31328125 0.26328125 0.00390625 0.0265625
1 0.31640625 0.26171875 0.003125 0.02265625
0 0.3796875 0.275 0.00546875 0.02265625
0 0.415625 0.2671875 0.00390625 0.021875
0 0.44375 0.2609375 0.00390625 0.0171875
0 0.453125 0.25546875 0.00390625 0.015625
3 0.1265625 0.4078125 0.01796875 0.09140625
3 0.11328125 0.35 0.00859375 0.0515625
3 0.27578125 0.29765625 0.00703125 0.0375
3 0.3875 0.30703125 0.00859375 0.04921875
3 0.42890625 0.2828125 0.00546875 0.03984375
3 0.5125 0.265625 0.00546875 0.03359375
3 0.359375 0.27109375 0.00625 0.0328125