0 0.515625 0.26640625 0.00625 0.0328125
4 0.621875 0.26796875 0.00625 0.03125
4 0.65625 0.26171875 0.00625 0.02890625
4 0.696875 0.259375 0.0078125 0.02890625
4 0.72890625 0.25703125 0.0078125 0.03359375
4 0.7796875 0.2609375 0.0078125 0.03828125
4 0.8484375 0.2640625 0.01171875 0.040625
0 0.47265625 0.2875 0.00859375 0.04296875
4 0.6 0.275 0.00859375 0.03828125
0 0.44921875 0.303125 0.01171875 0.04453125
4 0.58515625 0.29921875 0.01015625 0.0453125
4 0.59609375 0.3296875 0.015625 0.05859375
0 0.42109375 0.340625 0.01484375 0.05859375
0 0.36328125 0.4546875 0.02578125 0.11171875
4 0.65390625 0.45 0.03515625 0.11640625
0 0.54140625 0.25859375 0.00546875 0.0265625
0 0.58203125 0.2515625 0.00546875 0.02421875
0 0.6171875 0.2453125 0.00546875 0.02421875
0 0.7046875 0.24375 0.0046875 0.021875
0 0.75625 0.24375 0.00625 0.02890625
0 0.8140625 0.24609375 0.00859375 0.03515625
0 0.88359375 0.2515625 0.01015625 0.03515625
4 0.934375 0.2765625 0.0109375 0.0453125
0 0.65546875 0.24296875 0.00625 0.02890625