1 0.3125 0.609375 0.071875 0.1703125
4 0.28203125 0.79453125 0.08828125 0.175
2 0.32109375 0.6859375 0.06171875 0.13515625
1 0.33828125 0.57734375 0.05 0.15
2 0.37578125 0.53984375 0.03671875 0.0734375
4 0.37734375 0.50703125 0.02734375 0.05859375
2 0.41015625 0.49375 0.02734375 0.05625
2 0.4296875 0.45625 0.01796875 0.04140625
2 0.41328125 0.43671875 0.01640625 0.03515625
2 0.5703125 0.41484375 0.01796875 0.03828125
2 0.61171875 0.43359375 0.0203125 0.046875
2 0.6328125 0.46171875 0.0265625 0.05859375
0 0.67578125 0.46796875 0.0328125 0.06328125
2 0.67734375 0.4984375 0.03515625 0.0765625
1 0.7171875 0.528125 0.0453125 0.15625
1 0.74921875 0.5546875 0.06640625 0.1796875
2 0.7484375 0.38671875 0.01875 0.03828125
2 0.79375 0.66171875 0.07734375 0.15
0 0.815625 0.7796875 0.1109375 0.203125