4 0.790625 0.246875 0.0078125 0.0296875
0 0.85078125 0.23203125 0.00703125 0.02421875
0 0.878125 0.240625 0.00859375 0.03125
4 0.8375 0.2515625 0.009375 0.03828125
4 0.9015625 0.2640625 0.01171875 0.03828125
0 0.47578125 0.2765625 0.00859375 0.03359375
4 0.58515625 0.28828125 0.01171875 0.0484375
0 0.46171875 0.290625 0.00859375 0.04296875
4 0.6015625 0.321875 0.01015625 0.05078125
1 0.61875 0.33984375 0.0171875 0.115625
4 0.71484375 0.475 0.034375 0.1296875
0 0.33359375 0.4625 0.03046875 0.115625
1 0.4140625 0.3484375 0.0203125 0.115625
1 0.42734375 0.3375 0.0140625 0.10234375
0 0.44296875 0.321875 0.01171875 0.05546875
4 0.575 0.26796875 0.00859375 0.0359375
4 0.571875 0.25625 0.00390625 0.03125
1 0.609375 0.32421875 0.01171875 0.10546875
0 0.10625 0.76328125 0.04140625 0.13671875
0 0.484375 0.2625 0.0046875 0.025
0 0.49375 0.25625 0.00390625 0.02421875
0 0.50703125 0.24921875 0.00390625 0.02265625
0 0.5265625 0.24453125 0.00390625 0.01796875
0 0.54765625 0.24140625 0.003125 0.0171875
0 0.58671875 0.23515625 0.00390625 0.01796875
0 0.6140625 0.2328125 0.003125 0.015625
0 0.64765625 0.23203125 0.00390625 0.01953125
0 0.6890625 0.23046875 0.003125 0.0171875
0 0.72890625 0.23125 0.00390625 0.01796875
0 0.753125 0.23125 0.003125 0.0203125
0 0.8140625 0.23359375 0.0046875 0.02265625
4 0.74765625 0.240625 0.00546875 0.025
4 0.709375 0.240625 0.00390625 0.0203125
4 0.6703125 0.240625 0.0046875 0.02421875
4 0.6328125 0.24296875 0.00546875 0.02421875
4 0.5984375 0.24765625 0.00625 0.0265625
0 0.7890625 0.23125 0.00546875 0.02265625