0 0.753125 0.290625 0.01015625 0.040625
0 0.60859375 0.30703125 0.0109375 0.046875
0 0.84609375 0.2953125 0.01015625 0.04296875
0 0.55 0.32734375 0.0109375 0.05390625
0 0.46484375 0.3734375 0.0171875 0.07109375
4 0.853125 0.36328125 0.02421875 0.0765625
4 0.925 0.36328125 0.02421875 0.0765625
4 0.76953125 0.37578125 0.02421875 0.0828125
4 0.71484375 0.4203125 0.025 0.09375
0 0.38515625 0.446875 0.02421875 0.10234375
4 0.7515625 0.57265625 0.05078125 0.17421875
0 0.67265625 0.2953125 0.01015625 0.04296875