0 0.353125 0.3640625 0.03046875 0.115625
0 0.49453125 0.27265625 0.0171875 0.06953125
0 0.58046875 0.22265625 0.01015625 0.046875
0 0.590625 0.19453125 0.00703125 0.03359375
0 0.59375 0.178125 0.00703125 0.01953125
4 0.725 0.1828125 0.00859375 0.02890625
4 0.74140625 0.19921875 0.01015625 0.03828125
4 0.76015625 0.23828125 0.015625 0.0578125
4 0.7953125 0.359375 0.03046875 0.11796875
4 0.8875 0.1859375 0.0109375 0.025
4 0.8015625 0.178125 0.00859375 0.0203125
4 0.74765625 0.178125 0.00703125 0.0171875