0 0.2765625 0.6390625 0.046875 0.1921875
0 0.334375 0.4484375 0.02421875 0.103125
0 0.359375 0.35625 0.015625 0.05625
0 0.353125 0.325 0.00859375 0.04453125
0 0.296875 0.31015625 0.00859375 0.03828125
0 0.26015625 0.30546875 0.01015625 0.0359375
0 0.21640625 0.30546875 0.009375 0.03359375
0 0.15078125 0.3125 0.01015625 0.03359375
0 0.0796875 0.321875 0.01171875 0.03828125
4 0.1015625 0.30390625 0.01015625 0.03125
4 0.1953125 0.2921875 0.00703125 0.0265625
4 0.26640625 0.28359375 0.00703125 0.02890625
4 0.3296875 0.28359375 0.00703125 0.02421875
4 0.3671875 0.28359375 0.00703125 0.02890625
4 0.409375 0.28359375 0.00703125 0.02890625
4 0.440625 0.2875 0.00859375 0.03359375
4 0.47890625 0.2953125 0.00859375 0.0359375
4 0.534375 0.321875 0.01171875 0.0484375
4 0.57890625 0.36328125 0.01640625 0.0671875
4 0.6953125 0.4734375 0.0328125 0.1203125