0 0.33046875 0.4375 0.02734375 0.09609375
0 0.47734375 0.34375 0.015625 0.0578125
0 0.59765625 0.3109375 0.01015625 0.0453125
0 0.6921875 0.28828125 0.01015625 0.03828125
0 0.72421875 0.27890625 0.0078125 0.02890625
4 0.8703125 0.30625 0.01015625 0.040625
4 0.7609375 0.36875 0.0203125 0.07421875
4 0.76015625 0.44921875 0.034375 0.1109375
4 0.8046875 0.59765625 0.0546875 0.18984375
1 0.646875 0.2859375 0.01328125 0.071875
1 0.6640625 0.28125 0.01328125 0.071875
0 0.71953125 0.25703125 0.00546875 0.02421875
0 0.72890625 0.2640625 0.00546875 0.02890625
0 0.7484375 0.24765625 0.00703125 0.02421875
1 0.796875 0.3234375 0.021875 0.09609375
1 0.81640625 0.3171875 0.01875 0.09140625
4 0.8359375 0.32421875 0.01640625 0.053125
4 0.8625 0.290625 0.01015625 0.04296875
4 0.83125 0.2765625 0.00859375 0.0359375
4 0.82578125 0.2671875 0.00703125 0.0265625
4 0.8359375 0.259375 0.00703125 0.02890625