2 0.89921875 0.825 0.07421875 0.14375
2 0.63046875 0.640625 0.04375 0.09296875
2 0.57734375 0.5609375 0.02578125 0.05859375
4 0.5984375 0.54921875 0.02578125 0.0546875
2 0.565625 0.53359375 0.01484375 0.046875
1 0.55703125 0.50625 0.0171875 0.06484375
2 0.53984375 0.50859375 0.01484375 0.0359375
4 0.53125 0.50390625 0.009375 0.03359375
2 0.19453125 0.8390625 0.06015625 0.1140625
2 0.28125 0.65859375 0.04453125 0.08515625
2 0.34921875 0.58671875 0.02734375 0.05859375
2 0.36953125 0.55625 0.021875 0.046875
1 0.3875 0.52421875 0.02578125 0.06328125
1 0.39453125 0.51875 0.01796875 0.06015625
2 0.41015625 0.5203125 0.0171875 0.0359375
0 0.42578125 0.5125 0.01484375 0.03203125
0 0.32890625 0.578125 0.0234375 0.05625
2 0.2265625 0.58671875 0.02578125 0.05625
1 0.55234375 0.50234375 0.0109375 0.0609375