4 0.128125 0.553125 0.00546875 0.01015625
4 0.1734375 0.553125 0.00546875 0.01015625
4 0.20390625 0.55703125 0.00625 0.0140625
4 0.234375 0.5640625 0.0078125 0.015625
4 0.26015625 0.56875 0.01015625 0.015625
2 0.2953125 0.58125 0.01015625 0.021875
4 0.3078125 0.58203125 0.0125 0.0203125
2 0.3015625 0.58203125 0.01015625 0.02421875
4 0.3265625 0.6 0.015625 0.03203125
2 0.10625 0.60625 0.015625 0.03203125
4 0.3921875 0.6390625 0.028125 0.05
4 0.62109375 0.721875 0.03984375 0.09296875
0 0.09296875 0.58671875 0.00703125 0.021875
0 0.09296875 0.57421875 0.00546875 0.01796875
0 0.09296875 0.609375 0.00703125 0.02578125