4 0.7515625 0.51015625 0.00546875 0.01171875
4 0.8375 0.5109375 0.0078125 0.0140625
4 0.69375 0.51171875 0.00546875 0.01171875
4 0.6265625 0.515625 0.00546875 0.01171875
4 0.55234375 0.5203125 0.00546875 0.01015625
0 0.7375 0.52265625 0.00234375 0.01171875
0 0.6140625 0.52421875 0.00546875 0.01171875
4 0.49140625 0.52421875 0.00390625 0.01015625
0 0.65390625 0.52421875 0.00546875 0.01171875
0 0.54609375 0.52578125 0.00390625 0.01171875
4 0.44140625 0.528125 0.00234375 0.0078125
0 0.734375 0.53203125 0.0078125 0.015625
0 0.471875 0.53203125 0.00546875 0.01171875
0 0.43203125 0.53515625 0.003125 0.0109375
4 0.35859375 0.53671875 0.003125 0.01015625
4 0.4296875 0.5421875 0.00546875 0.01171875
0 0.3625 0.5421875 0.00625 0.01171875
0 0.66171875 0.5453125 0.01015625 0.0203125
4 0.2890625 0.54609375 0.00546875 0.01171875
4 0.20703125 0.546875 0.00390625 0.01015625
4 0.24921875 0.546875 0.00390625 0.01015625
4 0.865625 0.54765625 0.0125 0.028125
0 0.12265625 0.55 0.00390625 0.01015625
0 0.26796875 0.553125 0.0078125 0.0140625
0 0.5015625 0.55703125 0.00859375 0.01796875
0 0.14140625 0.5578125 0.00390625 0.01171875
0 0.15546875 0.559375 0.00546875 0.01171875
0 0.18359375 0.56015625 0.00546875 0.01171875
0 0.30703125 0.56015625 0.0078125 0.015625
0 0.39140625 0.56015625 0.0078125 0.0171875
4 0.2203125 0.56171875 0.0078125 0.015625
0 0.21171875 0.56796875 0.0078125 0.015625
4 0.675 0.5703125 0.0140625 0.028125
4 0.4578125 0.58125 0.0125 0.02578125
4 0.30546875 0.58828125 0.01015625 0.02421875
4 0.19140625 0.58828125 0.01015625 0.02421875
4 0.425 0.61328125 0.01796875 0.03828125
4 0.5515625 0.6140625 0.021875 0.03984375
4 0.6921875 0.625 0.028125 0.05
4 0.25390625 0.628125 0.0203125 0.03828125
4 0.9 0.65859375 0.01953125 0.075
4 0.63984375 0.54140625 0.01328125 0.01484375
4 0.5015625 0.540625 0.0109375 0.01171875
4 0.53671875 0.5359375 0.00859375 0.01171875
4 0.1453125 0.5734375 0.01171875 0.009375
4 0.3125 0.55625 0.00625 0.0109375
4 0.39921875 0.5515625 0.01015625 0.0109375
4 0.13671875 0.55078125 0.00390625 0.01015625
4 0.55390625 0.5421875 0.0125 0.009375