0 0.7125 0.5640625 0.015625 0.0359375
0 0.4703125 0.59765625 0.0234375 0.04375
0 0.26953125 0.72265625 0.05234375 0.09765625
4 0.76640625 0.6421875 0.0328125 0.06796875
0 0.8171875 0.503125 0.00546875 0.0109375
4 0.83515625 0.50078125 0.00546875 0.01171875
4 0.7671875 0.50234375 0.00546875 0.01015625
0 0.7421875 0.5046875 0.00546875 0.01171875
0 0.6515625 0.5078125 0.00390625 0.009375
0 0.5671875 0.509375 0.00390625 0.009375
0 0.5015625 0.5125 0.0046875 0.009375
0 0.40625 0.521875 0.00546875 0.0109375
0 0.3390625 0.528125 0.0046875 0.0078125
0 0.23046875 0.534375 0.00546875 0.0109375
0 0.12421875 0.540625 0.00703125 0.01328125
4 0.67734375 0.50390625 0.00390625 0.01015625
4 0.60234375 0.50546875 0.00390625 0.009375
4 0.5390625 0.50703125 0.003125 0.0078125
4 0.490625 0.509375 0.0046875 0.009375
4 0.365625 0.51875 0.00390625 0.009375
4 0.1015625 0.53671875 0.00546875 0.01171875
4 0.3890625 0.51640625 0.0046875 0.0109375
4 0.33671875 0.52265625 0.00390625 0.009375
4 0.4296875 0.51171875 0.003125 0.0078125
4 0.2265625 0.5296875 0.00390625 0.0109375