2 0.12890625 0.5421875 0.0109375 0.01953125
4 0.20078125 0.5484375 0.0109375 0.021875
2 0.23046875 0.56640625 0.0171875 0.0359375
4 0.25078125 0.56875 0.02109375 0.03828125
0 0.33359375 0.5625 0.0125 0.02421875
2 0.27265625 0.571875 0.01953125 0.0375
2 0.40390625 0.57265625 0.01484375 0.02890625
0 0.4234375 0.5734375 0.01328125 0.02890625
2 0.44375 0.57578125 0.0125 0.02890625
4 0.37265625 0.590625 0.0265625 0.04921875
0 0.61015625 0.59296875 0.015625 0.03359375
4 0.45234375 0.625 0.0390625 0.078125
4 0.2796875 0.73359375 0.1171875 0.1953125