0 0.675 0.34296875 0.00859375 0.01484375
0 0.546875 0.34296875 0.009375 0.015625
0 0.8125 0.34375 0.009375 0.015625
0 0.41953125 0.34453125 0.009375 0.01640625
0 0.26953125 0.346875 0.01015625 0.01796875
4 0.5375 0.3515625 0.01171875 0.01875
0 0.09296875 0.35234375 0.01171875 0.01875
4 0.7 0.35234375 0.0109375 0.01875
4 0.9078125 0.35390625 0.01171875 0.0203125
4 0.37578125 0.3546875 0.01171875 0.0203125
4 0.19609375 0.396875 0.02421875 0.03828125
4 0.403125 0.43046875 0.03515625 0.05234375
4 0.72421875 0.49765625 0.0546875 0.0828125
4 0.19296875 0.36015625 0.015625 0.021875
4 0.08671875 0.3703125 0.01015625 0.028125