4 0.3265625 0.440625 0.00546875 0.01171875
4 0.8921875 0.51953125 0.021875 0.0328125
4 0.41171875 0.43359375 0.0046875 0.009375
0 0.49296875 0.44765625 0.00625 0.01328125
4 0.3140625 0.44765625 0.00703125 0.01484375
4 0.67734375 0.459375 0.00703125 0.01328125
0 0.7609375 0.4640625 0.00703125 0.0140625
0 0.81484375 0.47421875 0.0078125 0.01796875
4 0.72109375 0.47109375 0.00859375 0.015625
0 0.20703125 0.446875 0.00703125 0.01328125
4 0.7875 0.48828125 0.0140625 0.02265625
0 0.1125 0.45625 0.01015625 0.0171875
4 0.25234375 0.45625 0.0109375 0.01875
4 0.140625 0.47265625 0.01640625 0.021875
4 0.490625 0.48359375 0.0140625 0.025
4 0.3328125 0.47734375 0.01484375 0.02734375
4 0.59140625 0.50390625 0.01640625 0.0296875
4 0.41171875 0.47421875 0.0140625 0.025
4 0.71171875 0.546875 0.0265625 0.0453125
4 0.23203125 0.4875 0.01953125 0.03125
0 0.36015625 0.55390625 0.0265625 0.05390625
0 0.290625 0.53984375 0.0296875 0.04765625
0 0.25078125 0.690625 0.0546875 0.1109375
0 0.10390625 0.57109375 0.02890625 0.0640625
4 0.35703125 0.43671875 0.0046875 0.0109375
4 0.37734375 0.43359375 0.0046875 0.009375
0 0.725 0.45703125 0.00546875 0.01171875
0 0.26796875 0.440625 0.00546875 0.0109375
0 0.30234375 0.43671875 0.0046875 0.01015625
0 0.3296875 0.43515625 0.00390625 0.009375
0 0.35234375 0.43359375 0.0046875 0.009375
0 0.69921875 0.4515625 0.0046875 0.0109375
0 0.37421875 0.43203125 0.003125 0.0078125
0 0.40078125 0.43125 0.00546875 0.01015625
0 0.425 0.43125 0.0046875 0.01015625
0 0.446875 0.43125 0.00390625 0.01015625
0 0.4703125 0.43125 0.0046875 0.01015625
0 0.50078125 0.4328125 0.0046875 0.009375
0 0.53203125 0.434375 0.0046875 0.01015625
0 0.5734375 0.43671875 0.0046875 0.009375
0 0.6015625 0.4375 0.00390625 0.009375
0 0.61640625 0.43828125 0.0046875 0.009375
0 0.634375 0.440625 0.00390625 0.01015625
0 0.653125 0.44375 0.0046875 0.009375
0 0.67421875 0.44765625 0.00546875 0.0109375
4 0.64375 0.4484375 0.0046875 0.0109375
4 0.61953125 0.44375 0.00546875 0.0109375
4 0.596875 0.43984375 0.0046875 0.0109375
4 0.56640625 0.43671875 0.0046875 0.01015625
4 0.52265625 0.43515625 0.0046875 0.009375
4 0.4828125 0.4328125 0.00546875 0.01015625
4 0.44375 0.43359375 0.00546875 0.0109375