4 0.5375 0.434375 0.0078125 0.0171875
4 0.5703125 0.425 0.00625 0.01171875
0 0.4265625 0.43125 0.00546875 0.0109375
0 0.415625 0.440625 0.00703125 0.0140625
4 0.9046875 0.42578125 0.0078125 0.01171875
4 0.58828125 0.425 0.00625 0.01171875
4 0.7515625 0.421875 0.00703125 0.01328125
4 0.5484375 0.43671875 0.01015625 0.01875
4 0.84921875 0.4234375 0.0078125 0.01328125
4 0.61171875 0.42421875 0.00546875 0.01171875
4 0.71640625 0.421875 0.00625 0.01171875
4 0.79765625 0.421875 0.00703125 0.01171875
4 0.63046875 0.42265625 0.00546875 0.01171875
4 0.68359375 0.421875 0.00625 0.01015625
4 0.6546875 0.421875 0.00625 0.01171875
0 0.4625 0.425 0.0046875 0.01015625
0 0.44296875 0.42734375 0.00390625 0.01015625
0 0.40703125 0.44765625 0.009375 0.015625
0 0.39453125 0.4578125 0.01328125 0.021875
4 0.5734375 0.446875 0.0125 0.02421875
4 0.621875 0.46484375 0.0203125 0.034375
0 0.3640625 0.4796875 0.02109375 0.0359375
4 0.72578125 0.50625 0.0390625 0.0578125
0 0.29453125 0.5296875 0.03984375 0.06796875
4 0.5609375 0.428125 0.00546875 0.01171875
4 0.5484375 0.428125 0.00625 0.01328125
4 0.5421875 0.43046875 0.0046875 0.01328125
0 0.42265625 0.4359375 0.00625 0.01171875
0 0.49140625 0.4234375 0.00390625 0.009375
0 0.52578125 0.4234375 0.00390625 0.009375
0 0.5953125 0.4203125 0.00234375 0.00625
0 0.6421875 0.4203125 0.003125 0.0078125
0 0.67265625 0.41953125 0.00234375 0.00703125
0 0.7109375 0.41875 0.00234375 0.00625
0 0.86015625 0.41953125 0.00390625 0.00703125
0 0.8046875 0.4203125 0.0046875 0.0078125
0 0.75703125 0.41875 0.00390625 0.0078125