0 0.88046875 0.48671875 0.009375 0.015625
0 0.83671875 0.4828125 0.00859375 0.01328125
0 0.7953125 0.48125 0.00859375 0.01484375
0 0.671875 0.48046875 0.009375 0.01875
0 0.72890625 0.48125 0.00859375 0.015625
0 0.61328125 0.484375 0.01171875 0.021875
0 0.5546875 0.4953125 0.01640625 0.028125
0 0.5 0.51171875 0.02109375 0.03515625
4 0.7765625 0.51328125 0.01796875 0.028125
0 0.384375 0.5453125 0.0296875 0.05
4 0.746875 0.5546875 0.02890625 0.046875
4 0.83515625 0.71484375 0.0578125 0.11328125
0 0.1203125 0.6984375 0.06171875 0.1171875
4 0.8875 0.5 0.0140625 0.0203125
4 0.8328125 0.503125 0.0140625 0.02265625