0 0.86484375 0.4859375 0.00703125 0.015625
0 0.82421875 0.51640625 0.01484375 0.0296875
4 0.66640625 0.47265625 0.01171875 0.028125
0 0.8296875 0.58125 0.01953125 0.05234375
4 0.57109375 0.515625 0.02265625 0.04921875
0 0.84140625 0.4828125 0.00625 0.01875
0 0.8984375 0.48515625 0.0046875 0.0140625
4 0.746875 0.45703125 0.00703125 0.01796875
0 0.82890625 0.48828125 0.00859375 0.02109375
4 0.7734375 0.45859375 0.00546875 0.01484375
0 0.87421875 0.471875 0.00390625 0.01171875
0 0.8890625 0.4875 0.00546875 0.0140625
4 0.11171875 0.721875 0.05859375 0.13046875
0 0.790625 0.44296875 0.0046875 0.00859375
4 0.79609375 0.45234375 0.00390625 0.0109375
4 0.76484375 0.44140625 0.00390625 0.01015625
0 0.84375 0.4609375 0.00390625 0.01015625
0 0.825 0.8375 0.05234375 0.1171875
0 0.815625 0.45078125 0.00390625 0.01015625
4 0.71796875 0.45703125 0.00703125 0.0203125
4 0.80859375 0.46328125 0.00390625 0.0125
4 0.8265625 0.46328125 0.00234375 0.01328125
2 0.92890625 0.47421875 0.00234375 0.01015625
4 0.7375 0.43125 0.003125 0.01015625
0 0.8953125 0.46484375 0.00234375 0.0078125
2 0.9328125 0.47734375 0.003125 0.009375
0 0.76875 0.4328125 0.00390625 0.00703125
0 0.78203125 0.43359375 0.00546875 0.00859375
4 0.8765625 0.45625 0.0046875 0.00703125
4 0.81875 0.4609375 0.00234375 0.0125
0 0.8546875 0.45234375 0.00390625 0.00703125
0 0.8921875 0.47890625 0.00390625 0.0125
4 0.77734375 0.43125 0.0046875 0.00703125
4 0.7484375 0.42578125 0.00390625 0.00859375
4 0.725 0.425 0.00234375 0.009375
0 0.81875 0.4421875 0.0046875 0.00703125
0 0.79921875 0.43671875 0.00390625 0.00859375
0 0.78046875 0.43828125 0.0046875 0.00703125
4 0.72578125 0.42265625 0.00234375 0.009375
4 0.821875 0.4625 0.003125 0.0125