4 0.58515625 0.3609375 0.0109375 0.0234375
4 0.56171875 0.3328125 0.00625 0.01328125
0 0.45859375 0.3484375 0.009375 0.02265625
0 0.48671875 0.3234375 0.00625 0.0140625
4 0.915625 0.79453125 0.040625 0.14609375
4 0.571875 0.32890625 0.00546875 0.01171875
0 0.51328125 0.31875 0.0046875 0.01171875
0 0.5484375 0.31875 0.0046875 0.0109375
0 0.20390625 0.715625 0.06953125 0.153125
4 0.63203125 0.328125 0.00390625 0.00859375
4 0.78515625 0.35859375 0.00546875 0.00859375
4 0.596875 0.321875 0.00234375 0.009375
0 0.77421875 0.3546875 0.00546875 0.00859375
4 0.67578125 0.334375 0.00234375 0.0078125
4 0.73359375 0.34453125 0.00390625 0.00703125
0 0.721875 0.340625 0.00234375 0.00703125
4 0.91328125 0.40078125 0.00546875 0.01015625
4 0.5953125 0.32734375 0.003125 0.01015625
0 0.68359375 0.3421875 0.00390625 0.01171875
0 0.86640625 0.38203125 0.00234375 0.00703125