0 0.33046875 0.44296875 0.01640625 0.03828125
0 0.5484375 0.37578125 0.0078125 0.01640625
0 0.415625 0.40546875 0.0109375 0.028125
0 0.48984375 0.38515625 0.0078125 0.0203125
4 0.5484375 0.57109375 0.03515625 0.08125
4 0.7140625 0.38359375 0.00625 0.01484375
4 0.59296875 0.3984375 0.009375 0.025
4 0.5609375 0.425 0.01640625 0.03359375
4 0.659375 0.38359375 0.00625 0.0203125
0 0.33203125 0.36796875 0.00625 0.01796875
0 0.07890625 0.59140625 0.03046875 0.078125
0 0.46484375 0.359375 0.00625 0.01328125
4 0.54609375 0.47578125 0.02265625 0.04921875
4 0.14609375 0.38046875 0.0078125 0.01328125
0 0.61328125 0.36875 0.00546875 0.01328125
0 0.58671875 0.37109375 0.00625 0.01640625
0 0.66015625 0.36875 0.00546875 0.01171875
4 0.67734375 0.38125 0.00703125 0.01640625
4 0.30234375 0.36328125 0.00625 0.01484375
0 0.14375 0.390625 0.0078125 0.01640625
4 0.77109375 0.38203125 0.00546875 0.01328125
4 0.42265625 0.35546875 0.00546875 0.01328125
4 0.62890625 0.3890625 0.0078125 0.0203125
4 0.75078125 0.3734375 0.00546875 0.01171875
4 0.6828125 0.3625 0.00546875 0.01015625
4 0.7578125 0.38515625 0.00546875 0.01484375
0 0.6984375 0.3703125 0.00390625 0.01171875
0 0.55078125 0.35703125 0.00546875 0.00859375
0 0.66484375 0.365625 0.00703125 0.01171875
4 0.5640625 0.35234375 0.00546875 0.01015625
0 0.57734375 0.35703125 0.0046875 0.00859375
0 0.69375 0.36875 0.0046875 0.01328125
4 0.50625 0.3515625 0.00546875 0.01171875
0 0.6203125 0.359375 0.00546875 0.01171875
4 0.62109375 0.3578125 0.00390625 0.01015625
4 0.621875 0.35625 0.00546875 0.01015625
0 0.68984375 0.36953125 0.0046875 0.0140625