4 0.69375 0.4484375 0.01796875 0.04453125
0 0.46171875 0.39375 0.01640625 0.03828125
0 0.290625 0.48828125 0.028125 0.06484375
4 0.71328125 0.5734375 0.040625 0.08203125
0 0.6234375 0.34609375 0.00703125 0.01640625
4 0.7109375 0.365625 0.00625 0.01640625
2 0.54140625 0.36796875 0.0078125 0.025
4 0.6953125 0.3796875 0.00859375 0.02421875
4 0.84765625 0.38671875 0.00625 0.01171875
0 0.65 0.3375 0.00546875 0.01328125
4 0.88515625 0.4 0.0046875 0.0125
4 0.7125 0.35 0.0046875 0.01171875
0 0.68125 0.32734375 0.0046875 0.00703125
2 0.6953125 0.39921875 0.00859375 0.02734375
0 0.90625 0.4 0.0046875 0.0125
0 0.665625 0.33359375 0.00546875 0.00859375
0 0.6734375 0.33046875 0.00390625 0.00703125
4 0.30703125 0.2875 0.00703125 0.01875
4 0.82265625 0.37578125 0.00625 0.01015625
4 0.7171875 0.34375 0.00234375 0.00859375
0 0.9078125 0.40234375 0.003125 0.01171875
4 0.88203125 0.38828125 0.00390625 0.00859375
4 0.2921875 0.3078125 0.00703125 0.01796875
4 0.83125 0.37578125 0.00546875 0.01328125
2 0.69765625 0.4015625 0.01015625 0.0296875
0 0.68515625 0.325 0.0046875 0.00625
4 0.8546875 0.38046875 0.00546875 0.00859375
2 0.546875 0.36640625 0.00546875 0.0234375