4 0.3859375 0.51875 0.0109375 0.0296875
4 0.43828125 0.49765625 0.0078125 0.021875
4 0.496875 0.4890625 0.00625 0.01875
4 0.57109375 0.48203125 0.0046875 0.015625
2 0.60234375 0.4984375 0.009375 0.021875
2 0.609375 0.5234375 0.015625 0.0375
2 0.71171875 0.48125 0.00390625 0.01328125
2 0.71484375 0.57734375 0.03125 0.06640625
2 0.6640625 0.4875 0.00703125 0.01796875
2 0.72421875 0.4734375 0.003125 0.01171875
4 0.628125 0.47734375 0.00390625 0.0125
2 0.71015625 0.46796875 0.00234375 0.00859375
4 0.65078125 0.47265625 0.00390625 0.01171875
2 0.6796875 0.4640625 0.00234375 0.0078125
4 0.63359375 0.46640625 0.00234375 0.009375