4 0.75546875 0.53828125 0.06171875 0.128125
4 0.62421875 0.4703125 0.015625 0.03046875
0 0.3359375 0.5109375 0.0203125 0.03515625
0 0.10625 0.578125 0.034375 0.06640625
4 0.5453125 0.4734375 0.01015625 0.01953125
0 0.38359375 0.4984375 0.00625 0.01953125
0 0.38828125 0.5 0.0046875 0.01484375
0 0.47109375 0.4796875 0.0046875 0.01015625
0 0.50859375 0.47109375 0.00390625 0.0078125
4 0.50390625 0.475 0.00546875 0.01484375
4 0.553125 0.465625 0.0046875 0.0140625
4 0.58671875 0.4609375 0.0046875 0.0109375