2 0.72734375 0.503125 0.0140625 0.01484375
4 0.13046875 0.5046875 0.03671875 0.0640625
4 0.334375 0.4703125 0.01328125 0.02578125
4 0.38359375 0.46484375 0.0078125 0.01328125
0 0.67109375 0.5421875 0.0375 0.071875
0 0.540625 0.4859375 0.01171875 0.02578125
0 0.51875 0.4765625 0.009375 0.0109375
3 0.621875 0.4828125 0.0078125 0.0078125
4 0.40859375 0.46171875 0.00390625 0.0109375
3 0.42109375 0.46171875 0.00390625 0.00625
0 0.4984375 0.46875 0.003125 0.0109375
3 0.640625 0.4859375 0.00703125 0.00859375
3 0.6125 0.48046875 0.00625 0.0078125
3 0.596875 0.4765625 0.003125 0.00859375