0 0.690625 0.52578125 0.0375 0.06953125
0 0.56328125 0.4875 0.0125 0.02578125
0 0.54296875 0.48203125 0.009375 0.01015625
4 0.16875 0.55234375 0.0359375 0.0609375
4 0.3609375 0.4984375 0.0140625 0.02265625
4 0.40859375 0.4875 0.00703125 0.01171875
2 0.7515625 0.48125 0.0140625 0.01484375
3 0.6453125 0.475 0.00703125 0.0078125
3 0.66484375 0.4765625 0.00703125 0.00859375
3 0.63671875 0.4734375 0.00546875 0.00703125
3 0.6203125 0.471875 0.003125 0.00859375
4 0.4328125 0.4796875 0.0046875 0.0109375
0 0.521875 0.4765625 0.003125 0.009375
0 0.51484375 0.47578125 0.00234375 0.00703125
3 0.4453125 0.47890625 0.003125 0.00546875