2 0.1578125 0.3328125 0.0546875 0.10390625
2 0.203125 0.3796875 0.06796875 0.10703125
2 0.2765625 0.2984375 0.06015625 0.09453125
2 0.38203125 0.41328125 0.06953125 0.11640625
2 0.3234375 0.42421875 0.0734375 0.10234375
2 0.37421875 0.20078125 0.0328125 0.04375
3 0.30625 0.48125 0.09296875 0.15625
1 0.53671875 0.328125 0.08671875 0.09375
3 0.31796875 0.26328125 0.05390625 0.0859375
3 0.34765625 0.23203125 0.03828125 0.0609375
3 0.44453125 0.328125 0.046875 0.06328125
3 0.19375 0.68359375 0.1375 0.14375
3 0.428125 0.25625 0.05 0.08125
3 0.42734375 0.2859375 0.03984375 0.08359375
3 0.509375 0.278125 0.0171875 0.03984375
3 0.59453125 0.41953125 0.06328125 0.11484375
0 0.478125 0.36171875 0.0703125 0.08359375
0 0.578125 0.4859375 0.084375 0.103125
0 0.5953125 0.58984375 0.07421875 0.14453125
0 0.45703125 0.57578125 0.07265625 0.10390625
0 0.7265625 0.4546875 0.0734375 0.115625
0 0.81015625 0.55234375 0.08828125 0.1328125
0 0.8515625 0.496875 0.04375 0.1296875
0 0.8328125 0.38359375 0.065625 0.10078125
4 0.57109375 0.32421875 0.04296875 0.0625
4 0.57734375 0.37109375 0.0734375 0.0796875
4 0.61640625 0.321875 0.04609375 0.090625
4 0.69296875 0.3203125 0.06015625 0.0875
4 0.6828125 0.36015625 0.0625 0.0984375
4 0.7765625 0.34609375 0.0609375 0.09140625
4 0.7578125 0.38984375 0.06953125 0.1046875