2 0.45078125 0.19453125 0.05234375 0.10234375
2 0.4953125 0.253125 0.06640625 0.11328125
2 0.5515625 0.19609375 0.05859375 0.09296875
2 0.628125 0.18984375 0.0578125 0.0875
2 0.70234375 0.23828125 0.0625 0.09609375
2 0.6015625 0.2625 0.06796875 0.0953125
1 0.5953125 0.3125 0.10546875 0.22578125
3 0.3421875 0.15 0.06171875 0.11484375
3 0.6953125 0.31484375 0.0640625 0.11953125
3 0.746875 0.3953125 0.0890625 0.13359375
3 0.77265625 0.3078125 0.06640625 0.11484375
3 0.79296875 0.27265625 0.059375 0.10625
3 0.8765625 0.3578125 0.075 0.1234375
0 0.24609375 0.23203125 0.06171875 0.1234375
0 0.2078125 0.2953125 0.09375 0.1421875
0 0.3765625 0.28828125 0.05546875 0.1328125
0 0.33671875 0.35234375 0.09375 0.15390625
0 0.2640625 0.4234375 0.1046875 0.1734375
0 0.19921875 0.5234375 0.13515625 0.2046875
0 0.3703125 0.58046875 0.1359375 0.2109375
0 0.51484375 0.81875 0.12421875 0.24375
4 0.4953125 0.33125 0.046875 0.13359375
4 0.459375 0.459375 0.09140625 0.165625
4 0.5109375 0.61953125 0.1265625 0.20703125
4 0.60234375 0.5390625 0.0953125 0.18125
4 0.5875 0.43125 0.065625 0.1484375
4 0.728125 0.5 0.08359375 0.16484375
4 0.78125 0.6328125 0.13125 0.19375
4 0.69296875 0.76875 0.13671875 0.21953125
3 0.4515625 0.3734375 0.08515625 0.15