3 0.146875 0.5265625 0.01328125 0.02890625
3 0.290625 0.45390625 0.00703125 0.015625
3 0.3375 0.4390625 0.00703125 0.0078125
4 0.709375 0.5875 0.02890625 0.03671875
4 0.596875 0.48671875 0.009375 0.01796875
4 0.5625 0.4484375 0.00625 0.0140625
0 0.3265625 0.58828125 0.02890625 0.03671875
0 0.4265625 0.4796875 0.01015625 0.01875
3 0.31484375 0.446875 0.0078125 0.0078125
3 0.365625 0.43125 0.00546875 0.00625
3 0.3953125 0.42109375 0.0046875 0.00625
0 0.45234375 0.4453125 0.0046875 0.01328125
0 0.46015625 0.43125 0.00546875 0.00625
3 0.54765625 0.4328125 0.00390625 0.00546875
3 0.14375 0.503125 0.0078125 0.01328125
4 0.53828125 0.421875 0.00234375 0.00625
4 0.53203125 0.4171875 0.0015625 0.00546875
0 0.47265625 0.42109375 0.00234375 0.00703125
0 0.47734375 0.41484375 0.0015625 0.00625
3 0.4125 0.415625 0.003125 0.0046875