2 0.14921875 0.465625 0.00703125 0.01484375
2 0.25625 0.43671875 0.00703125 0.0125
2 0.35390625 0.41875 0.00625 0.01328125
2 0.47421875 0.4109375 0.00625 0.01484375
2 0.57734375 0.42265625 0.01015625 0.0203125
2 0.646875 0.47734375 0.01953125 0.0359375
2 0.7890625 0.42421875 0.0109375 0.01640625
2 0.8046875 0.44140625 0.0125 0.021875
2 0.84453125 0.42109375 0.00703125 0.0140625
2 0.9 0.48359375 0.01796875 0.0296875
4 0.18046875 0.5796875 0.0265625 0.05625
4 0.39921875 0.4578125 0.0171875 0.028125
4 0.3203125 0.44296875 0.01328125 0.02109375
4 0.18515625 0.4703125 0.01015625 0.0203125