2 0.3296875 0.6359375 0.02890625 0.059375
2 0.365625 0.6046875 0.02109375 0.03828125
2 0.353125 0.590625 0.0109375 0.0296875
2 0.3421875 0.58046875 0.00703125 0.02109375
2 0.36953125 0.575 0.00625 0.01640625
2 0.4109375 0.5734375 0.00390625 0.0125
2 0.44453125 0.5703125 0.00390625 0.0125
4 0.71953125 0.625 0.0296875 0.06015625
4 0.6171875 0.59453125 0.0203125 0.0359375
4 0.51640625 0.58359375 0.0125 0.02578125
4 0.484375 0.578125 0.01015625 0.02109375
4 0.490625 0.57421875 0.00625 0.01796875
4 0.51328125 0.5703125 0.00625 0.01640625
4 0.540625 0.56796875 0.0046875 0.01328125
2 0.58203125 0.5625 0.0015625 0.00625
4 0.590625 0.56328125 0.00234375 0.009375
4 0.62265625 0.5609375 0.00234375 0.00625
4 0.71953125 0.55234375 0.0015625 0.0046875
2 0.66171875 0.55625 0.00234375 0.00546875
2 0.48125 0.56875 0.00234375 0.00859375