2 0.76328125 0.5515625 0.0328125 0.06171875
2 0.81015625 0.46484375 0.0171875 0.0296875
2 0.903125 0.45 0.01328125 0.0203125
2 0.92578125 0.4390625 0.0078125 0.01484375
2 0.875 0.41875 0.00703125 0.01328125
2 0.79453125 0.4046875 0.0046875 0.01015625
2 0.72890625 0.396875 0.0046875 0.009375
2 0.659375 0.39296875 0.0046875 0.00859375
3 0.46328125 0.39921875 0.0046875 0.009375
3 0.3015625 0.4171875 0.00546875 0.01015625
3 0.17734375 0.440625 0.00625 0.01015625
4 0.2015625 0.58984375 0.0359375 0.059375
4 0.553125 0.44765625 0.015625 0.028125
4 0.746875 0.42578125 0.009375 0.01875
4 0.77265625 0.40703125 0.00625 0.0109375
4 0.81875 0.421875 0.0078125 0.015625
4 0.68984375 0.3984375 0.0046875 0.0109375
4 0.6 0.3953125 0.00390625 0.0109375
3 0.11640625 0.453125 0.0046875 0.0078125
3 0.15703125 0.43671875 0.00390625 0.00625
2 0.0796875 0.46171875 0.00390625 0.00625
2 0.06875 0.46328125 0.003125 0.00390625
3 0.10234375 0.4515625 0.0015625 0.00390625
3 0.0875 0.45625 0.00234375 0.003125
3 0.140625 0.440625 0.00390625 0.00625
3 0.12109375 0.446875 0.0015625 0.003125