4 0.35 0.2734375 0.0046875 0.01171875
4 0.32109375 0.278125 0.0046875 0.01171875
2 0.37265625 0.27734375 0.0046875 0.01015625
2 0.3609375 0.27890625 0.0046875 0.0109375
4 0.4359375 0.2875 0.00703125 0.0171875
2 0.54609375 0.2890625 0.00703125 0.015625
4 0.14140625 0.2953125 0.0046875 0.009375
4 0.39140625 0.284375 0.00703125 0.015625
2 0.565625 0.2984375 0.00703125 0.015625
4 0.43515625 0.296875 0.00859375 0.02109375
4 0.334375 0.27578125 0.00546875 0.0109375
2 0.4015625 0.27890625 0.00546875 0.01328125
2 0.4703125 0.2796875 0.00703125 0.015625
4 0.29921875 0.28125 0.0046875 0.01015625
4 0.29296875 0.2875 0.00703125 0.0140625
4 0.4203125 0.2859375 0.00703125 0.01796875
4 0.32265625 0.2859375 0.00703125 0.01484375
4 0.35234375 0.28515625 0.00625 0.0140625
4 0.428125 0.31171875 0.01171875 0.02734375
2 0.5140625 0.28203125 0.0078125 0.01640625
4 0.28203125 0.28671875 0.00625 0.01328125
4 0.715625 0.30546875 0.01015625 0.01875
2 0.59375 0.30625 0.01015625 0.0234375
2 0.17109375 0.3046875 0.0078125 0.01796875
2 0.63203125 0.3234375 0.01328125 0.02890625
2 0.67890625 0.34609375 0.0203125 0.03828125
4 0.415625 0.3328125 0.01875 0.03515625
2 0.775 0.40078125 0.02890625 0.05703125
4 0.3953125 0.3703125 0.021875 0.04921875
4 0.2859375 0.44453125 0.03984375 0.078125
2 0.89296875 0.5859375 0.0625 0.1296875
2 0.4140625 0.271875 0.0046875 0.01015625
2 0.38359375 0.27421875 0.00546875 0.01171875
4 0.37421875 0.27265625 0.00390625 0.01015625
4 0.40546875 0.2703125 0.00390625 0.01015625
4 0.4296875 0.26796875 0.003125 0.009375
4 0.42421875 0.2671875 0.00390625 0.01015625
2 0.45625 0.26953125 0.00546875 0.01171875