4 0.8765625 0.27265625 0.0046875 0.009375
4 0.85625 0.27109375 0.0046875 0.01015625
4 0.821875 0.27421875 0.00625 0.0125
4 0.81875 0.275 0.00546875 0.0140625
4 0.8640625 0.2765625 0.00390625 0.0109375
2 0.928125 0.284375 0.00234375 0.0078125
2 0.93125 0.28828125 0.00390625 0.01015625
2 0.89609375 0.2984375 0.00625 0.01640625
4 0.871875 0.275 0.0046875 0.01015625
2 0.90859375 0.2859375 0.0046875 0.01015625
4 0.83828125 0.27265625 0.00546875 0.01171875
4 0.809375 0.27734375 0.00546875 0.01484375
4 0.7671875 0.28515625 0.009375 0.01953125
4 0.79375 0.28125 0.00625 0.01640625
2 0.1640625 0.31953125 0.01015625 0.02109375
2 0.88671875 0.3046875 0.0078125 0.01953125
4 0.72734375 0.28984375 0.01171875 0.02265625
2 0.8640625 0.31171875 0.009375 0.02109375
4 0.41875 0.34375 0.021875 0.04140625
4 0.64453125 0.2984375 0.0140625 0.0265625
2 0.7890625 0.3265625 0.01328125 0.03359375
4 0.584375 0.30859375 0.015625 0.03046875
2 0.696875 0.37578125 0.02421875 0.05625
2 0.73984375 0.69140625 0.07890625 0.1890625