2 0.66953125 0.40390625 0.03125 0.0734375
2 0.52578125 0.33125 0.01171875 0.03828125
2 0.5015625 0.31484375 0.00859375 0.02890625
2 0.48828125 0.29921875 0.0078125 0.02109375
2 0.09765625 0.36015625 0.0046875 0.0140625
2 0.18671875 0.3328125 0.0046875 0.01328125
2 0.490625 0.28828125 0.00625 0.01875
2 0.4984375 0.2828125 0.0046875 0.015625
2 0.51484375 0.27578125 0.0046875 0.01484375
4 0.13046875 0.35625 0.0078125 0.01796875
4 0.21875 0.3296875 0.00625 0.01640625
4 0.2984375 0.3078125 0.0046875 0.01328125
4 0.2828125 0.35078125 0.01328125 0.03125
4 0.3265625 0.32421875 0.009375 0.02265625
4 0.36640625 0.30703125 0.00703125 0.01875
4 0.3921875 0.296875 0.00546875 0.01640625
4 0.425 0.2875 0.00625 0.0140625
4 0.4671875 0.27421875 0.00546875 0.0125
4 0.2015625 0.40703125 0.01875 0.04609375
4 0.4546875 0.278125 0.00390625 0.0125
2 0.25234375 0.31328125 0.0046875 0.01484375
2 0.30703125 0.3015625 0.00625 0.01484375
2 0.34921875 0.290625 0.003125 0.0125
2 0.38125 0.284375 0.0046875 0.009375
4 0.3609375 0.2921875 0.00546875 0.0140625
4 0.39296875 0.28515625 0.003125 0.01015625
2 0.478125 0.26796875 0.0046875 0.01015625
2 0.5265625 0.2625 0.0046875 0.0125
2 0.53984375 0.26796875 0.00546875 0.01328125
2 0.5453125 0.26484375 0.00546875 0.01328125