2 0.7875 0.4703125 0.05 0.0921875
2 0.39375 0.48515625 0.04140625 0.08984375
2 0.29375 0.43984375 0.03125 0.0671875
1 0.24140625 0.3984375 0.03046875 0.08671875
1 0.19375 0.45390625 0.0609375 0.13828125
1 0.11796875 0.43359375 0.04375 0.1140625
0 0.7515625 0.428125 0.04140625 0.071875
0 0.4171875 0.4328125 0.03515625 0.06640625
0 0.39765625 0.40390625 0.021875 0.0515625
4 0.540625 0.409375 0.0265625 0.05703125
4 0.5859375 0.43828125 0.03203125 0.0703125
4 0.60703125 0.5046875 0.0578125 0.1046875