1 0.5234375 0.42890625 0.03515625 0.08515625
1 0.51328125 0.403125 0.01875 0.06796875
1 0.40625 0.40625 0.03359375 0.0765625
4 0.31640625 0.41484375 0.025 0.04921875
4 0.58828125 0.43203125 0.02109375 0.04609375
4 0.59140625 0.41328125 0.0203125 0.04140625
0 0.37734375 0.43828125 0.0296875 0.05625
0 0.43671875 0.4546875 0.0265625 0.06015625
0 0.45546875 0.4171875 0.0171875 0.0453125
2 0.3859375 0.40703125 0.0140625 0.04375
2 0.44140625 0.4375 0.02734375 0.053125
2 0.47109375 0.40390625 0.021875 0.040625