4 0.61171875 0.5984375 0.10859375 0.16796875
4 0.534375 0.240625 0.040625 0.06328125
4 0.37734375 0.275 0.05 0.0765625
0 0.50390625 0.184375 0.02578125 0.0484375
0 0.4328125 0.21484375 0.0375 0.05625
0 0.578125 0.3046875 0.04296875 0.0828125
2 0.66640625 0.215625 0.03359375 0.0546875
2 0.59609375 0.18515625 0.0265625 0.046875
2 0.3171875 0.60546875 0.0984375 0.17265625
1 0.69375 0.3734375 0.0859375 0.17578125
1 0.70078125 0.16328125 0.03203125 0.0671875
1 0.25078125 0.3484375 0.08046875 0.17109375