0 0.246875 0.628125 0.08515625 0.14609375
0 0.91640625 0.52578125 0.03828125 0.0828125
0 0.58671875 0.33515625 0.00390625 0.00859375
4 0.65078125 0.33984375 0.0046875 0.01015625
0 0.65390625 0.34453125 0.00546875 0.01171875
4 0.665625 0.3390625 0.0046875 0.00859375
4 0.66953125 0.34296875 0.0046875 0.01015625
0 0.67734375 0.33828125 0.00390625 0.0078125
4 0.70546875 0.3421875 0.0046875 0.0078125
0 0.72578125 0.35234375 0.00703125 0.0125
4 0.74453125 0.34375 0.0046875 0.0078125
0 0.809375 0.359375 0.00625 0.01328125
0 0.815625 0.346875 0.003125 0.00703125
4 0.83671875 0.34921875 0.0046875 0.0078125
4 0.85546875 0.359375 0.0078125 0.0140625
0 0.90234375 0.3515625 0.00390625 0.0078125
4 0.934375 0.3546875 0.0046875 0.00859375
0 0.6 0.334375 0.00390625 0.0078125
0 0.61015625 0.3390625 0.00390625 0.009375
0 0.61796875 0.33515625 0.00390625 0.0078125
0 0.640625 0.3359375 0.00390625 0.0078125