1 0.35390625 0.55390625 0.03671875 0.08125
1 0.6921875 0.54296875 0.03828125 0.0828125
4 0.8640625 0.69296875 0.0828125 0.11796875
4 0.640625 0.51953125 0.01875 0.034375
4 0.621875 0.49296875 0.01171875 0.02421875
4 0.61015625 0.4796875 0.0078125 0.01796875
4 0.61875 0.4703125 0.00703125 0.015625
4 0.63671875 0.46484375 0.00625 0.01171875
4 0.67734375 0.46015625 0.00625 0.0109375
4 0.74609375 0.45703125 0.00703125 0.01171875
4 0.80703125 0.45546875 0.00625 0.0125
0 0.78515625 0.45234375 0.0046875 0.009375
0 0.72421875 0.4546875 0.00546875 0.01171875
0 0.6625 0.45703125 0.0046875 0.0109375
0 0.60390625 0.46015625 0.00546875 0.0109375
0 0.55859375 0.46484375 0.00625 0.0125
0 0.52578125 0.471875 0.00625 0.0125
0 0.484375 0.48203125 0.0078125 0.01796875
0 0.40703125 0.52578125 0.0203125 0.0328125
0 0.4484375 0.49765625 0.01171875 0.0234375
0 0.86796875 0.45 0.00625 0.01015625
4 0.88203125 0.453125 0.0078125 0.0140625