0 0.209375 0.65 0.05859375 0.08828125
0 0.4515625 0.51796875 0.01796875 0.03515625
0 0.5296875 0.4859375 0.01171875 0.02265625
0 0.61015625 0.4703125 0.01171875 0.01796875
0 0.7078125 0.4609375 0.00859375 0.01640625
0 0.809375 0.4546875 0.01015625 0.0171875
0 0.9078125 0.45078125 0.01015625 0.0171875
4 0.72265625 0.52421875 0.02265625 0.0421875
4 0.709375 0.48828125 0.01328125 0.02734375
4 0.77265625 0.47421875 0.01328125 0.0234375
4 0.9 0.46328125 0.01484375 0.0234375
4 0.9046875 0.6875 0.06171875 0.12109375