0 0.30390625 0.62890625 0.05 0.07890625
0 0.40625 0.5296875 0.0171875 0.0375
0 0.50078125 0.5 0.01328125 0.0265625
0 0.3203125 0.47890625 0.00703125 0.01328125
0 0.384375 0.47109375 0.00625 0.0125
0 0.45078125 0.4625 0.00546875 0.009375
0 0.18203125 0.4953125 0.01015625 0.015625
0 0.58125 0.45625 0.00625 0.0109375
0 0.56171875 0.46015625 0.00625 0.01171875
0 0.54609375 0.4671875 0.00703125 0.01484375
0 0.53984375 0.47421875 0.00859375 0.0171875
0 0.5234375 0.48359375 0.0109375 0.0203125
0 0.6078125 0.45078125 0.00546875 0.009375
4 0.659375 0.4640625 0.0078125 0.01640625
4 0.67421875 0.453125 0.00625 0.0125
4 0.68671875 0.45 0.0046875 0.01171875
4 0.68828125 0.47265625 0.0109375 0.0203125
4 0.73984375 0.48828125 0.01484375 0.0265625
4 0.7328125 0.52890625 0.02265625 0.0421875
4 0.88046875 0.60234375 0.05703125 0.08046875
4 0.6625 0.45703125 0.00625 0.0125
0 0.0734375 0.48671875 0.00546875 0.00859375
0 0.24140625 0.47109375 0.00390625 0.00703125
0 0.5015625 0.4578125 0.0046875 0.009375
0 0.53125 0.45390625 0.00390625 0.00859375
0 0.5671875 0.45078125 0.00390625 0.0078125
0 0.59921875 0.453125 0.0046875 0.009375
0 0.5984375 0.44921875 0.00390625 0.0078125
4 0.75859375 0.4375 0.00390625 0.0078125
4 0.71640625 0.4390625 0.00390625 0.00859375
4 0.68125 0.446875 0.0046875 0.009375
4 0.625 0.44453125 0.00234375 0.0078125
4 0.621875 0.4421875 0.003125 0.0078125
4 0.58359375 0.44765625 0.00390625 0.0078125
4 0.5328125 0.45078125 0.003125 0.0078125
4 0.48046875 0.45546875 0.003125 0.0078125
4 0.44375 0.46015625 0.0046875 0.01015625
4 0.38671875 0.46640625 0.0046875 0.0109375
4 0.3140625 0.47578125 0.00625 0.0125
4 0.26875 0.46953125 0.00390625 0.0078125
4 0.20546875 0.4875 0.0078125 0.0140625
4 0.09609375 0.49765625 0.0125 0.015625
4 0.09921875 0.4859375 0.00546875 0.0109375