4 0.7640625 0.58046875 0.09609375 0.19765625
4 0.72734375 0.14609375 0.0078125 0.015625
4 0.821875 0.140625 0.00859375 0.0171875
0 0.77578125 0.1390625 0.00546875 0.0125
0 0.68203125 0.14453125 0.0046875 0.0125
4 0.6546875 0.14921875 0.00625 0.01328125
4 0.56953125 0.1515625 0.00625 0.0125
0 0.50078125 0.1515625 0.00390625 0.01015625
0 0.58671875 0.14765625 0.00390625 0.01171875
4 0.475 0.15546875 0.00703125 0.0125
0 0.43671875 0.15546875 0.0046875 0.009375
0 0.9078125 0.1296875 0.00625 0.0125
0 0.4171875 0.15546875 0.00390625 0.00859375
0 0.41328125 0.1546875 0.003125 0.0078125
0 0.40625 0.15390625 0.00390625 0.0078125
4 0.38828125 0.1609375 0.0046875 0.01015625
0 0.3875 0.15390625 0.003125 0.00625
4 0.35 0.16328125 0.00390625 0.0109375
4 0.3453125 0.16015625 0.00390625 0.00859375
4 0.3421875 0.1578125 0.003125 0.0078125
4 0.340625 0.16171875 0.0046875 0.01015625
4 0.3078125 0.16015625 0.00390625 0.00859375
0 0.30234375 0.16015625 0.003125 0.0078125
4 0.2671875 0.16328125 0.0046875 0.009375
0 0.25 0.16328125 0.00390625 0.00703125
0 0.19609375 0.16796875 0.0046875 0.00625
4 0.16328125 0.1734375 0.00625 0.01015625
0 0.14921875 0.171875 0.0046875 0.00703125
4 0.1390625 0.17578125 0.00703125 0.0125
4 0.11484375 0.178125 0.0078125 0.0125
0 0.08671875 0.1765625 0.0078125 0.01015625