0 0.1796875 0.63828125 0.05625 0.07734375
0 0.39453125 0.5359375 0.02265625 0.0375
0 0.45390625 0.5015625 0.0125 0.025
0 0.5296875 0.48671875 0.009375 0.0203125
0 0.5546875 0.4765625 0.00859375 0.0171875
0 0.5515625 0.4578125 0.003125 0.0078125
0 0.58046875 0.4546875 0.00234375 0.0078125
0 0.57265625 0.4703125 0.00703125 0.0140625
0 0.5828125 0.46484375 0.0046875 0.01171875
0 0.60078125 0.46015625 0.0046875 0.01015625
0 0.6140625 0.45234375 0.003125 0.0078125
0 0.621875 0.45703125 0.00390625 0.009375
0 0.63984375 0.4546875 0.00390625 0.0078125
0 0.64375 0.4515625 0.00234375 0.0078125
0 0.65 0.45234375 0.00390625 0.0078125
4 0.6328125 0.44921875 0.00234375 0.00703125
4 0.6953125 0.47109375 0.0078125 0.015625
4 0.69140625 0.45859375 0.00625 0.0109375
4 0.68125 0.4640625 0.00703125 0.01328125
4 0.7078125 0.4546875 0.00546875 0.01015625
4 0.7125 0.4484375 0.00390625 0.0078125
4 0.72265625 0.453125 0.0046875 0.00859375
4 0.7203125 0.48203125 0.0125 0.02109375
4 0.6734375 0.50390625 0.01484375 0.028125
4 0.70078125 0.5328125 0.02421875 0.04140625
4 0.8 0.65546875 0.06328125 0.0984375
4 0.30703125 0.47734375 0.0046875 0.0109375
4 0.3890625 0.4703125 0.0046875 0.009375
0 0.29375 0.48125 0.00625 0.01171875
0 0.3953125 0.47265625 0.0046875 0.01015625
4 0.0859375 0.49375 0.009375 0.0125
4 0.23125 0.4828125 0.00703125 0.0109375
0 0.0765625 0.49921875 0.009375 0.0140625
0 0.18359375 0.490625 0.0078125 0.0125
0 0.446875 0.4671875 0.00390625 0.01015625
0 0.5046875 0.4609375 0.00390625 0.00859375
4 0.45 0.46328125 0.003125 0.00859375
4 0.50234375 0.459375 0.00234375 0.0078125
0 0.1015625 0.484375 0.0046875 0.0078125
4 0.1171875 0.48515625 0.00546875 0.00859375
0 0.203125 0.47578125 0.00390625 0.00625
4 0.221875 0.47578125 0.00390625 0.0078125
0 0.27734375 0.4703125 0.003125 0.00546875
4 0.29921875 0.46953125 0.003125 0.00703125
0 0.328125 0.46640625 0.00234375 0.00546875
4 0.35078125 0.465625 0.00234375 0.00703125
0 0.375 0.4625 0.00234375 0.0046875
4 0.39921875 0.46171875 0.00234375 0.00546875
0 0.40859375 0.46015625 0.00234375 0.00390625
4 0.42734375 0.459375 0.0015625 0.00546875
0 0.44140625 0.4578125 0.0015625 0.00390625
4 0.46171875 0.45625 0.0015625 0.0046875
4 0.4921875 0.4546875 0.00234375 0.00390625
0 0.49609375 0.453125 0.0015625 0.003125
4 0.52109375 0.4515625 0.0015625 0.0046875
4 0.53515625 0.45546875 0.00234375 0.0078125
4 0.540625 0.45 0.0015625 0.0046875
4 0.57421875 0.44765625 0.0015625 0.0046875
4 0.584375 0.45234375 0.00234375 0.00703125
4 0.59453125 0.44609375 0.0015625 0.0046875
0 0.59765625 0.44609375 0.0015625 0.003125
4 0.61015625 0.44609375 0.00234375 0.0046875
4 0.61875 0.446875 0.00234375 0.00546875
4 0.6234375 0.44609375 0.00234375 0.0046875
4 0.63984375 0.446875 0.00234375 0.00546875
0 0.64609375 0.44453125 0.00234375 0.003125
0 0.665625 0.4453125 0.0015625 0.00390625
4 0.67265625 0.4484375 0.00234375 0.00625
0 0.6890625 0.44453125 0.00234375 0.00546875
0 0.7203125 0.44296875 0.00234375 0.00390625
0 0.75625 0.4421875 0.00234375 0.0046875
4 0.76796875 0.4421875 0.00390625 0.00703125
0 0.78515625 0.440625 0.003125 0.00625
0 0.7921875 0.440625 0.00234375 0.0046875
0 0.7953125 0.43984375 0.0015625 0.0046875
0 0.8109375 0.43828125 0.00234375 0.00390625
4 0.81328125 0.44140625 0.00390625 0.0078125
0 0.8328125 0.4375 0.00234375 0.0046875
4 0.84375 0.43984375 0.00390625 0.00625
4 0.84921875 0.43984375 0.00234375 0.0046875
0 0.8625 0.4359375 0.00234375 0.0046875
4 0.87578125 0.4359375 0.00234375 0.00546875
0 0.8984375 0.43515625 0.00234375 0.00390625
4 0.9125 0.43515625 0.00234375 0.0046875
4 0.715625 0.44453125 0.00234375 0.00625
0 0.55390625 0.4484375 0.0015625 0.00390625
4 0.55703125 0.4484375 0.0015625 0.00546875
4 0.6734375 0.4453125 0.00234375 0.00625
0 0.471875 0.4546875 0.0015625 0.00390625
0 0.5171875 0.4515625 0.0015625 0.003125
0 0.65625 0.4453125 0.0015625 0.00390625
0 0.53671875 0.45 0.0015625 0.003125
0 0.57578125 0.44765625 0.0015625 0.003125
0 0.6140625 0.4453125 0.0015625 0.003125
0 0.63046875 0.4453125 0.0015625 0.003125
0 0.6515625 0.4453125 0.0015625 0.003125
0 0.653125 0.4453125 0.0015625 0.003125
0 0.6546875 0.4453125 0.00078125 0.003125
4 0.85 0.43671875 0.0015625 0.0046875
0 0.79765625 0.4390625 0.00234375 0.00546875