0 0.31484375 0.2796875 0.01328125 0.01328125
4 0.74375 0.32265625 0.0125 0.01875
4 0.65078125 0.31015625 0.01171875 0.01640625
4 0.56875 0.29765625 0.009375 0.0203125
4 0.3484375 0.26953125 0.0078125 0.01640625
4 0.4046875 0.278125 0.01171875 0.0140625
4 0.44453125 0.28125 0.00859375 0.01796875
0 0.36796875 0.2875 0.01015625 0.015625
0 0.425 0.29296875 0.01015625 0.02109375
0 0.4828125 0.28984375 0.00859375 0.0140625
0 0.51171875 0.3046875 0.01171875 0.02265625
2 0.521875 0.29453125 0.00859375 0.01484375
2 0.5625 0.3140625 0.015625 0.01796875