4 0.20546875 0.459375 0.07578125 0.125
4 0.22421875 0.30859375 0.0328125 0.0640625
4 0.271875 0.26328125 0.025 0.046875
4 0.36171875 0.23046875 0.01875 0.0359375
4 0.46953125 0.2078125 0.015625 0.03203125
4 0.5546875 0.19296875 0.01328125 0.0265625
4 0.671875 0.17578125 0.01171875 0.0234375
4 0.7578125 0.1625 0.0125 0.02578125
4 0.8140625 0.15625 0.009375 0.02265625
0 0.1421875 0.2375 0.0203125 0.0328125
0 0.328125 0.2078125 0.01171875 0.02578125
0 0.440625 0.19140625 0.0109375 0.02265625
0 0.63828125 0.1671875 0.009375 0.0171875
0 0.703125 0.159375 0.0078125 0.015625
0 0.77890625 0.1515625 0.00859375 0.01640625
4 0.86796875 0.78984375 0.13671875 0.23125
0 0.37734375 0.17578125 0.00390625 0.00859375
0 0.38515625 0.17578125 0.00390625 0.0109375
0 0.4015625 0.1734375 0.00234375 0.0078125
0 0.425 0.17109375 0.003125 0.00859375
0 0.44921875 0.17109375 0.003125 0.0109375
0 0.46171875 0.16953125 0.0046875 0.0109375
0 0.51015625 0.16640625 0.00390625 0.009375
0 0.5171875 0.16328125 0.00390625 0.00859375
4 0.51328125 0.1625 0.003125 0.00703125
4 0.52734375 0.16171875 0.00234375 0.00703125
0 0.56953125 0.1609375 0.0046875 0.01171875
0 0.59296875 0.15703125 0.00390625 0.0078125
0 0.6078125 0.15390625 0.00234375 0.00625
4 0.60546875 0.1546875 0.00234375 0.00625
0 0.64765625 0.1546875 0.00546875 0.01171875
0 0.6640625 0.15078125 0.003125 0.0078125
4 0.6671875 0.15 0.00234375 0.0078125
4 0.684375 0.14921875 0.0046875 0.009375
0 0.72265625 0.1453125 0.00390625 0.00859375
0 0.74296875 0.14765625 0.0046875 0.01171875
4 0.75078125 0.14609375 0.00625 0.0125
0 0.55390625 0.1765625 0.0109375 0.01875
0 0.784375 0.140625 0.00390625 0.0078125
0 0.80625 0.140625 0.00625 0.01171875
4 0.81328125 0.1375 0.00546875 0.0109375
4 0.83125 0.1375 0.00625 0.0125
0 0.83125 0.14453125 0.00703125 0.0171875
4 0.85859375 0.1328125 0.0046875 0.0109375
0 0.88125 0.13828125 0.0078125 0.015625
0 0.89296875 0.13203125 0.00546875 0.0125
4 0.91640625 0.128125 0.0046875 0.01171875