0 0.93125 0.4578125 0.0078125 0.0125
0 0.825 0.45859375 0.00703125 0.0109375
0 0.7515625 0.459375 0.00703125 0.01171875
0 0.6765625 0.46015625 0.00625 0.0125
0 0.6046875 0.4625 0.00625 0.0125
0 0.5484375 0.46875 0.00703125 0.01484375
0 0.503125 0.478125 0.009375 0.01875
0 0.43828125 0.49921875 0.0125 0.025
0 0.34375 0.546875 0.0234375 0.0453125
4 0.86875 0.46328125 0.0078125 0.01484375
4 0.78984375 0.4640625 0.0078125 0.015625
4 0.703125 0.4671875 0.0078125 0.01640625
4 0.653125 0.471875 0.0078125 0.0171875
4 0.6375 0.48203125 0.01015625 0.02109375
4 0.640625 0.50234375 0.0140625 0.028125
4 0.70234375 0.5515625 0.0265625 0.05078125