4 0.24609375 0.3953125 0.05546875 0.09921875
4 0.11875 0.25859375 0.021875 0.03671875
4 0.3765625 0.2375 0.0171875 0.03359375
4 0.621875 0.21875 0.0171875 0.0328125
4 0.74140625 0.20390625 0.01328125 0.02890625
4 0.7640625 0.1921875 0.0125 0.025
4 0.71953125 0.18671875 0.01171875 0.02109375
4 0.6546875 0.1828125 0.01015625 0.01953125
4 0.76640625 0.16640625 0.0078125 0.01484375
4 0.85078125 0.1625 0.0078125 0.01484375
0 0.18359375 0.2328125 0.01640625 0.02734375
0 0.33671875 0.21953125 0.01328125 0.02734375
0 0.48046875 0.209375 0.0125 0.02421875
0 0.5671875 0.20078125 0.01171875 0.02421875
0 0.5515625 0.1953125 0.01015625 0.02109375
0 0.5234375 0.18984375 0.01015625 0.01796875
0 0.53203125 0.17890625 0.00703125 0.0140625
0 0.57890625 0.17421875 0.00546875 0.0125
0 0.4953125 0.18828125 0.00625 0.015625
0 0.5 0.18359375 0.00625 0.0140625
0 0.6390625 0.1703125 0.0046875 0.01171875
0 0.725 0.165625 0.00625 0.0125
0 0.7921875 0.1609375 0.00625 0.0125
0 0.82265625 0.16015625 0.0046875 0.01171875
4 0.596875 0.17734375 0.0078125 0.0171875
4 0.61171875 0.1796875 0.0078125 0.01796875
4 0.63203125 0.17421875 0.00703125 0.015625
4 0.6953125 0.16953125 0.00703125 0.01484375
0 0.83125 0.15703125 0.0046875 0.01015625
0 0.8453125 0.15390625 0.00546875 0.01015625
0 0.87890625 0.15 0.0046875 0.009375
4 0.909375 0.15625 0.00859375 0.015625
4 0.9203125 0.153125 0.00703125 0.0125