4 0.10390625 0.5 0.0796875 0.134375
4 0.2078125 0.2875 0.03046875 0.04609375
4 0.2953125 0.2578125 0.021875 0.034375
4 0.40234375 0.23515625 0.0171875 0.0296875
4 0.51484375 0.21953125 0.01484375 0.025
0 0.07890625 0.2609375 0.01875 0.028125
0 0.24765625 0.2359375 0.01328125 0.02421875
0 0.41328125 0.215625 0.01015625 0.0203125
0 0.525 0.203125 0.00859375 0.01953125
0 0.64453125 0.19296875 0.00703125 0.0171875
0 0.7359375 0.18515625 0.0078125 0.0171875
4 0.84453125 0.184375 0.01171875 0.02109375
0 0.81328125 0.178125 0.0078125 0.0140625
4 0.7703125 0.171875 0.00390625 0.00859375
4 0.7421875 0.19453125 0.01015625 0.021875
4 0.75078125 0.175 0.00625 0.01171875
0 0.709375 0.17734375 0.00625 0.0109375
0 0.65078125 0.18046875 0.00390625 0.00859375
0 0.6765625 0.17734375 0.00390625 0.00703125
4 0.68515625 0.17734375 0.00390625 0.00859375
0 0.55390625 0.18515625 0.00234375 0.0078125
0 0.54140625 0.18515625 0.003125 0.0078125
0 0.56015625 0.184375 0.00234375 0.00703125
0 0.53125 0.18671875 0.00234375 0.0078125
0 0.58359375 0.1828125 0.003125 0.00703125
4 0.60859375 0.20859375 0.01015625 0.021875
4 0.60859375 0.1828125 0.00390625 0.009375
4 0.5921875 0.18125 0.0015625 0.0078125
0 0.59453125 0.1828125 0.003125 0.00859375
0 0.62109375 0.18046875 0.00234375 0.00625
4 0.659375 0.17734375 0.00234375 0.0078125
4 0.64765625 0.1796875 0.00234375 0.0078125
0 0.7890625 0.17265625 0.00390625 0.0078125
4 0.0765625 0.37578125 0.02421875 0.04375
0 0.75703125 0.17265625 0.00234375 0.00703125
4 0.91796875 0.17734375 0.01171875 0.01796875
0 0.8359375 0.1671875 0.00234375 0.00625
4 0.85625 0.165625 0.00390625 0.0078125
4 0.8171875 0.17109375 0.00390625 0.01171875