4 0.11875 0.66796875 0.109375 0.1671875
4 0.1671875 0.2015625 0.0125 0.02109375
0 0.125 0.19765625 0.0109375 0.01640625
0 0.27265625 0.18515625 0.0078125 0.0140625
4 0.278125 0.1921875 0.009375 0.0171875
3 0.6015625 0.14296875 0.00390625 0.00703125
3 0.6078125 0.1421875 0.003125 0.00703125
3 0.625 0.140625 0.00390625 0.0078125
3 0.63359375 0.140625 0.00390625 0.00703125
3 0.65 0.13984375 0.00390625 0.0078125
0 0.67421875 0.1375 0.00390625 0.00703125
0 0.67890625 0.1375 0.003125 0.0078125
4 0.66171875 0.13828125 0.00390625 0.0078125
4 0.665625 0.13828125 0.003125 0.0078125
4 0.6890625 0.13671875 0.00390625 0.0078125
4 0.703125 0.1359375 0.00390625 0.0078125
4 0.73671875 0.1328125 0.00390625 0.0078125
0 0.721875 0.1359375 0.0046875 0.009375
0 0.37890625 0.17265625 0.0078125 0.01328125
4 0.375 0.1796875 0.00703125 0.01640625
4 0.51484375 0.1671875 0.00625 0.015625
0 0.68984375 0.14765625 0.00625 0.0125