0 0.525 0.6234375 0.0703125 0.1375
0 0.81328125 0.509375 0.05078125 0.0765625
0 0.82734375 0.4296875 0.0296875 0.04140625
0 0.76953125 0.39296875 0.01875 0.02890625
0 0.71796875 0.375 0.01171875 0.021875
0 0.671875 0.36484375 0.00859375 0.01796875
0 0.59375 0.35859375 0.0078125 0.01640625
0 0.49296875 0.35234375 0.00703125 0.0171875
0 0.39765625 0.34609375 0.00859375 0.015625
0 0.309375 0.33984375 0.0078125 0.0140625
0 0.3078125 0.328125 0.00546875 0.009375
0 0.284375 0.33515625 0.00625 0.01171875
0 0.28046875 0.3296875 0.00390625 0.0125
0 0.3578125 0.3296875 0.00390625 0.0078125
0 0.35703125 0.32265625 0.00390625 0.00546875
4 0.87421875 0.37890625 0.01328125 0.0203125
4 0.76953125 0.3671875 0.0078125 0.01484375
4 0.6828125 0.35859375 0.00703125 0.01328125
4 0.6125 0.353125 0.00546875 0.01171875
4 0.528125 0.34765625 0.0046875 0.01171875
4 0.38671875 0.33828125 0.0046875 0.009375
4 0.36875 0.334375 0.0046875 0.009375
0 0.67734375 0.3421875 0.00234375 0.00546875
0 0.74296875 0.346875 0.003125 0.00703125
0 0.80625 0.35 0.003125 0.00625
0 0.86171875 0.35390625 0.00234375 0.00625
0 0.92578125 0.35625 0.00390625 0.0078125
4 0.8828125 0.35546875 0.0046875 0.0078125
4 0.7796875 0.35 0.00390625 0.0078125
4 0.8390625 0.353125 0.0046875 0.0078125
4 0.70625 0.3453125 0.00390625 0.0078125
0 0.371875 0.32578125 0.003125 0.00625
0 0.39140625 0.32890625 0.00390625 0.0078125
0 0.39453125 0.328125 0.003125 0.0078125
4 0.40234375 0.325 0.00234375 0.00703125
4 0.4078125 0.325 0.00234375 0.00546875
4 0.4171875 0.32734375 0.00234375 0.00703125