4 0.0953125 0.49609375 0.0625 0.13125
4 0.8625 0.17421875 0.0109375 0.0171875
4 0.77265625 0.175 0.00859375 0.015625
4 0.69765625 0.175 0.0078125 0.0140625
4 0.58671875 0.17578125 0.00703125 0.0125
4 0.54921875 0.1765625 0.0046875 0.0109375
4 0.5046875 0.17578125 0.00546875 0.0109375
4 0.45625 0.17578125 0.00546875 0.00859375
0 0.8953125 0.165625 0.0078125 0.01484375
0 0.7953125 0.16953125 0.00625 0.0125
0 0.72734375 0.1703125 0.0046875 0.01171875
0 0.65234375 0.17109375 0.0046875 0.0125
0 0.5984375 0.171875 0.0046875 0.01015625
0 0.496875 0.171875 0.0046875 0.0078125
0 0.54453125 0.171875 0.00390625 0.009375
0 0.46328125 0.17265625 0.003125 0.00703125
0 0.45703125 0.17265625 0.00234375 0.0078125
0 0.4671875 0.16953125 0.00234375 0.00546875
0 0.46328125 0.1703125 0.00234375 0.0046875
0 0.43359375 0.16953125 0.00234375 0.0046875
0 0.40078125 0.17109375 0.0015625 0.00546875
0 0.3625 0.17265625 0.0015625 0.00546875
0 0.3203125 0.175 0.0015625 0.0046875
4 0.33203125 0.175 0.00234375 0.0078125
4 0.3671875 0.1734375 0.003125 0.0078125
4 0.3921875 0.1765625 0.00234375 0.0078125
4 0.396875 0.175 0.00234375 0.0078125
4 0.41171875 0.17734375 0.003125 0.0078125
4 0.41015625 0.17265625 0.00234375 0.00703125
4 0.41875 0.17109375 0.003125 0.0078125
0 0.46171875 0.16796875 0.00234375 0.0046875