2 0.34375 0.6078125 0.034375 0.05078125
1 0.51953125 0.528125 0.0203125 0.03828125
1 0.640625 0.5734375 0.03203125 0.0671875
1 0.6921875 0.53828125 0.0203125 0.04609375
1 0.89140625 0.52421875 0.01796875 0.03671875
2 0.84921875 0.60546875 0.0296875 0.04765625
0 0.0921875 0.50703125 0.0046875 0.01328125
0 0.153125 0.51015625 0.00859375 0.01484375
0 0.23046875 0.51015625 0.00859375 0.01484375
0 0.3109375 0.50703125 0.0078125 0.0140625
0 0.39609375 0.5015625 0.00703125 0.0125
0 0.45859375 0.4953125 0.00703125 0.0109375
0 0.49921875 0.4890625 0.00546875 0.009375
0 0.5328125 0.4859375 0.00546875 0.0078125
4 0.1140625 0.496875 0.00546875 0.00859375
4 0.1359375 0.49921875 0.00546875 0.00859375
4 0.1828125 0.5 0.00625 0.0109375
4 0.25859375 0.50078125 0.00703125 0.0125
4 0.3328125 0.49765625 0.00546875 0.01015625
4 0.3875 0.49296875 0.00546875 0.01015625
4 0.43046875 0.48671875 0.00546875 0.009375
4 0.46484375 0.484375 0.0046875 0.00859375
4 0.4953125 0.48203125 0.00390625 0.00703125
0 0.55703125 0.4828125 0.0046875 0.0078125