4 0.3765625 0.65078125 0.03359375 0.04453125
4 0.2640625 0.59375 0.01796875 0.02421875
4 0.17265625 0.57578125 0.01171875 0.01875
4 0.1609375 0.56875 0.00859375 0.015625
4 0.4375 0.55859375 0.01015625 0.015625
4 0.5625 0.57734375 0.01640625 0.02265625
0 0.8953125 0.56015625 0.0140625 0.02265625
0 0.64765625 0.55703125 0.01171875 0.01875
0 0.5375 0.54609375 0.01015625 0.015625
4 0.75078125 0.85703125 0.046875 0.06875
0 0.14375 0.5578125 0.00625 0.01171875
4 0.19921875 0.56015625 0.0078125 0.01328125
4 0.25703125 0.553125 0.00703125 0.0125
0 0.2453125 0.54765625 0.00625 0.0109375
4 0.3328125 0.54765625 0.00703125 0.0125
0 0.36796875 0.5390625 0.00546875 0.01015625
4 0.38984375 0.546875 0.0078125 0.01328125
0 0.46796875 0.5390625 0.00703125 0.01171875