0 0.8203125 0.6375 0.028125 0.04140625
0 0.47265625 0.6359375 0.028125 0.03671875
0 0.34609375 0.59375 0.015625 0.02265625
0 0.36484375 0.5625 0.01015625 0.0171875
4 0.496875 0.5625 0.01171875 0.0171875
4 0.51640625 0.5765625 0.01796875 0.02109375
4 0.54921875 0.55078125 0.00859375 0.015625
4 0.61640625 0.5859375 0.015625 0.02421875
4 0.73515625 0.58125 0.015625 0.02734375
4 0.8 0.56328125 0.0125 0.02109375
4 0.86171875 0.53984375 0.01015625 0.015625
0 0.50390625 0.54453125 0.0078125 0.01328125
0 0.63046875 0.53515625 0.00546875 0.0109375
4 0.68359375 0.540625 0.0078125 0.01484375
0 0.721875 0.528125 0.00546875 0.01015625
0 0.7640625 0.52109375 0.00390625 0.00859375
4 0.79140625 0.528125 0.00625 0.0125
4 0.83515625 0.5203125 0.00546875 0.01015625