1 0.4 0.66484375 0.0515625 0.11015625
0 0.8765625 0.553125 0.015625 0.02421875
0 0.7953125 0.534375 0.01171875 0.0203125
0 0.76953125 0.5203125 0.01015625 0.015625
4 0.89453125 0.51640625 0.0078125 0.0125
4 0.89453125 0.51015625 0.00703125 0.01171875
4 0.84296875 0.50078125 0.00546875 0.009375
4 0.80390625 0.49609375 0.00546875 0.009375
0 0.77265625 0.5140625 0.00703125 0.0140625
0 0.77421875 0.50625 0.00703125 0.01171875
0 0.75546875 0.5 0.00546875 0.01015625
4 0.74609375 0.49296875 0.0046875 0.0078125
0 0.7296875 0.49765625 0.00625 0.01015625
0 0.68125 0.4953125 0.0046875 0.0078125
4 0.6765625 0.49140625 0.00390625 0.00703125
4 0.6125 0.48984375 0.0046875 0.0078125
0 0.61953125 0.49375 0.00546875 0.0078125
0 0.5625 0.4921875 0.0046875 0.0078125
4 0.5546875 0.4890625 0.0046875 0.0078125
4 0.5046875 0.48828125 0.003125 0.00703125
0 0.51171875 0.4921875 0.0046875 0.00703125
0 0.465625 0.4921875 0.00546875 0.0078125
4 0.45625 0.4890625 0.0046875 0.00703125
4 0.40625 0.48984375 0.00390625 0.0078125
0 0.41015625 0.49375 0.0046875 0.00703125
4 0.36328125 0.490625 0.00546875 0.0078125
0 0.34921875 0.49453125 0.00546875 0.00859375
0 0.2984375 0.4953125 0.00546875 0.0078125
4 0.3296875 0.49140625 0.0046875 0.00703125
4 0.30390625 0.490625 0.00390625 0.00625
4 0.27890625 0.48984375 0.0046875 0.00625
0 0.25625 0.49375 0.00390625 0.00625
0 0.228125 0.49296875 0.00390625 0.00625
0 0.15859375 0.4859375 0.003125 0.00625
4 0.19375 0.4859375 0.00234375 0.00546875