0 0.3765625 0.7125 0.04140625 0.0625
4 0.85078125 0.70234375 0.04765625 0.0640625
0 0.09296875 0.54375 0.00546875 0.009375
0 0.1546875 0.54296875 0.00625 0.01015625
4 0.11875 0.5375 0.0046875 0.00859375
4 0.19140625 0.5359375 0.00546875 0.00859375
0 0.2171875 0.540625 0.00625 0.009375
0 0.275 0.53671875 0.0046875 0.00859375
4 0.240625 0.53125 0.0046875 0.0078125
4 0.25859375 0.52890625 0.00390625 0.00703125
0 0.3125 0.53203125 0.0046875 0.00859375
0 0.33359375 0.52734375 0.0046875 0.0078125
0 0.3203125 0.525 0.00390625 0.00703125
4 0.20546875 0.5265625 0.00390625 0.00625
4 0.16953125 0.52578125 0.0046875 0.00703125
4 0.134375 0.525 0.00390625 0.00625
0 0.1265625 0.5234375 0.00390625 0.00625
0 0.24765625 0.5234375 0.00390625 0.00703125
0 0.27578125 0.5234375 0.00390625 0.00703125
0 0.296875 0.52421875 0.00390625 0.00625