0 0.209375 0.74921875 0.0578125 0.0828125
0 0.39140625 0.58984375 0.02578125 0.03515625
0 0.45078125 0.54765625 0.0140625 0.02109375
0 0.4984375 0.528125 0.01171875 0.0171875
0 0.5515625 0.525 0.0078125 0.0140625
0 0.59609375 0.53125 0.01015625 0.0171875
0 0.6203125 0.54296875 0.0125 0.01875
0 0.63828125 0.58125 0.01953125 0.02734375
0 0.74375 0.70546875 0.0484375 0.0640625
4 0.17109375 0.5765625 0.0234375 0.03046875
4 0.3078125 0.5390625 0.0140625 0.0203125
4 0.40546875 0.521875 0.00859375 0.0171875
4 0.828125 0.57734375 0.0203125 0.02890625
4 0.73359375 0.5421875 0.0125 0.01875
4 0.68984375 0.528125 0.0078125 0.0140625
4 0.50859375 0.5171875 0.00859375 0.0140625
4 0.62265625 0.5203125 0.00859375 0.01328125