0 0.1796875 0.57734375 0.046875 0.08828125
0 0.43046875 0.43828125 0.01796875 0.04375
0 0.59375 0.39921875 0.01171875 0.028125
0 0.68359375 0.37578125 0.00546875 0.01875
0 0.78046875 0.39140625 0.00703125 0.01875
0 0.8828125 0.40703125 0.00625 0.01953125
4 0.75078125 0.6421875 0.05390625 0.1140625
4 0.7125 0.48125 0.0265625 0.05625
4 0.771875 0.43359375 0.0171875 0.0359375
4 0.8546875 0.42734375 0.01328125 0.0296875
4 0.6046875 0.3796875 0.01015625 0.02109375
4 0.5296875 0.3640625 0.0078125 0.0171875
2 0.28515625 0.3953125 0.01171875 0.02265625
2 0.42109375 0.39375 0.0109375 0.0234375
2 0.34375 0.3765625 0.0078125 0.01796875
2 0.459375 0.375 0.009375 0.01875
1 0.89140625 0.403125 0.009375 0.03125
1 0.875 0.39921875 0.01328125 0.0328125
0 0.625 0.365625 0.0046875 0.01484375
0 0.61015625 0.3546875 0.00390625 0.0125
0 0.6046875 0.35859375 0.0046875 0.01328125
4 0.5171875 0.35625 0.0046875 0.0125
4 0.53984375 0.3515625 0.00390625 0.01171875
0 0.63828125 0.353125 0.00390625 0.0109375
0 0.68125 0.3546875 0.00234375 0.009375
0 0.7328125 0.35859375 0.003125 0.00859375
4 0.71953125 0.35546875 0.00234375 0.00625
4 0.58515625 0.34921875 0.0015625 0.00625
4 0.64921875 0.35 0.00234375 0.00625
0 0.93359375 0.3953125 0.00390625 0.01171875
0 0.8953125 0.384375 0.00390625 0.01171875
0 0.84296875 0.375 0.00390625 0.009375
0 0.78828125 0.365625 0.00234375 0.0078125