0 0.1765625 0.675 0.04609375 0.11171875
0 0.11484375 0.5671875 0.03046875 0.06171875
4 0.7 0.375 0.04140625 0.078125
4 0.41484375 0.39296875 0.0265625 0.05
2 0.715625 0.284375 0.02421875 0.0453125
4 0.19609375 0.45234375 0.01953125 0.03984375
2 0.71796875 0.240625 0.0140625 0.028125
2 0.8953125 0.203125 0.015625 0.03125
2 0.69453125 0.2328125 0.00859375 0.0203125
2 0.71796875 0.21484375 0.00546875 0.015625
2 0.75546875 0.2046875 0.0078125 0.01796875
2 0.79765625 0.19609375 0.00703125 0.01796875
2 0.82734375 0.190625 0.00703125 0.01796875
2 0.8546875 0.1953125 0.009375 0.021875