1 0.7515625 0.815625 0.059375 0.1625
1 0.16328125 0.796875 0.07890625 0.1703125
2 0.184375 0.84375 0.06484375 0.10625
4 0.24765625 0.784375 0.04609375 0.09375
4 0.2421875 0.715625 0.034375 0.06640625
4 0.26171875 0.64921875 0.02265625 0.03828125
4 0.3375 0.62734375 0.01484375 0.028125
4 0.4328125 0.615625 0.0109375 0.021875
4 0.53671875 0.61484375 0.009375 0.02109375
2 0.48203125 0.60859375 0.009375 0.0203125
4 0.63671875 0.61875 0.0125 0.021875
4 0.7125 0.62578125 0.0125 0.025
4 0.80546875 0.6390625 0.0171875 0.03125
4 0.928125 0.66328125 0.01640625 0.04140625
0 0.6546875 0.796875 0.040625 0.096875
0 0.7515625 0.71328125 0.03671875 0.06171875
0 0.66875 0.65625 0.01796875 0.03828125
0 0.5609375 0.6984375 0.0296875 0.0546875
0 0.4921875 0.67265625 0.0203125 0.04375
0 0.4296875 0.65078125 0.01796875 0.03515625
0 0.45078125 0.63359375 0.01328125 0.02890625
0 0.55078125 0.63125 0.01328125 0.02734375
2 0.71015625 0.859375 0.0296875 0.075