0 0.27890625 0.809375 0.0546875 0.1015625
0 0.34453125 0.696875 0.02578125 0.05625
0 0.3578125 0.6578125 0.0171875 0.03984375
0 0.3734375 0.640625 0.01484375 0.03359375
1 0.32265625 0.67109375 0.02890625 0.08125
1 0.38828125 0.6265625 0.01796875 0.0484375
0 0.44921875 0.6375 0.01328125 0.03125
0 0.5296875 0.6375 0.01171875 0.03125
0 0.54921875 0.65390625 0.015625 0.03671875
1 0.5171875 0.62578125 0.015625 0.0453125
1 0.5953125 0.66640625 0.02890625 0.0734375
0 0.59453125 0.6875 0.0234375 0.0515625
0 0.671875 0.74296875 0.034375 0.0734375
0 0.7671875 0.84453125 0.0578125 0.1046875