4 0.51796875 0.8109375 0.04453125 0.10546875
4 0.54375 0.74140625 0.03671875 0.078125
4 0.515625 0.68203125 0.0265625 0.0515625
1 0.48203125 0.66484375 0.03125 0.08125
2 0.45703125 0.67421875 0.0234375 0.04765625
2 0.4203125 0.65078125 0.01875 0.040625
2 0.39296875 0.62890625 0.015625 0.0328125
2 0.4609375 0.62421875 0.015625 0.02890625
2 0.55078125 0.61875 0.0125 0.028125
2 0.60546875 0.63125 0.015625 0.03203125
1 0.65234375 0.6390625 0.0203125 0.0609375
0 0.66875 0.65625 0.0203125 0.040625
0 0.78203125 0.68828125 0.03203125 0.05546875
0 0.89609375 0.7359375 0.0453125 0.071875
0 0.80859375 0.634375 0.01875 0.0328125
0 0.7546875 0.6171875 0.0140625 0.02734375
0 0.71015625 0.6046875 0.0109375 0.02265625
0 0.675 0.59296875 0.009375 0.01953125
0 0.65546875 0.58515625 0.00703125 0.01640625
0 0.6375 0.5796875 0.00703125 0.01484375
0 0.62109375 0.575 0.00625 0.0125
0 0.61171875 0.571875 0.00546875 0.0109375
4 0.9 0.6171875 0.01796875 0.0296875
4 0.84453125 0.6046875 0.01328125 0.02421875
4 0.78359375 0.59296875 0.009375 0.01953125
4 0.7515625 0.5859375 0.0078125 0.015625
4 0.72578125 0.58046875 0.00625 0.0125
4 0.7046875 0.57578125 0.00703125 0.01328125
4 0.68828125 0.571875 0.0046875 0.01171875
4 0.671875 0.56953125 0.0046875 0.01015625
2 0.60234375 0.58203125 0.00625 0.0125
2 0.5671875 0.58125 0.00625 0.01328125
2 0.5296875 0.58125 0.00703125 0.0125
1 0.5234375 0.571875 0.0078125 0.01875
4 0.5109375 0.57109375 0.0046875 0.0125
4 0.49140625 0.56484375 0.0046875 0.01171875
4 0.48671875 0.5671875 0.00625 0.01328125
0 0.5328125 0.5671875 0.0046875 0.01015625
0 0.5546875 0.56953125 0.00546875 0.01015625
0 0.56640625 0.5671875 0.00546875 0.01015625
0 0.57265625 0.5703125 0.00546875 0.01171875
2 0.596875 0.578125 0.00390625 0.01171875
2 0.59140625 0.575 0.00703125 0.01484375
0 0.58828125 0.5734375 0.00390625 0.01171875
0 0.60234375 0.56875 0.00390625 0.009375
2 0.64609375 0.64375 0.01015625 0.03515625
4 0.65 0.56796875 0.00390625 0.00859375
2 0.59765625 0.5671875 0.0046875 0.01015625
4 0.559375 0.565625 0.00390625 0.0078125
4 0.51796875 0.56484375 0.00390625 0.0078125
4 0.62578125 0.5671875 0.0046875 0.009375