2 0.4890625 0.53046875 0.03046875 0.06328125
2 0.659375 0.45703125 0.02109375 0.0359375
2 0.7203125 0.43203125 0.01640625 0.0265625
2 0.753125 0.41484375 0.01015625 0.02109375
2 0.78359375 0.40234375 0.009375 0.01640625
0 0.80234375 0.3953125 0.00703125 0.0125
0 0.83984375 0.37890625 0.00390625 0.0078125
0 0.85234375 0.38828125 0.00703125 0.01015625
0 0.85078125 0.38046875 0.00390625 0.0078125
0 0.87734375 0.375 0.00390625 0.00625
4 0.8875 0.3765625 0.0046875 0.0078125
0 0.8953125 0.3828125 0.00625 0.01015625
4 0.909375 0.37421875 0.00390625 0.0078125
4 0.91796875 0.3765625 0.0046875 0.00859375
4 0.9125 0.3890625 0.0046875 0.0125
4 0.9140625 0.3953125 0.0078125 0.01484375
4 0.91875 0.40390625 0.0109375 0.01796875
4 0.9296875 0.41640625 0.01640625 0.021875
4 0.94609375 0.440625 0.01953125 0.03125
2 0.96953125 0.503125 0.01640625 0.04609375
4 0.96015625 0.3828125 0.0078125 0.01171875
0 0.93828125 0.378125 0.00625 0.009375
0 0.96484375 0.36875 0.00390625 0.00703125
4 0.975 0.36953125 0.0046875 0.00703125