4 0.35 0.6296875 0.03359375 0.05703125
4 0.41640625 0.559375 0.01796875 0.03359375
4 0.43515625 0.53828125 0.01484375 0.02578125
4 0.46640625 0.51875 0.0109375 0.01953125
4 0.53515625 0.5046875 0.00859375 0.01640625
4 0.6078125 0.49453125 0.00703125 0.0140625
4 0.69296875 0.48515625 0.00625 0.01328125
4 0.7953125 0.47578125 0.00625 0.01171875
4 0.9140625 0.4671875 0.00703125 0.01171875
0 0.9703125 0.46796875 0.00859375 0.0140625
0 0.8453125 0.4765625 0.0078125 0.01328125
0 0.74453125 0.48671875 0.00703125 0.0140625
0 0.6609375 0.49921875 0.00859375 0.01640625
0 0.61640625 0.5171875 0.0109375 0.02109375
0 0.66796875 0.540625 0.0203125 0.03203125
0 0.7921875 0.59609375 0.03359375 0.05546875