0 0.57109375 0.6125 0.0359375 0.065625
4 0.0609375 0.62578125 0.04921875 0.075
4 0.0921875 0.503125 0.01953125 0.0265625
2 0.18125 0.44609375 0.0046875 0.0078125
2 0.22109375 0.44453125 0.00390625 0.00703125
2 0.2296875 0.44609375 0.00390625 0.0078125
2 0.27421875 0.44453125 0.003125 0.00703125
2 0.27890625 0.44453125 0.00390625 0.00625
4 0.29765625 0.48359375 0.01015625 0.01953125
0 0.21796875 0.521875 0.02109375 0.0328125
0 0.4671875 0.48203125 0.01171875 0.01875
0 0.38359375 0.4953125 0.0125 0.02421875
4 0.390625 0.47265625 0.00859375 0.015625
2 0.32734375 0.44453125 0.003125 0.00703125
2 0.3375 0.44453125 0.00390625 0.00703125
2 0.37734375 0.4453125 0.00390625 0.00703125
2 0.39140625 0.4453125 0.00390625 0.00703125
2 0.4109375 0.44609375 0.00390625 0.0078125
4 0.40546875 0.465625 0.00703125 0.01328125
4 0.41328125 0.46015625 0.00625 0.01171875
4 0.41796875 0.45625 0.00546875 0.01015625
4 0.42265625 0.453125 0.0046875 0.009375
2 0.4265625 0.45 0.00390625 0.00859375
2 0.4296875 0.44765625 0.003125 0.0078125
2 0.4390625 0.44609375 0.00390625 0.00703125
2 0.4703125 0.446875 0.003125 0.0078125
2 0.4859375 0.44921875 0.00390625 0.00859375
2 0.48984375 0.4515625 0.00234375 0.00859375
2 0.49140625 0.4546875 0.00390625 0.01015625
2 0.4984375 0.4578125 0.00546875 0.0109375
2 0.50625 0.46328125 0.00625 0.01328125
0 0.51484375 0.47109375 0.0078125 0.01484375