2 0.3109375 0.6109375 0.03203125 0.06171875
2 0.66484375 0.61015625 0.0328125 0.0609375
4 0.39609375 0.553125 0.01796875 0.0328125
4 0.48203125 0.4953125 0.00625 0.01171875
4 0.43203125 0.50078125 0.00703125 0.01328125
4 0.396875 0.51640625 0.0125 0.01953125
4 0.415625 0.5265625 0.01328125 0.02265625
4 0.59453125 0.553125 0.0203125 0.0328125
4 0.5921875 0.52890625 0.01484375 0.02421875
0 0.540625 0.5140625 0.01015625 0.01875
0 0.5296875 0.50390625 0.00859375 0.01484375
0 0.5640625 0.5 0.00625 0.0125
4 0.584375 0.49609375 0.003125 0.00859375
4 0.6625 0.49453125 0.00546875 0.0109375
1 0.66484375 0.48671875 0.0046875 0.01484375
0 0.7265625 0.50234375 0.00703125 0.01171875
0 0.74375 0.496875 0.0046875 0.01015625
1 0.72734375 0.4890625 0.00625 0.0140625
4 0.4140625 0.50859375 0.00859375 0.01640625