0 0.04375 0.68203125 0.04296875 0.10859375
0 0.30078125 0.55078125 0.03203125 0.05
0 0.51484375 0.51328125 0.01953125 0.0359375
4 0.77265625 0.6125 0.03984375 0.071875
4 0.85703125 0.54921875 0.028125 0.04453125
4 0.8375 0.4796875 0.01328125 0.02265625
0 0.69296875 0.48671875 0.01796875 0.028125
4 0.69453125 0.45703125 0.009375 0.0171875
0 0.63671875 0.46328125 0.0109375 0.02109375
4 0.6328125 0.4484375 0.00703125 0.015625
4 0.56328125 0.440625 0.00703125 0.01328125
0 0.5375 0.44609375 0.0046875 0.0140625
4 0.50625 0.43359375 0.00546875 0.01171875
4 0.4609375 0.43671875 0.0046875 0.0140625
2 0.471875 0.428125 0.0046875 0.01171875
4 0.43828125 0.43125 0.00390625 0.01171875