4 0.72890625 0.54296875 0.03984375 0.05
4 0.62890625 0.51875 0.02890625 0.05390625
4 0.5921875 0.503125 0.021875 0.03984375
4 0.56015625 0.49375 0.01796875 0.03125
4 0.7765625 0.5046875 0.01953125 0.0375
0 0.8671875 0.49921875 0.0171875 0.02890625
4 0.72421875 0.49609375 0.01484375 0.02890625
0 0.31328125 0.54375 0.01875 0.040625
0 0.3765625 0.49453125 0.02109375 0.0359375
2 0.44453125 0.48671875 0.015625 0.03125
0 0.459375 0.484375 0.01328125 0.02421875
0 0.4796875 0.4828125 0.01171875 0.0234375
4 0.63828125 0.48671875 0.0109375 0.021875
4 0.571875 0.48671875 0.01171875 0.02421875
2 0.53359375 0.48203125 0.009375 0.01953125
2 0.51875 0.47890625 0.01328125 0.01171875
0 0.5 0.478125 0.01015625 0.01875
0 0.5625 0.471875 0.00703125 0.01171875
0 0.56875 0.4703125 0.00625 0.01015625
0 0.7515625 0.48359375 0.0078125 0.01640625
0 0.73671875 0.47890625 0.00625 0.0140625
0 0.728125 0.475 0.00546875 0.01015625
0 0.70859375 0.47421875 0.00546875 0.01171875
4 0.6796875 0.48828125 0.01015625 0.0234375
4 0.67734375 0.48515625 0.0046875 0.01875
4 0.665625 0.4828125 0.00703125 0.01640625
4 0.66015625 0.478125 0.00546875 0.01484375
4 0.64609375 0.47265625 0.0046875 0.0125
4 0.61796875 0.48203125 0.009375 0.021875
4 0.6234375 0.4765625 0.00546875 0.0140625
2 0.63203125 0.475 0.00625 0.01484375
0 0.815625 0.490625 0.0078125 0.02109375