0 0.28671875 0.68046875 0.0671875 0.11328125
0 0.146875 0.58515625 0.0421875 0.03984375
0 0.5921875 0.609375 0.0390625 0.06875
0 0.67578125 0.58203125 0.0296875 0.05703125
0 0.55 0.5703125 0.028125 0.04765625
0 0.66015625 0.55078125 0.01796875 0.03359375
0 0.31171875 0.5640625 0.03125 0.028125
0 0.321875 0.55 0.025 0.0234375
4 0.42734375 0.56171875 0.02421875 0.04296875
4 0.45703125 0.53828125 0.015625 0.02890625
4 0.5328125 0.54296875 0.01796875 0.0328125
4 0.80078125 0.56328125 0.02265625 0.0421875
0 0.30234375 0.52890625 0.00703125 0.01953125
0 0.30703125 0.53359375 0.009375 0.0234375
2 0.31328125 0.540625 0.0109375 0.02890625
4 0.40703125 0.528125 0.0109375 0.02109375
4 0.43515625 0.5359375 0.01640625 0.01875
0 0.35 0.52578125 0.0109375 0.01171875
2 0.371875 0.521875 0.0109375 0.009375
0 0.4140625 0.52109375 0.00546875 0.0140625
4 0.44296875 0.5265625 0.01328125 0.0140625
4 0.48203125 0.521875 0.0078125 0.0171875
4 0.4984375 0.5203125 0.00703125 0.01484375
4 0.48984375 0.5171875 0.00625 0.0140625
4 0.48359375 0.51484375 0.0046875 0.01171875
4 0.46796875 0.5125 0.00546875 0.01015625
2 0.46171875 0.51015625 0.00546875 0.01171875
4 0.453125 0.5109375 0.00546875 0.01015625
0 0.39609375 0.51484375 0.00625 0.01015625
0 0.3890625 0.5125 0.00546875 0.009375
0 0.35859375 0.5125 0.00625 0.00546875
2 0.3390625 0.5171875 0.009375 0.009375
2 0.33046875 0.50078125 0.00625 0.01015625
0 0.34921875 0.51484375 0.00859375 0.00703125
4 0.44453125 0.51015625 0.0046875 0.009375
4 0.43359375 0.50859375 0.0046875 0.0078125
2 0.415625 0.5078125 0.0046875 0.009375