0 0.1046875 0.46171875 0.02109375 0.03828125
4 0.2203125 0.4140625 0.08828125 0.15625
4 0.27578125 0.4328125 0.01875 0.03828125
0 0.37734375 0.38828125 0.01171875 0.028125
4 0.41796875 0.4078125 0.01171875 0.03203125
2 0.41640625 0.4375 0.01953125 0.04296875
2 0.546875 0.40390625 0.01875 0.03828125
1 0.62109375 0.37421875 0.01875 0.05234375
2 0.59765625 0.3 0.01328125 0.0296875
0 0.67421875 0.4109375 0.01953125 0.03984375
0 0.6125 0.44765625 0.0296875 0.05234375
0 0.84453125 0.475 0.03515625 0.0578125
1 0.85625 0.403125 0.028125 0.06328125