1 0.26171875 0.58046875 0.0375 0.08515625
0 0.29609375 0.58125 0.021875 0.04375
0 0.31953125 0.56796875 0.01796875 0.03828125
2 0.3421875 0.55234375 0.01484375 0.0296875
0 0.3546875 0.55234375 0.0125 0.02890625
4 0.37265625 0.53671875 0.0078125 0.02421875
0 0.37734375 0.5453125 0.0125 0.025
0 0.3953125 0.53671875 0.01015625 0.021875
0 0.40703125 0.53125 0.00859375 0.01875
2 0.4203125 0.52734375 0.00859375 0.015625
2 0.59453125 0.52734375 0.00859375 0.01796875
4 0.6078125 0.5328125 0.009375 0.0203125
4 0.6265625 0.53828125 0.01171875 0.02265625
4 0.64296875 0.54453125 0.0125 0.025
4 0.675 0.55078125 0.0171875 0.0296875
4 0.7078125 0.5640625 0.0203125 0.0359375
1 0.8765625 0.59921875 0.053125 0.10234375