4 0.1046875 0.5875 0.0109375 0.03125
4 0.1125 0.61484375 0.02109375 0.0390625
4 0.2015625 0.57734375 0.01328125 0.028125
2 0.2296875 0.60625 0.01640625 0.034375
2 0.296875 0.57734375 0.0125 0.02734375
0 0.32890625 0.6078125 0.0140625 0.0328125
4 0.41171875 0.584375 0.0125 0.02734375
2 0.4625 0.62265625 0.01640625 0.03515625
4 0.509375 0.58828125 0.0125 0.02734375
0 0.56015625 0.63046875 0.0203125 0.03671875
4 0.596875 0.5953125 0.0125 0.028125
0 0.66953125 0.63984375 0.01875 0.03828125
0 0.69296875 0.59921875 0.01328125 0.02734375
0 0.81171875 0.61015625 0.01328125 0.02734375
0 0.82265625 0.6546875 0.0203125 0.03984375