2 0.48515625 0.496875 0.0046875 0.01015625
0 0.478125 0.50234375 0.0046875 0.01328125
0 0.47421875 0.51015625 0.00625 0.0140625
0 0.46796875 0.51875 0.00625 0.015625
4 0.4609375 0.51171875 0.00546875 0.0140625
0 0.45859375 0.52734375 0.00625 0.01796875
2 0.4515625 0.52734375 0.00546875 0.0171875
0 0.44921875 0.540625 0.00703125 0.0203125
0 0.4453125 0.55 0.00703125 0.021875
1 0.4375 0.55234375 0.0125 0.03828125
2 0.6140625 0.48125 0.00546875 0.0109375
4 0.62109375 0.48828125 0.00546875 0.0140625
4 0.63203125 0.49375 0.00546875 0.01484375
4 0.640625 0.4984375 0.0078125 0.0171875
4 0.65625 0.5046875 0.00859375 0.01875
4 0.66953125 0.51328125 0.01015625 0.02109375
1 0.71875 0.53359375 0.01953125 0.0453125