1 0.17734375 0.63359375 0.1484375 0.346875
0 0.3046875 0.59140625 0.06015625 0.10703125
0 0.3578125 0.55625 0.03671875 0.0703125
0 0.39375 0.5328125 0.02265625 0.04765625
0 0.415625 0.52421875 0.01953125 0.03828125
0 0.42734375 0.515625 0.01484375 0.03203125
0 0.4328125 0.51015625 0.01015625 0.02734375
2 0.44140625 0.5078125 0.01171875 0.02265625
2 0.44609375 0.5046875 0.0078125 0.0203125
2 0.5609375 0.49765625 0.01015625 0.021875
4 0.58203125 0.50078125 0.0125 0.025
4 0.60625 0.503125 0.0140625 0.03125
4 0.6421875 0.50703125 0.0203125 0.03828125
4 0.69375 0.51328125 0.02734375 0.04765625
4 0.76640625 0.521875 0.040625 0.0640625