4 0.0953125 0.33125 0.01015625 0.03125
4 0.328125 0.32265625 0.0125 0.028125
4 0.40234375 0.32578125 0.01640625 0.03203125
0 0.478125 0.315625 0.0109375 0.02421875
0 0.4890625 0.37265625 0.02578125 0.05078125
1 0.5859375 0.33515625 0.02734375 0.065625
1 0.7 0.440625 0.05234375 0.121875
0 0.48671875 0.6546875 0.075 0.15234375
0 0.2984375 0.453125 0.040625 0.0828125
0 0.26640625 0.32109375 0.01171875 0.02421875
0 0.3015625 0.36640625 0.03046875 0.053125
2 0.309375 0.334375 0.01328125 0.0359375
2 0.42890625 0.3375 0.02265625 0.0390625
2 0.6171875 0.240625 0.01640625 0.0359375