0 0.40239197530864196 0.3578125 0.021604938271604937 0.11875
4 0.6984953703703703 0.2546875 0.019675925925925927 0.090625
0 0.44212962962962965 0.44453125 0.027777777777777776 0.1609375
0 0.3387345679012346 0.315625 0.016975308641975308 0.096875
4 0.5551697530864198 0.22578125 0.013117283950617283 0.0703125
0 0.8020833333333334 0.0875 0.004629629629629629 0.028125
0 0.22916666666666666 0.2765625 0.011574074074074073 0.065625
4 0.5133101851851852 0.13828125 0.004243827160493827 0.0296875
0 0.2048611111111111 0.2421875 0.009259259259259259 0.05
4 0.9679783950617284 0.071875 0.005401234567901234 0.03125
0 0.964891975308642 0.0375 0.0023148148148148147 0.015625
0 0.30844907407407407 0.18203125 0.005787037037037037 0.0328125
4 0.5707947530864198 0.12578125 0.004243827160493827 0.0296875
4 0.8821373456790124 0.31953125 0.03125 0.1328125
4 0.6828703703703703 0.11015625 0.004629629629629629 0.0296875
4 0.4212962962962963 0.2125 0.009259259259259259 0.05625
0 0.8798225308641975 0.0734375 0.003472222222222222 0.025
4 0.38483796296296297 0.2015625 0.0073302469135802465 0.046875
0 0.9060570987654321 0.06796875 0.003472222222222222 0.0234375
0 0.7663966049382716 0.090625 0.004243827160493827 0.028125
4 0.9124228395061729 0.08203125 0.004629629629629629 0.0328125
0 0.23996913580246915 0.21015625 0.006944444444444444 0.0390625
0 0.39274691358024694 0.64609375 0.04861111111111111 0.2453125
4 0.45891203703703703 0.153125 0.005015432098765432 0.03125
4 0.41203703703703703 0.16875 0.005401234567901234 0.0375
0 0.6240354938271605 0.10625 0.004243827160493827 0.025
0 0.38040123456790126 0.1578125 0.004629629629629629 0.03125
0 0.7123842592592593 0.09609375 0.004243827160493827 0.0265625
4 0.6336805555555556 0.115625 0.005015432098765432 0.03125
0 0.9282407407407407 0.06171875 0.0030864197530864196 0.0234375
4 0.7729552469135802 0.10234375 0.005015432098765432 0.0328125
0 0.941358024691358 0.0578125 0.0030864197530864196 0.021875
4 0.3888888888888889 0.184375 0.006172839506172839 0.04375
0 0.5391589506172839 0.12109375 0.004243827160493827 0.0265625
0 0.9467592592592593 0.0546875 0.0030864197530864196 0.021875
0 0.45871913580246915 0.1375 0.004629629629629629 0.028125
4 0.8454861111111112 0.09453125 0.005015432098765432 0.0328125
0 0.8458719135802469 0.0796875 0.004243827160493827 0.028125