2 0.4010416666666667 0.6564814814814814 0.121875 0.22407407407407406
3 0.7682291666666666 0.3435185185185185 0.05755208333333333 0.1
3 0.5270833333333333 0.3055555555555556 0.05546875 0.09074074074074075
2 0.31536458333333334 0.23287037037037037 0.04791666666666667 0.07361111111111111
0 0.19817708333333334 0.14537037037037037 0.0296875 0.04351851851851852
2 0.14244791666666667 0.12962962962962962 0.024739583333333332 0.03611111111111111
2 0.14505208333333333 0.16296296296296298 0.018489583333333334 0.03564814814814815
2 0.028385416666666666 0.17407407407407408 0.034895833333333334 0.05416666666666667
2 0.030208333333333334 0.2263888888888889 0.028125 0.05694444444444444
3 0.023697916666666666 0.09907407407407408 0.017708333333333333 0.02824074074074074
3 0.024479166666666666 0.12453703703703704 0.015364583333333333 0.027314814814814816