2 0.3299479166666667 0.7217592592592592 0.05625 0.0875
2 0.03697916666666667 0.5731481481481482 0.0296875 0.04722222222222222
2 0.054947916666666666 0.5407407407407407 0.024739583333333332 0.037037037037037035
0 0.27291666666666664 0.5115740740740741 0.021875 0.03287037037037037
0 0.31276041666666665 0.5435185185185185 0.026822916666666665 0.0412037037037037
2 0.47578125 0.5888888888888889 0.028125 0.055092592592592596
3 0.5317708333333333 0.5527777777777778 0.028385416666666666 0.04537037037037037
3 0.46822916666666664 0.5023148148148148 0.01875 0.03009259259259259
2 0.50390625 0.48333333333333334 0.017447916666666667 0.025925925925925925
3 0.7026041666666667 0.5097222222222222 0.024739583333333332 0.03888888888888889
3 0.7434895833333334 0.5879629629629629 0.03828125 0.058333333333333334
3 0.9307291666666667 0.5370370370370371 0.03463541666666667 0.04583333333333333