2 0.215625 0.35462962962962963 0.03984375 0.06898148148148148
2 0.21848958333333332 0.24351851851851852 0.02421875 0.03564814814814815
2 0.26458333333333334 0.22175925925925927 0.0203125 0.03194444444444444
0 0.4309895833333333 0.23981481481481481 0.02265625 0.0375
0 0.446875 0.21342592592592594 0.020052083333333335 0.030555555555555555
2 0.4895833333333333 0.287962962962963 0.033854166666666664 0.055092592592592596
3 0.5955729166666667 0.2611111111111111 0.030208333333333334 0.049074074074074076
3 0.7411458333333333 0.3074074074074074 0.043229166666666666 0.06620370370370371
3 0.86015625 0.23287037037037037 0.03203125 0.044444444444444446
3 0.62578125 0.2125 0.022135416666666668 0.03287037037037037
2 0.6979166666666666 0.19490740740740742 0.020572916666666666 0.031018518518518518