2 0.3026041666666667 0.44675925925925924 0.0484375 0.0837962962962963
3 0.44973958333333336 0.3416666666666667 0.028645833333333332 0.04583333333333333
2 0.6911458333333333 0.3592592592592593 0.038802083333333334 0.06388888888888888
0 0.6927083333333334 0.2953703703703704 0.025520833333333333 0.04027777777777778
2 0.5596354166666667 0.31574074074074077 0.020572916666666666 0.0412037037037037
3 0.5791666666666667 0.2967592592592593 0.019010416666666665 0.034722222222222224
0 0.63671875 0.2800925925925926 0.019791666666666666 0.03148148148148148
2 0.5822916666666667 0.2537037037037037 0.0109375 0.020833333333333332
3 0.5338541666666666 0.2726851851851852 0.015104166666666667 0.02546296296296296
3 0.49635416666666665 0.2662037037037037 0.01171875 0.020370370370370372
2 0.36328125 0.27314814814814814 0.013541666666666667 0.020833333333333332
3 0.14479166666666668 0.32685185185185184 0.0234375 0.03287037037037037
0 0.16354166666666667 0.31666666666666665 0.020572916666666666 0.031018518518518518