0 0.46380208333333334 0.32592592592592595 0.01328125 0.05648148148148148
0 0.428125 0.2601851851851852 0.007291666666666667 0.03148148148148148
0 0.2708333333333333 0.22824074074074074 0.00546875 0.024074074074074074
0 0.35625 0.24259259259259258 0.00625 0.025925925925925925
3 0.14661458333333333 0.3212962962962963 0.020833333333333332 0.06851851851851852
3 0.29244791666666664 0.2972222222222222 0.017447916666666667 0.05092592592592592
3 0.33489583333333334 0.274537037037037 0.010677083333333334 0.04027777777777778
3 0.32135416666666666 0.2569444444444444 0.009114583333333334 0.033796296296296297
3 0.21770833333333334 0.2324074074074074 0.009635416666666667 0.02824074074074074
0 0.4744791666666667 0.28564814814814815 0.008333333333333333 0.03935185185185185
0 0.17421875 0.21805555555555556 0.00546875 0.022685185185185187
0 0.31015625 0.38101851851851853 0.025520833333333333 0.08796296296296297
2 0.5934895833333333 0.399537037037037 0.02265625 0.0837962962962963
3 0.2786458333333333 0.24305555555555555 0.008072916666666667 0.029166666666666667
2 0.8447916666666667 0.4097222222222222 0.02265625 0.07175925925925926
0 0.06171875 0.2101851851851852 0.006510416666666667 0.025
3 0.14036458333333332 0.22453703703703703 0.008333333333333333 0.027314814814814816
2 0.75 0.5634259259259259 0.04375 0.14907407407407408
3 0.22552083333333334 0.5731481481481482 0.05572916666666667 0.1837962962962963
3 0.0515625 0.21898148148148147 0.00546875 0.029166666666666667