0 0.6432291666666666 0.35509259259259257 0.009375 0.03796296296296296
3 0.7903645833333334 0.4166666666666667 0.013802083333333333 0.05092592592592592
0 0.940625 0.3731481481481482 0.005989583333333334 0.020833333333333332
0 0.36380208333333336 0.3523148148148148 0.016145833333333335 0.060648148148148145
3 0.5395833333333333 0.5125 0.02578125 0.11435185185185186
3 0.7013020833333333 0.41944444444444445 0.01484375 0.060648148148148145
0 0.7697916666666667 0.37453703703703706 0.008333333333333333 0.03564814814814815
0 0.13984375 0.38842592592592595 0.030729166666666665 0.09444444444444444
0 0.903125 0.4 0.009635416666666667 0.034722222222222224
3 0.8809895833333333 0.425462962962963 0.014322916666666666 0.04675925925925926
0 0.9471354166666667 0.4064814814814815 0.008333333333333333 0.032407407407407406
3 0.6078125 0.4449074074074074 0.018489583333333334 0.07916666666666666
3 0.5484375 0.6560185185185186 0.04453125 0.17916666666666667
0 0.93046875 0.3597222222222222 0.004166666666666667 0.015277777777777777
0 0.89609375 0.3527777777777778 0.003125 0.016203703703703703
0 0.51328125 0.34629629629629627 0.012239583333333333 0.044444444444444446
0 0.8979166666666667 0.35833333333333334 0.004427083333333333 0.018518518518518517