0 0.3606770833333333 0.22546296296296298 0.003125 0.014351851851851852
0 0.38619791666666664 0.23055555555555557 0.0020833333333333333 0.010648148148148148
0 0.4125 0.23333333333333334 0.00234375 0.012037037037037037
0 0.43385416666666665 0.2351851851851852 0.002864583333333333 0.012037037037037037
0 0.4546875 0.2375 0.00234375 0.012037037037037037
0 0.7169270833333333 0.2847222222222222 0.004166666666666667 0.015277777777777777
0 0.70546875 0.28055555555555556 0.002864583333333333 0.012962962962962963
0 0.7572916666666667 0.29583333333333334 0.0049479166666666664 0.019444444444444445
0 0.8192708333333333 0.3087962962962963 0.00546875 0.019444444444444445
0 0.8567708333333334 0.3162037037037037 0.00546875 0.019444444444444445
0 0.9052083333333333 0.324537037037037 0.00546875 0.020833333333333332
0 0.7864583333333334 0.3 0.0049479166666666664 0.019444444444444445
0 0.7372395833333333 0.2884259259259259 0.00390625 0.018518518518518517
0 0.67890625 0.26851851851851855 0.00234375 0.010648148148148148
0 0.7005208333333334 0.2740740740740741 0.0013020833333333333 0.010648148148148148
3 0.9111979166666667 0.33194444444444443 0.00703125 0.025
3 0.8369791666666667 0.31851851851851853 0.00546875 0.024074074074074074
3 0.78671875 0.30833333333333335 0.005989583333333334 0.022685185185185187
3 0.73671875 0.2972222222222222 0.005208333333333333 0.020833333333333332
3 0.6986979166666667 0.2884259259259259 0.0033854166666666668 0.018518518518518517
3 0.6643229166666667 0.2791666666666667 0.002864583333333333 0.015277777777777777
3 0.6453125 0.274537037037037 0.002864583333333333 0.014351851851851852
3 0.6359375 0.26944444444444443 0.00234375 0.012962962962962963
3 0.46588541666666666 0.24166666666666667 0.002864583333333333 0.012037037037037037
3 0.4953125 0.24444444444444444 0.00234375 0.012962962962962963
3 0.51484375 0.2449074074074074 0.0020833333333333333 0.012037037037037037
3 0.5265625 0.2449074074074074 0.0020833333333333333 0.009722222222222222
3 0.5361979166666667 0.24583333333333332 0.0020833333333333333 0.010648148148148148
3 0.42630208333333336 0.23796296296296296 0.003125 0.012962962962962963
3 0.37786458333333334 0.23148148148148148 0.002864583333333333 0.012962962962962963
3 0.3390625 0.2273148148148148 0.002864583333333333 0.012962962962962963
3 0.30807291666666664 0.22175925925925927 0.002864583333333333 0.012962962962962963
3 0.10416666666666667 0.4324074074074074 0.03619791666666667 0.1175925925925926
3 0.5197916666666667 0.6851851851851852 0.05859375 0.21203703703703702
1 0.26067708333333334 0.20972222222222223 0.00390625 0.019444444444444445
1 0.2682291666666667 0.21203703703703702 0.0033854166666666668 0.019444444444444445
1 0.2942708333333333 0.2125 0.002864583333333333 0.018518518518518517
1 0.30078125 0.21342592592592594 0.00390625 0.018518518518518517
3 0.06640625 0.19074074074074074 0.0033854166666666668 0.012037037037037037
3 0.09947916666666666 0.1935185185185185 0.003125 0.010648148148148148
3 0.13385416666666666 0.19722222222222222 0.00234375 0.009722222222222222
3 0.16041666666666668 0.20046296296296295 0.00234375 0.009722222222222222
0 0.14401041666666667 0.19675925925925927 0.00234375 0.008796296296296297
0 0.19010416666666666 0.20185185185185187 0.0020833333333333333 0.009722222222222222
3 0.19375 0.20416666666666666 0.00234375 0.010648148148148148
3 0.23072916666666668 0.2101851851851852 0.00234375 0.009722222222222222
0 0.70234375 0.2800925925925926 0.00234375 0.012037037037037037
0 0.7088541666666667 0.2777777777777778 0.00234375 0.012037037037037037
0 0.5385416666666667 0.24444444444444444 0.0020833333333333333 0.008796296296296297
0 0.5044270833333333 0.2412037037037037 0.0018229166666666667 0.008796296296296297
0 0.4817708333333333 0.23935185185185184 0.0013020833333333333 0.008796296296296297
3 0.5559895833333334 0.24768518518518517 0.00234375 0.010648148148148148
3 0.5786458333333333 0.25092592592592594 0.0020833333333333333 0.008796296296296297
3 0.5963541666666666 0.25416666666666665 0.0020833333333333333 0.010648148148148148
3 0.6169270833333333 0.2587962962962963 0.00234375 0.010648148148148148
3 0.6388020833333333 0.2689814814814815 0.0020833333333333333 0.012037037037037037
3 0.6526041666666667 0.26851851851851855 0.0020833333333333333 0.010648148148148148