1 0.18020833333333333 0.7541666666666667 0.04348958333333333 0.18703703703703703
0 0.51953125 0.5541666666666667 0.04375 0.17592592592592593
0 0.5325520833333334 0.37777777777777777 0.0234375 0.09444444444444444
0 0.4661458333333333 0.31805555555555554 0.016666666666666666 0.06435185185185185
0 0.37526041666666665 0.2949074074074074 0.013802083333333333 0.05092592592592592
0 0.27265625 0.2902777777777778 0.01171875 0.04583333333333333
0 0.14453125 0.29814814814814816 0.01171875 0.04259259259259259
3 0.7864583333333334 0.33425925925925926 0.019791666666666666 0.08148148148148149
3 0.6299479166666667 0.28379629629629627 0.013541666666666667 0.05648148148148148
3 0.4856770833333333 0.26481481481481484 0.011458333333333333 0.04259259259259259
3 0.3494791666666667 0.2625 0.009375 0.03796296296296296
3 0.19479166666666667 0.27314814814814814 0.00859375 0.033796296296296297
2 0.8145833333333333 0.29398148148148145 0.01640625 0.062037037037037036
2 0.8515625 0.2449074074074074 0.010677083333333334 0.04259259259259259
2 0.86953125 0.21944444444444444 0.008333333333333333 0.032407407407407406
2 0.8807291666666667 0.20416666666666666 0.005989583333333334 0.025925925925925925
2 0.9161458333333333 0.2037037037037037 0.006510416666666667 0.027314814814814816