0 0.4864583333333333 0.40185185185185185 0.010416666666666666 0.04027777777777778
3 0.746875 0.5842592592592593 0.03697916666666667 0.125
3 0.22447916666666667 0.38055555555555554 0.009114583333333334 0.034722222222222224
0 0.8770833333333333 0.4337962962962963 0.0125 0.05
3 0.6864583333333333 0.4652777777777778 0.01640625 0.06527777777777778
0 0.11432291666666666 0.7587962962962963 0.045572916666666664 0.17592592592592593
3 0.25859375 0.4583333333333333 0.01953125 0.07083333333333333
3 0.37057291666666664 0.41759259259259257 0.013541666666666667 0.052314814814814814
0 0.3296875 0.36898148148148147 0.00703125 0.029166666666666667
0 0.18072916666666666 0.36157407407407405 0.0049479166666666664 0.020833333333333332
0 0.25833333333333336 0.3574074074074074 0.0049479166666666664 0.024074074074074074
3 0.16145833333333334 0.41574074074074074 0.015364583333333333 0.05092592592592592
0 0.65625 0.4166666666666667 0.012760416666666666 0.04675925925925926
0 0.30364583333333334 0.36018518518518516 0.00546875 0.025
3 0.9135416666666667 0.5180555555555556 0.024739583333333332 0.08564814814814815
3 0.4434895833333333 0.49166666666666664 0.022916666666666665 0.08148148148148149
0 0.3927083333333333 0.3837962962962963 0.008333333333333333 0.032407407407407406
3 0.49609375 0.44305555555555554 0.017447916666666667 0.05740740740740741
3 0.28671875 0.39675925925925926 0.011458333333333333 0.0412037037037037
3 0.12213541666666666 0.38981481481481484 0.010416666666666666 0.03796296296296296
3 0.19791666666666666 0.37083333333333335 0.007291666666666667 0.02824074074074074
3 0.19166666666666668 0.36574074074074076 0.005989583333333334 0.025
3 0.05911458333333333 0.3837962962962963 0.01015625 0.037037037037037035
3 0.12473958333333333 0.3685185185185185 0.006510416666666667 0.025925925925925925
2 0.07526041666666666 0.3527777777777778 0.00390625 0.014351851851851852
0 0.08489583333333334 0.3662037037037037 0.005208333333333333 0.019444444444444445
3 0.05 0.37407407407407406 0.00234375 0.02175925925925926