0 0.5252604166666667 0.48009259259259257 0.030208333333333334 0.12083333333333333
0 0.57421875 0.3509259259259259 0.0171875 0.06527777777777778
0 0.5609375 0.30648148148148147 0.010416666666666666 0.04351851851851852
0 0.5958333333333333 0.2773148148148148 0.00703125 0.032407407407407406
0 0.665625 0.2574074074074074 0.00625 0.02824074074074074
0 0.7283854166666667 0.2439814814814815 0.00625 0.025
0 0.80390625 0.2310185185185185 0.005989583333333334 0.025
0 0.9052083333333333 0.22453703703703703 0.00625 0.025
0 0.08567708333333333 0.3333333333333333 0.00625 0.022685185185185187
0 0.16510416666666666 0.31203703703703706 0.004427083333333333 0.019444444444444445
0 0.21901041666666668 0.2935185185185185 0.004166666666666667 0.017592592592592594
0 0.24921875 0.28425925925925927 0.00390625 0.016203703703703703
0 0.26666666666666666 0.275 0.003125 0.015277777777777777
3 0.8432291666666667 0.32222222222222224 0.016666666666666666 0.06435185185185185
3 0.74765625 0.28425925925925927 0.011458333333333333 0.044444444444444446
3 0.7809895833333333 0.26157407407407407 0.009114583333333334 0.03564814814814815
3 0.8578125 0.24259259259259258 0.008333333333333333 0.032407407407407406
3 0.94921875 0.23935185185185184 0.00390625 0.030555555555555555
3 0.05078125 0.32222222222222224 0.00390625 0.020833333333333332
3 0.12083333333333333 0.30694444444444446 0.0049479166666666664 0.018518518518518517
3 0.1640625 0.29259259259259257 0.004427083333333333 0.017592592592592594
3 0.18776041666666668 0.2814814814814815 0.0033854166666666668 0.015277777777777777
3 0.20625 0.2726851851851852 0.003125 0.012962962962962963
3 0.21510416666666668 0.26481481481481484 0.003125 0.012037037037037037