3 0.12890625 0.23055555555555557 0.006510416666666667 0.025925925925925925
0 0.2869791666666667 0.2726851851851852 0.009114583333333334 0.032407407407407406
0 0.17265625 0.3712962962962963 0.023958333333333335 0.0837962962962963
1 0.5427083333333333 0.3962962962962963 0.021614583333333333 0.11435185185185186
3 0.5046875 0.32592592592592595 0.008072916666666667 0.037037037037037035
0 0.3260416666666667 0.35648148148148145 0.0171875 0.06296296296296296
0 0.21119791666666668 0.2550925925925926 0.007291666666666667 0.029166666666666667
0 0.38697916666666665 0.31203703703703706 0.007291666666666667 0.03935185185185185
3 0.6083333333333333 0.39490740740740743 0.013541666666666667 0.05740740740740741
3 0.48046875 0.512962962962963 0.027864583333333335 0.12175925925925926
1 0.3 0.3425925925925926 0.028125 0.11064814814814815
0 0.1125 0.23703703703703705 0.007552083333333333 0.030555555555555555
0 0.9049479166666666 0.4101851851851852 0.010416666666666666 0.03796296296296296
3 0.7057291666666666 0.39490740740740743 0.011458333333333333 0.049074074074074076
3 0.8177083333333334 0.41203703703703703 0.011458333333333333 0.04583333333333333
0 0.39114583333333336 0.3347222222222222 0.0125 0.05
1 0.3453125 0.3351851851851852 0.0234375 0.09907407407407408
0 0.7526041666666666 0.3768518518518518 0.00859375 0.03796296296296296
2 0.5294270833333333 0.32175925925925924 0.007291666666666667 0.030555555555555555
2 0.5963541666666666 0.30925925925925923 0.004166666666666667 0.020833333333333332
2 0.6690104166666667 0.32546296296296295 0.004427083333333333 0.022685185185185187
2 0.6567708333333333 0.33425925925925926 0.005989583333333334 0.027314814814814816
3 0.3494791666666667 0.274537037037037 0.004427083333333333 0.027314814814814816
0 0.6252604166666667 0.35555555555555557 0.008072916666666667 0.03935185185185185
3 0.25104166666666666 0.2523148148148148 0.00546875 0.025925925925925925
2 0.5700520833333333 0.3143518518518518 0.005989583333333334 0.025925925925925925
3 0.6184895833333334 0.7944444444444444 0.023958333333333335 0.10231481481481482
2 0.6768229166666667 0.3194444444444444 0.004427083333333333 0.019444444444444445
2 0.6158854166666666 0.3050925925925926 0.00390625 0.018518518518518517
0 0.35104166666666664 0.2916666666666667 0.005208333333333333 0.033796296296296297
1 0.5171875 0.4134259259259259 0.028125 0.1337962962962963
2 0.6375 0.3476851851851852 0.00703125 0.034722222222222224
3 0.43723958333333335 0.29907407407407405 0.00703125 0.032407407407407406
3 0.5309895833333333 0.42314814814814816 0.01328125 0.07916666666666666
2 0.6364583333333333 0.3101851851851852 0.0033854166666666668 0.018518518518518517
2 0.6583333333333333 0.31527777777777777 0.00390625 0.019444444444444445
3 0.9489583333333333 0.4476851851851852 0.004427083333333333 0.02824074074074074