0 0.346875 0.35833333333333334 0.016145833333333335 0.06435185185185185
0 0.45234375 0.4310185185185185 0.021875 0.10092592592592593
0 0.23958333333333334 0.337037037037037 0.010416666666666666 0.047685185185185185
3 0.6515625 0.3125 0.016145833333333335 0.059722222222222225
3 0.3919270833333333 0.26481481481481484 0.005208333333333333 0.025
3 0.5854166666666667 0.22685185185185186 0.004166666666666667 0.020833333333333332
3 0.52578125 0.29814814814814816 0.010416666666666666 0.04675925925925926
3 0.5302083333333333 0.23425925925925925 0.00390625 0.020833333333333332
0 0.29791666666666666 0.2740740740740741 0.005208333333333333 0.024074074074074074
0 0.4080729166666667 0.38055555555555554 0.017447916666666667 0.07824074074074074
3 0.86796875 0.19722222222222222 0.004166666666666667 0.020833333333333332
0 0.23828125 0.2935185185185185 0.00625 0.02824074074074074
0 0.3611979166666667 0.2569444444444444 0.0049479166666666664 0.020833333333333332
3 0.47994791666666664 0.24351851851851852 0.004427083333333333 0.02175925925925926
0 0.6528645833333333 0.21342592592592594 0.004166666666666667 0.018518518518518517
3 0.8973958333333333 0.19074074074074074 0.00390625 0.020833333333333332
0 0.8658854166666666 0.175 0.0018229166666666667 0.010648148148148148
0 0.5013020833333334 0.23148148148148148 0.003125 0.017592592592592594
0 0.8466145833333333 0.1875 0.00234375 0.014351851851851852
0 0.43307291666666664 0.5402777777777777 0.0359375 0.1476851851851852
0 0.21041666666666667 0.31574074074074077 0.008072916666666667 0.03564814814814815
3 0.82265625 0.2037037037037037 0.0033854166666666668 0.020833333333333332
0 0.7958333333333333 0.19814814814814816 0.0033854166666666668 0.018518518518518517
3 0.40625 0.29259259259259257 0.008333333333333333 0.037037037037037035
3 0.628125 0.2222222222222222 0.004166666666666667 0.020833333333333332
0 0.8177083333333334 0.19490740740740742 0.00390625 0.016203703703703703
3 0.7059895833333333 0.2175925925925926 0.004427083333333333 0.02175925925925926
0 0.896875 0.1712962962962963 0.0020833333333333333 0.012037037037037037
3 0.7671875 0.21157407407407408 0.00390625 0.022685185185185187
0 0.7299479166666667 0.20694444444444443 0.00390625 0.018518518518518517
3 0.80078125 0.3476851851851852 0.023697916666666666 0.0824074074074074
0 0.25390625 0.7907407407407407 0.026822916666666665 0.11203703703703703
0 0.6997395833333333 0.20925925925925926 0.0033854166666666668 0.018518518518518517
3 0.9190104166666667 0.18518518518518517 0.003125 0.018518518518518517
0 0.8359375 0.19074074074074074 0.003125 0.016203703703703703
3 0.9265625 0.17592592592592593 0.002864583333333333 0.015277777777777777
3 0.43255208333333334 0.2537037037037037 0.004166666666666667 0.022685185185185187
3 0.37161458333333336 0.28564814814814815 0.00703125 0.032407407407407406
3 0.3731770833333333 0.275 0.0033854166666666668 0.02824074074074074
0 0.4296875 0.24351851851851852 0.002864583333333333 0.019444444444444445
0 0.7671875 0.2023148148148148 0.004166666666666667 0.019444444444444445
0 0.85078125 0.18518518518518517 0.0018229166666666667 0.014351851851851852
3 0.9203125 0.1726851851851852 0.0020833333333333333 0.012962962962962963
3 0.9317708333333333 0.18194444444444444 0.0033854166666666668 0.016203703703703703
3 0.9450520833333333 0.1685185185185185 0.0018229166666666667 0.012962962962962963
0 0.9434895833333333 0.16574074074074074 0.0020833333333333333 0.012037037037037037
3 0.9299479166666667 0.17824074074074073 0.003125 0.017592592592592594