0 0.28229166666666666 0.7087962962962963 0.05572916666666667 0.19583333333333333
0 0.396875 0.49074074074074076 0.021875 0.08564814814814815
0 0.4388020833333333 0.4185185185185185 0.012760416666666666 0.05
0 0.18463541666666666 0.3939814814814815 0.010677083333333334 0.04259259259259259
0 0.31536458333333334 0.3824074074074074 0.009114583333333334 0.037037037037037035
0 0.33567708333333335 0.3509259259259259 0.00546875 0.024074074074074074
0 0.33229166666666665 0.34444444444444444 0.0049479166666666664 0.02175925925925926
0 0.45416666666666666 0.38796296296296295 0.009635416666666667 0.03935185185185185
0 0.45677083333333335 0.3699074074074074 0.00703125 0.029166666666666667
0 0.4432291666666667 0.36018518518518516 0.00703125 0.027314814814814816
0 0.4278645833333333 0.3541666666666667 0.005208333333333333 0.024074074074074074
0 0.4166666666666667 0.3398148148148148 0.00390625 0.018518518518518517
0 0.42526041666666664 0.3476851851851852 0.00390625 0.02175925925925926
3 0.6552083333333333 0.49398148148148147 0.024479166666666666 0.08564814814814815
3 0.5973958333333333 0.42268518518518516 0.013541666666666667 0.05416666666666667
3 0.5690104166666666 0.3902777777777778 0.009635416666666667 0.03935185185185185
3 0.5541666666666667 0.37083333333333335 0.008072916666666667 0.030555555555555555
3 0.534375 0.36018518518518516 0.006510416666666667 0.027314814814814816
3 0.528125 0.34120370370370373 0.00390625 0.017592592592592594
3 0.49973958333333335 0.3537037037037037 0.00625 0.025
3 0.50546875 0.3449074074074074 0.005208333333333333 0.020833333333333332
3 0.48671875 0.34953703703703703 0.00546875 0.022685185185185187
3 0.16692708333333334 0.37453703703703706 0.01015625 0.03796296296296296
3 0.2513020833333333 0.3662037037037037 0.009114583333333334 0.032407407407407406
3 0.26276041666666666 0.35509259259259257 0.005989583333333334 0.025
0 0.3703125 0.36944444444444446 0.006510416666666667 0.030555555555555555
0 0.3731770833333333 0.35833333333333334 0.0049479166666666664 0.029166666666666667
3 0.24661458333333333 0.3472222222222222 0.00546875 0.025
3 0.2947916666666667 0.3375 0.005208333333333333 0.018518518518518517
3 0.3455729166666667 0.33564814814814814 0.004427083333333333 0.017592592592592594
3 0.35390625 0.32314814814814813 0.00390625 0.014351851851851852
3 0.34479166666666666 0.3199074074074074 0.0033854166666666668 0.014351851851851852
0 0.36692708333333335 0.3425925925925926 0.0049479166666666664 0.017592592592592594
3 0.37395833333333334 0.3337962962962963 0.004166666666666667 0.015277777777777777
3 0.3684895833333333 0.32731481481481484 0.004166666666666667 0.015277777777777777
3 0.37421875 0.3212962962962963 0.002864583333333333 0.012037037037037037
0 0.40651041666666665 0.3282407407407407 0.003125 0.012962962962962963
0 0.4 0.325 0.003125 0.012962962962962963
0 0.41822916666666665 0.325 0.002864583333333333 0.010648148148148148
0 0.44036458333333334 0.3449074074074074 0.004166666666666667 0.018518518518518517
0 0.47604166666666664 0.34074074074074073 0.004427083333333333 0.018518518518518517
0 0.4828125 0.3365740740740741 0.003125 0.016203703703703703
3 0.5263020833333333 0.3375 0.00390625 0.016203703703703703
3 0.5239583333333333 0.3351851851851852 0.003125 0.014351851851851852
3 0.521875 0.33194444444444443 0.00234375 0.014351851851851852
3 0.8247395833333333 0.6995370370370371 0.0546875 0.1814814814814815
0 0.43359375 0.3347222222222222 0.0033854166666666668 0.017592592592592594
0 0.43984375 0.31666666666666665 0.0020833333333333333 0.009722222222222222
0 0.44296875 0.3175925925925926 0.00234375 0.010648148148148148
0 0.44635416666666666 0.325 0.002864583333333333 0.010648148148148148
0 0.44765625 0.3162037037037037 0.0020833333333333333 0.010648148148148148
0 0.45286458333333335 0.3199074074074074 0.0020833333333333333 0.009722222222222222
0 0.4557291666666667 0.32314814814814813 0.002864583333333333 0.012037037037037037
0 0.46484375 0.31666666666666665 0.0020833333333333333 0.009722222222222222
0 0.48020833333333335 0.31805555555555554 0.0020833333333333333 0.009722222222222222
0 0.48515625 0.3314814814814815 0.002864583333333333 0.010648148148148148
0 0.48671875 0.3277777777777778 0.003125 0.014351851851851852
0 0.48776041666666664 0.3212962962962963 0.002864583333333333 0.014351851851851852
3 0.42604166666666665 0.31296296296296294 0.00234375 0.010648148148148148
3 0.4088541666666667 0.3148148148148148 0.00234375 0.009722222222222222
3 0.41067708333333336 0.31574074074074077 0.00234375 0.009722222222222222
3 0.4140625 0.3175925925925926 0.0020833333333333333 0.010648148148148148
3 0.4153645833333333 0.3194444444444444 0.0020833333333333333 0.010648148148148148
3 0.45078125 0.3143518518518518 0.0018229166666666667 0.008796296296296297
3 0.478125 0.31574074074074077 0.0020833333333333333 0.009722222222222222
3 0.5065104166666666 0.31666666666666665 0.0018229166666666667 0.009722222222222222
3 0.5197916666666667 0.3282407407407407 0.00234375 0.012962962962962963
3 0.5171875 0.32685185185185184 0.0020833333333333333 0.012037037037037037
3 0.5161458333333333 0.32314814814814813 0.0020833333333333333 0.009722222222222222
3 0.51484375 0.32222222222222224 0.0020833333333333333 0.009722222222222222
3 0.5140625 0.3199074074074074 0.0018229166666666667 0.009722222222222222