2 0.38619791666666664 0.3523148148148148 0.021875 0.07407407407407407
2 0.284375 0.2759259259259259 0.012760416666666666 0.05
2 0.20677083333333332 0.2162037037037037 0.00703125 0.02824074074074074
2 0.17447916666666666 0.19074074074074074 0.0049479166666666664 0.020833333333333332
2 0.16458333333333333 0.1824074074074074 0.00390625 0.017592592592592594
2 0.23541666666666666 0.23796296296296296 0.008333333333333333 0.037037037037037035
2 0.15677083333333333 0.17685185185185184 0.00390625 0.016203703703703703
2 0.18723958333333332 0.20092592592592592 0.00546875 0.024074074074074074
2 0.6856770833333333 0.5814814814814815 0.048177083333333336 0.15
2 0.1453125 0.16805555555555557 0.003125 0.014351851851851852
2 0.05234375 0.17314814814814813 0.00546875 0.022685185185185187
2 0.15052083333333333 0.17175925925925925 0.002864583333333333 0.015277777777777777
2 0.058333333333333334 0.1675925925925926 0.005208333333333333 0.019444444444444445
2 0.06328125 0.16342592592592592 0.004166666666666667 0.016203703703703703
2 0.06640625 0.15925925925925927 0.002864583333333333 0.014351851851851852
2 0.140625 0.16527777777777777 0.002864583333333333 0.012962962962962963
2 0.13723958333333333 0.16203703703703703 0.00234375 0.010648148148148148
2 0.06901041666666667 0.1574074074074074 0.002864583333333333 0.010648148148148148