0 0.54921875 0.2916666666666667 0.00546875 0.029166666666666667
0 0.6635416666666667 0.30648148148148147 0.00546875 0.025925925925925925
0 0.6919270833333333 0.30925925925925923 0.005208333333333333 0.025
0 0.28541666666666665 0.24675925925925926 0.005989583333333334 0.025925925925925925
0 0.3932291666666667 0.26435185185185184 0.005989583333333334 0.02824074074074074
0 0.7255208333333333 0.3106481481481482 0.004427083333333333 0.024074074074074074
0 0.61328125 0.30092592592592593 0.00546875 0.02824074074074074
0 0.740625 0.3101851851851852 0.0049479166666666664 0.022685185185185187
3 0.8166666666666667 0.34120370370370373 0.008072916666666667 0.030555555555555555
3 0.7645833333333333 0.33935185185185185 0.008333333333333333 0.032407407407407406
3 0.26953125 0.25972222222222224 0.008333333333333333 0.032407407407407406
0 0.50078125 0.28425925925925927 0.00625 0.029166666666666667
3 0.3536458333333333 0.27314814814814814 0.008072916666666667 0.033796296296296297
3 0.5807291666666666 0.31574074074074077 0.008333333333333333 0.03564814814814815
3 0.6854166666666667 0.33101851851851855 0.008072916666666667 0.03564814814814815
3 0.48828125 0.300462962962963 0.007552083333333333 0.03564814814814815
0 0.16614583333333333 0.23333333333333334 0.00546875 0.027314814814814816
0 0.9026041666666667 0.32685185185185184 0.00390625 0.016203703703703703
3 0.8432291666666667 0.3398148148148148 0.005989583333333334 0.025
3 0.20598958333333334 0.44074074074074077 0.030208333333333334 0.1162037037037037
3 0.47994791666666664 0.6416666666666667 0.05130208333333333 0.19027777777777777
0 0.9330729166666667 0.3314814814814815 0.00390625 0.017592592592592594
3 0.825 0.3212962962962963 0.005208333333333333 0.020833333333333332
0 0.7453125 0.30833333333333335 0.00390625 0.020833333333333332
0 0.7638020833333333 0.29907407407407405 0.0033854166666666668 0.017592592592592594
3 0.9372395833333333 0.3375 0.0049479166666666664 0.018518518518518517
3 0.85390625 0.3212962962962963 0.004427083333333333 0.018518518518518517
3 0.8455729166666667 0.33101851851851855 0.00234375 0.022685185185185187
3 0.8286458333333333 0.3162037037037037 0.003125 0.019444444444444445
0 0.8049479166666667 0.30648148148148147 0.00390625 0.017592592592592594
3 0.16770833333333332 0.2490740740740741 0.008333333333333333 0.032407407407407406
3 0.8481770833333333 0.3351851851851852 0.00546875 0.022685185185185187