0 0.45651041666666664 0.42314814814814816 0.009635416666666667 0.04259259259259259
0 0.26458333333333334 0.5032407407407408 0.022395833333333334 0.08055555555555556
0 0.34010416666666665 0.4583333333333333 0.016145833333333335 0.05740740740740741
3 0.27239583333333334 0.38425925925925924 0.0049479166666666664 0.020833333333333332
3 0.10286458333333333 0.4134259259259259 0.006510416666666667 0.029166666666666667
3 0.6341145833333334 0.5476851851851852 0.028645833333333332 0.10416666666666667
3 0.9013020833333333 0.40879629629629627 0.009375 0.037037037037037035
3 0.2630208333333333 0.3912037037037037 0.005208333333333333 0.025925925925925925
0 0.5557291666666667 0.40324074074074073 0.007552083333333333 0.032407407407407406
0 0.17630208333333333 0.4217592592592593 0.008072916666666667 0.034722222222222224
0 0.190625 0.6601851851851852 0.04348958333333333 0.15555555555555556
0 0.8127604166666667 0.3814814814814815 0.00703125 0.02824074074074074
3 0.07265625 0.39444444444444443 0.00546875 0.024074074074074074
0 0.30859375 0.375 0.00390625 0.019444444444444445
3 0.29322916666666665 0.387037037037037 0.0049479166666666664 0.02175925925925926
0 0.38307291666666665 0.3819444444444444 0.004427083333333333 0.020833333333333332
0 0.3572916666666667 0.38981481481481484 0.00546875 0.022685185185185187
0 0.31328125 0.399537037037037 0.005989583333333334 0.027314814814814816
0 0.9067708333333333 0.38842592592592595 0.006510416666666667 0.027314814814814816
0 0.6403645833333333 0.39351851851851855 0.00703125 0.032407407407407406
0 0.7052083333333333 0.38935185185185184 0.00703125 0.02824074074074074
0 0.25755208333333335 0.4064814814814815 0.007552083333333333 0.030555555555555555
3 0.6520833333333333 0.4305555555555556 0.010416666666666666 0.04351851851851852
3 0.18619791666666666 0.4027777777777778 0.005208333333333333 0.025
0 0.0984375 0.3824074074074074 0.004427083333333333 0.017592592592592594
3 0.40859375 0.3476851851851852 0.0018229166666666667 0.010648148148148148
3 0.7559895833333333 0.4115740740740741 0.009375 0.03564814814814815
0 0.16510416666666666 0.37777777777777777 0.002864583333333333 0.018518518518518517
3 0.9325520833333333 0.7620370370370371 0.036458333333333336 0.16944444444444445
3 0.3971354166666667 0.3509259259259259 0.0018229166666666667 0.010648148148148148
2 0.38307291666666665 0.35555555555555557 0.00234375 0.010648148148148148
3 0.22213541666666667 0.38101851851851853 0.002864583333333333 0.018518518518518517
3 0.11223958333333334 0.38981481481481484 0.005208333333333333 0.022685185185185187
3 0.1609375 0.38333333333333336 0.004427083333333333 0.020833333333333332
0 0.21848958333333332 0.37453703703703706 0.00390625 0.016203703703703703
0 0.35572916666666665 0.37546296296296294 0.003125 0.020833333333333332
3 0.5796875 0.4601851851851852 0.016666666666666666 0.06435185185185185