0 0.3216145833333333 0.35509259259259257 0.018229166666666668 0.06620370370370371
3 0.6065104166666667 0.5189814814814815 0.028645833333333332 0.1162037037037037
3 0.7239583333333334 0.38842592592592595 0.0125 0.05092592592592592
0 0.45729166666666665 0.3351851851851852 0.0125 0.04675925925925926
0 0.10546875 0.4287037037037037 0.03619791666666667 0.11435185185185186
0 0.8205729166666667 0.3675925925925926 0.00859375 0.032407407407407406
3 0.6497395833333334 0.3962962962962963 0.016666666666666666 0.059722222222222225
0 0.57890625 0.337037037037037 0.009375 0.03935185185185185
3 0.590625 0.42685185185185187 0.017447916666666667 0.07731481481481481
0 0.69609375 0.3476851851851852 0.00859375 0.034722222222222224
3 0.8044270833333333 0.39166666666666666 0.011458333333333333 0.044444444444444446
3 0.90625 0.40694444444444444 0.010677083333333334 0.04259259259259259
3 0.7729166666666667 0.7564814814814815 0.055989583333333336 0.1824074074074074