3 0.2609375 0.30648148148148147 0.012239583333333333 0.05
3 0.18619791666666666 0.24953703703703703 0.00703125 0.029166666666666667
3 0.36015625 0.3819444444444444 0.01953125 0.07731481481481481
3 0.21223958333333334 0.26944444444444443 0.009375 0.037037037037037035
3 0.15520833333333334 0.225 0.00546875 0.02175925925925926
2 0.8356770833333333 0.45231481481481484 0.01953125 0.07592592592592592
3 0.14635416666666667 0.21805555555555556 0.0049479166666666664 0.018518518518518517
3 0.16875 0.2351851851851852 0.005989583333333334 0.025
3 0.6671875 0.6152777777777778 0.04765625 0.16296296296296298
3 0.13932291666666666 0.2125 0.004427083333333333 0.016203703703703703
2 0.12838541666666667 0.2037037037037037 0.003125 0.014351851851851852
2 0.12473958333333333 0.20185185185185187 0.00234375 0.012037037037037037
1 0.13385416666666666 0.2037037037037037 0.004427083333333333 0.022685185185185187