0 0.39479166666666665 0.25925925925925924 0.006510416666666667 0.027314814814814816
0 0.2859375 0.24259259259259258 0.00625 0.02824074074074074
0 0.5513020833333333 0.28703703703703703 0.00703125 0.030555555555555555
0 0.7432291666666667 0.3060185185185185 0.005208333333333333 0.022685185185185187
3 0.81953125 0.337037037037037 0.008333333333333333 0.032407407407407406
0 0.6942708333333333 0.30416666666666664 0.00625 0.025925925925925925
0 0.6658854166666667 0.3023148148148148 0.006510416666666667 0.025925925925925925
0 0.50234375 0.2791666666666667 0.00703125 0.030555555555555555
3 0.7682291666666666 0.33564814814814814 0.009114583333333334 0.034722222222222224
0 0.7276041666666667 0.30694444444444446 0.00546875 0.022685185185185187
0 0.6153645833333333 0.2967592592592593 0.005989583333333334 0.02824074074074074
3 0.4903645833333333 0.2967592592592593 0.009375 0.03935185185185185
3 0.58359375 0.31296296296296294 0.009114583333333334 0.03935185185185185
3 0.8466145833333333 0.3365740740740741 0.007291666666666667 0.027314814814814816
0 0.93515625 0.3282407407407407 0.004427083333333333 0.019444444444444445
3 0.27057291666666666 0.25555555555555554 0.008333333333333333 0.034722222222222224
3 0.6885416666666667 0.3282407407407407 0.009375 0.037037037037037035
0 0.1671875 0.2273148148148148 0.007552083333333333 0.02824074074074074
0 0.7372395833333333 0.29305555555555557 0.0033854166666666668 0.018518518518518517
0 0.74765625 0.3037037037037037 0.0049479166666666664 0.022685185185185187
3 0.9395833333333333 0.33425925925925926 0.005208333333333333 0.020833333333333332
3 0.20833333333333334 0.44074074074074077 0.03177083333333333 0.11851851851851852
3 0.3546875 0.2689814814814815 0.008072916666666667 0.033796296296296297
0 0.9046875 0.32175925925925924 0.004166666666666667 0.017592592592592594
3 0.83046875 0.31342592592592594 0.0049479166666666664 0.020833333333333332
3 0.16848958333333333 0.24722222222222223 0.009635416666666667 0.03148148148148148
3 0.82734375 0.3175925925925926 0.005989583333333334 0.02175925925925926
0 0.80625 0.30324074074074076 0.004427083333333333 0.017592592592592594
0 0.7653645833333333 0.2949074074074074 0.004166666666666667 0.018518518518518517
3 0.49140625 0.65 0.05260416666666667 0.19768518518518519
3 0.85625 0.3175925925925926 0.005208333333333333 0.019444444444444445
0 0.7393229166666667 0.29953703703703705 0.004166666666666667 0.018518518518518517
0 0.8536458333333333 0.3143518518518518 0.00234375 0.019444444444444445
3 0.8484375 0.32314814814814813 0.0033854166666666668 0.018518518518518517
3 0.8515625 0.33194444444444443 0.005989583333333334 0.027314814814814816