3 0.84140625 0.48657407407407405 0.0171875 0.06620370370370371
0 0.7419270833333333 0.42268518518518516 0.009375 0.0412037037037037
0 0.6231770833333333 0.4324074074074074 0.011197916666666667 0.05
3 0.9270833333333334 0.47129629629629627 0.01484375 0.059722222222222225
0 0.8395833333333333 0.41944444444444445 0.009114583333333334 0.034722222222222224
3 0.8661458333333333 0.7592592592592593 0.04765625 0.175
2 0.08854166666666667 0.3458333333333333 0.009375 0.032407407407407406
2 0.20026041666666666 0.3439814814814815 0.00625 0.025
0 0.22447916666666667 0.5958333333333333 0.03411458333333333 0.13935185185185187
3 0.7822916666666667 0.5425925925925926 0.022395833333333334 0.09583333333333334
0 0.4708333333333333 0.4685185185185185 0.0171875 0.07407407407407407