0 0.30911458333333336 0.5884259259259259 0.03619791666666667 0.13796296296296295
0 0.4640625 0.4273148148148148 0.012760416666666666 0.05
0 0.37109375 0.46435185185185185 0.017447916666666667 0.07592592592592592
3 0.6510416666666666 0.4722222222222222 0.01640625 0.06620370370370371
3 0.6067708333333334 0.42314814814814816 0.01328125 0.04675925925925926
0 0.82109375 0.41064814814814815 0.009375 0.034722222222222224
3 0.6315104166666666 0.3851851851851852 0.007552083333333333 0.027314814814814816
0 0.39791666666666664 0.39305555555555555 0.01015625 0.04027777777777778
3 0.8864583333333333 0.4023148148148148 0.0049479166666666664 0.02175925925925926
3 0.7234375 0.5518518518518518 0.026822916666666665 0.10092592592592593
0 0.9455729166666667 0.4337962962962963 0.010677083333333334 0.03935185185185185
0 0.7989583333333333 0.3958333333333333 0.007291666666666667 0.025925925925925925
3 0.49140625 0.36898148148148147 0.005989583333333334 0.022685185185185187
0 0.9177083333333333 0.4050925925925926 0.00546875 0.018518518518518517
3 0.6661458333333333 0.4 0.008333333333333333 0.032407407407407406
0 0.8763020833333334 0.4074074074074074 0.00625 0.025925925925925925
3 0.5747395833333333 0.36203703703703705 0.004427083333333333 0.019444444444444445
0 0.38046875 0.37175925925925923 0.009114583333333334 0.032407407407407406
0 0.47109375 0.35185185185185186 0.0049479166666666664 0.018518518518518517
3 0.8658854166666666 0.40185185185185185 0.004427083333333333 0.022685185185185187
3 0.5359375 0.36203703703703705 0.0049479166666666664 0.019444444444444445
3 0.9265625 0.7337962962962963 0.049479166666666664 0.18472222222222223
3 0.7296875 0.4162037037037037 0.009375 0.0412037037037037
2 0.17135416666666667 0.3194444444444444 0.0049479166666666664 0.019444444444444445
3 0.8401041666666667 0.43703703703703706 0.011197916666666667 0.04583333333333333
3 0.5033854166666667 0.3625 0.0033854166666666668 0.020833333333333332
0 0.42083333333333334 0.3537037037037037 0.005208333333333333 0.020833333333333332
0 0.5234375 0.3537037037037037 0.0049479166666666664 0.016203703703703703
3 0.74140625 0.3800925925925926 0.0049479166666666664 0.020833333333333332
3 0.6104166666666667 0.36342592592592593 0.0049479166666666664 0.018518518518518517
0 0.7458333333333333 0.3958333333333333 0.00703125 0.025925925925925925
3 0.8174479166666667 0.3907407407407407 0.0049479166666666664 0.020833333333333332
3 0.5403645833333334 0.3990740740740741 0.009635416666666667 0.037037037037037035
0 0.6330729166666667 0.36157407407407405 0.004427083333333333 0.018518518518518517
3 0.6513020833333333 0.3800925925925926 0.006510416666666667 0.025
3 0.7049479166666667 0.38055555555555554 0.004427083333333333 0.02175925925925926
2 0.24453125 0.3189814814814815 0.003125 0.014351851851851852
3 0.6703125 0.3712962962962963 0.0049479166666666664 0.018518518518518517
0 0.3859375 0.3597222222222222 0.006510416666666667 0.025925925925925925
3 0.5020833333333333 0.3819444444444444 0.00546875 0.027314814814814816
2 0.12005208333333334 0.3199074074074074 0.005208333333333333 0.025
0 0.5716145833333334 0.3560185185185185 0.004166666666666667 0.018518518518518517
0 0.7028645833333333 0.37222222222222223 0.00390625 0.016203703703703703
0 0.8520833333333333 0.3962962962962963 0.004427083333333333 0.018518518518518517
3 0.9408854166666667 0.41064814814814815 0.00546875 0.02175925925925926
3 0.7833333333333333 0.38981481481481484 0.00625 0.022685185185185187