0 0.3893229166666667 0.32314814814814813 0.011458333333333333 0.04675925925925926
0 0.41692708333333334 0.3416666666666667 0.01484375 0.05740740740740741
0 0.42994791666666665 0.3680555555555556 0.016145833333333335 0.06851851851851852
3 0.6278645833333333 0.2967592592592593 0.01171875 0.05
0 0.34088541666666666 0.3055555555555556 0.009114583333333334 0.034722222222222224
0 0.9190104166666667 0.1962962962962963 0.007291666666666667 0.022685185185185187
3 0.9276041666666667 0.2023148148148148 0.00625 0.024074074074074074
3 0.80546875 0.36574074074074076 0.021875 0.08796296296296297
3 0.5229166666666667 0.28055555555555556 0.008333333333333333 0.034722222222222224
3 0.48020833333333335 0.2759259259259259 0.008072916666666667 0.030555555555555555
3 0.70078125 0.31851851851851853 0.01484375 0.06296296296296296
0 0.43255208333333334 0.4222222222222222 0.021875 0.09444444444444444
0 0.39427083333333335 0.5092592592592593 0.033854166666666664 0.12916666666666668
0 0.30963541666666666 0.29398148148148145 0.00703125 0.027314814814814816
3 0.5859375 0.23055555555555557 0.0049479166666666664 0.017592592592592594
0 0.3658854166666667 0.31527777777777777 0.01171875 0.04351851851851852
0 0.6020833333333333 0.2222222222222222 0.005208333333333333 0.018518518518518517
0 0.6736979166666667 0.21666666666666667 0.005989583333333334 0.018518518518518517
0 0.7481770833333333 0.2101851851851852 0.008072916666666667 0.018518518518518517
0 0.31015625 0.2814814814814815 0.0049479166666666664 0.024074074074074074
3 0.7356770833333334 0.21666666666666667 0.005208333333333333 0.020833333333333332
0 0.4596354166666667 0.24351851851851852 0.0049479166666666664 0.017592592592592594
0 0.39739583333333334 0.2550925925925926 0.004427083333333333 0.018518518518518517
3 0.42994791666666665 0.26944444444444443 0.005208333333333333 0.025925925925925925
3 0.6536458333333334 0.22453703703703703 0.0049479166666666664 0.018518518518518517
0 0.26171875 0.7342592592592593 0.06536458333333334 0.225
3 0.45390625 0.25092592592592594 0.00390625 0.02175925925925926
1 0.8291666666666667 0.19722222222222222 0.005208333333333333 0.03148148148148148
3 0.5627604166666667 0.2865740740740741 0.009375 0.04259259259259259
3 0.49453125 0.24351851851851852 0.0049479166666666664 0.02175925925925926
3 0.42161458333333335 0.26435185185185184 0.00546875 0.024074074074074074
0 0.52890625 0.23333333333333334 0.0049479166666666664 0.018518518518518517
3 0.5416666666666666 0.23657407407407408 0.004427083333333333 0.020833333333333332
3 0.81640625 0.21064814814814814 0.0049479166666666664 0.02175925925925926
0 0.34453125 0.26851851851851855 0.005208333333333333 0.02175925925925926
1 0.81484375 0.19907407407407407 0.006510416666666667 0.032407407407407406
0 0.8208333333333333 0.20324074074074075 0.004427083333333333 0.025925925925925925
1 0.80703125 0.20555555555555555 0.00625 0.034722222222222224
3 0.42864583333333334 0.2564814814814815 0.0049479166666666664 0.019444444444444445
3 0.9424479166666667 0.45925925925925926 0.016666666666666666 0.1337962962962963
1 0.8244791666666667 0.20416666666666666 0.00703125 0.037037037037037035