0 0.7346354166666667 0.4305555555555556 0.023958333333333335 0.10416666666666667
0 0.94296875 0.36666666666666664 0.016666666666666666 0.07731481481481481
3 0.7802083333333333 0.20601851851851852 0.00234375 0.009722222222222222
0 0.2296875 0.2337962962962963 0.002864583333333333 0.015277777777777777
3 0.7528645833333333 0.20555555555555555 0.0018229166666666667 0.010648148148148148
3 0.153125 0.23148148148148148 0.003125 0.012962962962962963
0 0.19244791666666666 0.2537037037037037 0.00390625 0.016203703703703703
3 0.1 0.2537037037037037 0.004427083333333333 0.014351851851851852
3 0.13515625 0.225 0.003125 0.012962962962962963
0 0.19557291666666668 0.2222222222222222 0.003125 0.012037037037037037
0 0.215625 0.24351851851851852 0.0033854166666666668 0.012962962962962963
3 0.08385416666666666 0.22546296296296298 0.00234375 0.009722222222222222
0 0.10729166666666666 0.21805555555555556 0.002864583333333333 0.009722222222222222
3 0.6109375 0.2050925925925926 0.0018229166666666667 0.009722222222222222
3 0.7489583333333333 0.21203703703703702 0.0020833333333333333 0.010648148148148148
3 0.69375 0.21296296296296297 0.00234375 0.010648148148148148
0 0.15234375 0.26805555555555555 0.005208333333333333 0.020833333333333332
0 0.6627604166666666 0.20416666666666666 0.0018229166666666667 0.008796296296296297
0 0.7744791666666667 0.2050925925925926 0.00234375 0.009722222222222222
0 0.22239583333333332 0.22824074074074074 0.003125 0.015277777777777777
0 0.15 0.21898148148148147 0.003125 0.012037037037037037
0 0.09635416666666667 0.28425925925925927 0.005208333333333333 0.022685185185185187
3 0.5932291666666667 0.21157407407407408 0.0020833333333333333 0.009722222222222222
0 0.28125 0.6708333333333333 0.0546875 0.21064814814814814
3 0.13567708333333334 0.24259259259259258 0.00390625 0.015277777777777777
0 0.8348958333333333 0.2023148148148148 0.0020833333333333333 0.008796296296296297
3 0.7265625 0.2064814814814815 0.0020833333333333333 0.008796296296296297
0 0.21197916666666666 0.22407407407407406 0.002864583333333333 0.010648148148148148
3 0.6786458333333333 0.1935185185185185 0.0013020833333333333 0.006481481481481481
3 0.40963541666666664 0.2 0.0018229166666666667 0.008796296296296297
3 0.65625 0.20694444444444443 0.0018229166666666667 0.007407407407407408
3 0.63828125 0.2162037037037037 0.0020833333333333333 0.010648148148148148
3 0.76328125 0.19490740740740742 0.0018229166666666667 0.007407407407407408
0 0.06354166666666666 0.21898148148148147 0.00234375 0.012037037037037037
3 0.6955729166666667 0.2074074074074074 0.0020833333333333333 0.008796296296296297
0 0.6486979166666667 0.19768518518518519 0.0013020833333333333 0.006481481481481481
0 0.78359375 0.19768518518518519 0.0018229166666666667 0.008796296296296297
0 0.76875 0.19907407407407407 0.0018229166666666667 0.006481481481481481
0 0.6234375 0.19768518518518519 0.0018229166666666667 0.006481481481481481
3 0.7903645833333334 0.19490740740740742 0.0020833333333333333 0.007407407407407408
3 0.43671875 0.20324074074074075 0.0018229166666666667 0.008796296296296297
0 0.7947916666666667 0.20046296296296295 0.0018229166666666667 0.007407407407407408
0 0.63984375 0.2037037037037037 0.0018229166666666667 0.007407407407407408
0 0.74765625 0.19722222222222222 0.0018229166666666667 0.007407407407407408
3 0.7596354166666667 0.18981481481481483 0.0013020833333333333 0.005555555555555556
3 0.6315104166666666 0.19444444444444445 0.0010416666666666667 0.006481481481481481
3 0.6122395833333333 0.19398148148148148 0.0010416666666666667 0.007407407407407408
0 0.6997395833333333 0.20694444444444443 0.0018229166666666667 0.009722222222222222
2 0.653125 0.2162037037037037 0.00234375 0.008796296296296297
1 0.8135416666666667 0.19814814814814816 0.0018229166666666667 0.014351851851851852
3 0.6721354166666667 0.19074074074074074 0.0013020833333333333 0.007407407407407408
0 0.80546875 0.2023148148148148 0.0018229166666666667 0.006481481481481481
3 0.8096354166666667 0.2050925925925926 0.0020833333333333333 0.009722222222222222
3 0.8153645833333333 0.20833333333333334 0.0020833333333333333 0.009722222222222222
0 0.7208333333333333 0.19722222222222222 0.0013020833333333333 0.007407407407407408
3 0.7276041666666667 0.19490740740740742 0.0013020833333333333 0.005555555555555556
3 0.8260416666666667 0.19814814814814816 0.0018229166666666667 0.007407407407407408
3 0.5947916666666667 0.19166666666666668 0.0010416666666666667 0.005555555555555556
2 0.71640625 0.2064814814814815 0.00234375 0.008796296296296297
2 0.6 0.19907407407407407 0.0010416666666666667 0.006481481481481481
3 0.6981770833333333 0.19398148148148148 0.0018229166666666667 0.005555555555555556
3 0.7270833333333333 0.18981481481481483 0.0018229166666666667 0.007407407407407408
3 0.4479166666666667 0.1962962962962963 0.0018229166666666667 0.007407407407407408
1 0.8122395833333333 0.19814814814814816 0.0018229166666666667 0.014351851851851852
0 0.5989583333333334 0.19490740740740742 0.0013020833333333333 0.007407407407407408