2 0.9166666666666666 0.16620370370370371 0.007552083333333333 0.024074074074074074
2 0.7125 0.26064814814814813 0.014583333333333334 0.05416666666666667
2 0.6229166666666667 0.35694444444444445 0.0265625 0.09259259259259259
2 0.7848958333333333 0.18333333333333332 0.008072916666666667 0.025
2 0.771875 0.19907407407407407 0.01015625 0.030555555555555555
2 0.9317708333333333 0.17453703703703705 0.008333333333333333 0.029166666666666667
2 0.79453125 0.175 0.00703125 0.02175925925925926
1 0.18932291666666667 0.7564814814814815 0.0375 0.17824074074074073
2 0.7515625 0.2212962962962963 0.011458333333333333 0.03796296296296296
2 0.80078125 0.1675925925925926 0.006510416666666667 0.017592592592592594
2 0.90625 0.16018518518518518 0.00625 0.016203703703703703
2 0.89765625 0.15694444444444444 0.004166666666666667 0.009722222222222222
2 0.80546875 0.16064814814814815 0.004427083333333333 0.017592592592592594
2 0.8919270833333334 0.15555555555555556 0.00390625 0.006481481481481481
3 0.054427083333333334 0.24814814814814815 0.00390625 0.014351851851851852
3 0.06796875 0.24351851851851852 0.003125 0.010648148148148148
3 0.08619791666666667 0.23981481481481481 0.00390625 0.012037037037037037
3 0.09140625 0.24166666666666667 0.004427083333333333 0.014351851851851852
3 0.109375 0.23703703703703705 0.0033854166666666668 0.012962962962962963
3 0.12786458333333334 0.23703703703703705 0.0033854166666666668 0.010648148148148148
3 0.13541666666666666 0.23333333333333334 0.0033854166666666668 0.009722222222222222
3 0.15833333333333333 0.22870370370370371 0.003125 0.009722222222222222
3 0.17135416666666667 0.22546296296296298 0.003125 0.009722222222222222
3 0.18151041666666667 0.22314814814814815 0.00234375 0.009722222222222222
3 0.19557291666666668 0.22453703703703703 0.00390625 0.012037037037037037
3 0.20546875 0.21851851851851853 0.002864583333333333 0.008796296296296297
3 0.22473958333333333 0.21481481481481482 0.003125 0.007407407407407408
3 0.23854166666666668 0.21851851851851853 0.0033854166666666668 0.010648148148148148
3 0.23671875 0.2152777777777778 0.00234375 0.008796296296296297
3 0.24088541666666666 0.21203703703703702 0.002864583333333333 0.006481481481481481
3 0.24973958333333332 0.21481481481481482 0.003125 0.009722222222222222
3 0.2520833333333333 0.2152777777777778 0.002864583333333333 0.010648148148148148
3 0.26588541666666665 0.21435185185185185 0.00234375 0.010648148148148148
3 0.27005208333333336 0.21203703703703702 0.00234375 0.010648148148148148
3 0.2734375 0.21203703703703702 0.002864583333333333 0.010648148148148148
3 0.28828125 0.20416666666666666 0.002864583333333333 0.008796296296296297
3 0.29348958333333336 0.20324074074074075 0.002864583333333333 0.008796296296296297
0 0.06588541666666667 0.24074074074074073 0.0020833333333333333 0.009722222222222222
0 0.07994791666666666 0.24583333333333332 0.003125 0.010648148148148148
0 0.09765625 0.23703703703703705 0.003125 0.010648148148148148
0 0.11536458333333334 0.23425925925925925 0.002864583333333333 0.009722222222222222
0 0.12760416666666666 0.23148148148148148 0.003125 0.008796296296296297
0 0.13203125 0.23657407407407408 0.002864583333333333 0.009722222222222222
0 0.14036458333333332 0.23055555555555557 0.002864583333333333 0.010648148148148148
0 0.15208333333333332 0.22824074074074074 0.002864583333333333 0.008796296296296297
0 0.16197916666666667 0.23148148148148148 0.002864583333333333 0.010648148148148148
0 0.16744791666666667 0.22453703703703703 0.002864583333333333 0.009722222222222222
0 0.17890625 0.22870370370370371 0.002864583333333333 0.009722222222222222
0 0.18307291666666667 0.2199074074074074 0.0020833333333333333 0.007407407407407408
0 0.2140625 0.22407407407407406 0.003125 0.010648148148148148
0 0.24765625 0.20972222222222223 0.00234375 0.008796296296296297
0 0.25494791666666666 0.21666666666666667 0.003125 0.009722222222222222
0 0.28072916666666664 0.20833333333333334 0.002864583333333333 0.009722222222222222
0 0.27578125 0.2064814814814815 0.0020833333333333333 0.008796296296296297
0 0.2953125 0.20972222222222223 0.00234375 0.010648148148148148
0 0.29739583333333336 0.20555555555555555 0.002864583333333333 0.010648148148148148
0 0.30703125 0.20046296296296295 0.00234375 0.007407407407407408
0 0.3111979166666667 0.20046296296296295 0.00234375 0.007407407407407408
0 0.31197916666666664 0.2064814814814815 0.002864583333333333 0.008796296296296297
0 0.31640625 0.19907407407407407 0.0020833333333333333 0.006481481481481481
0 0.3203125 0.19907407407407407 0.002864583333333333 0.008796296296296297
3 0.19348958333333333 0.2212962962962963 0.00234375 0.009722222222222222