0 0.8111979166666666 0.26481481481481484 0.00859375 0.03796296296296296
0 0.9052083333333333 0.2490740740740741 0.009635416666666667 0.034722222222222224
3 0.9236979166666667 0.3333333333333333 0.022395833333333334 0.07268518518518519
0 0.5674479166666667 0.4634259259259259 0.0265625 0.1162037037037037
0 0.1796875 0.30972222222222223 0.00546875 0.02175925925925926
0 0.7036458333333333 0.2912037037037037 0.010677083333333334 0.04351851851851852
0 0.6247395833333333 0.3425925925925926 0.015625 0.06296296296296296
0 0.06848958333333334 0.32685185185185184 0.00625 0.025
3 0.15963541666666667 0.29583333333333334 0.005208333333333333 0.019444444444444445
0 0.26119791666666664 0.2902777777777778 0.005208333333333333 0.02175925925925926
3 0.2328125 0.23703703703703705 0.00234375 0.010648148148148148
0 0.3815104166666667 0.25416666666666665 0.003125 0.015277777777777777
3 0.18515625 0.2449074074074074 0.003125 0.012037037037037037
3 0.2755208333333333 0.26851851851851855 0.004166666666666667 0.017592592592592594
0 0.3958333333333333 0.22870370370370371 0.00234375 0.012037037037037037
0 0.36614583333333334 0.22546296296296298 0.0018229166666666667 0.009722222222222222
3 0.07057291666666667 0.3055555555555556 0.005208333333333333 0.019444444444444445
3 0.3234375 0.2300925925925926 0.0020833333333333333 0.009722222222222222
0 0.39791666666666664 0.2449074074074074 0.002864583333333333 0.012037037037037037
3 0.08515625 0.25972222222222224 0.003125 0.012962962962962963
0 0.06848958333333334 0.2574074074074074 0.002864583333333333 0.012962962962962963
3 0.32838541666666665 0.24768518518518517 0.002864583333333333 0.012962962962962963
0 0.32265625 0.2726851851851852 0.00390625 0.017592592592592594
0 0.4078125 0.23194444444444445 0.0020833333333333333 0.012037037037037037
3 0.30442708333333335 0.2569444444444444 0.003125 0.014351851851851852
3 0.22786458333333334 0.2833333333333333 0.005208333333333333 0.018518518518518517
0 0.38307291666666665 0.22685185185185186 0.0020833333333333333 0.012037037037037037
3 0.28125 0.23194444444444445 0.002864583333333333 0.009722222222222222
3 0.34140625 0.24027777777777778 0.00234375 0.010648148148148148
0 0.3268229166666667 0.22592592592592592 0.0020833333333333333 0.008796296296296297
0 0.4046875 0.2375 0.002864583333333333 0.012037037037037037
0 0.16875 0.24351851851851852 0.00234375 0.010648148148148148
3 0.13619791666666667 0.25277777777777777 0.002864583333333333 0.012037037037037037
0 0.35859375 0.26296296296296295 0.0033854166666666668 0.015277777777777777
0 0.290625 0.22685185185185186 0.0020833333333333333 0.009722222222222222
3 0.34375 0.2337962962962963 0.0020833333333333333 0.010648148148148148
0 0.2109375 0.23564814814814813 0.002864583333333333 0.008796296296296297
0 0.12057291666666667 0.25046296296296294 0.00234375 0.012037037037037037
0 0.24088541666666666 0.2310185185185185 0.0020833333333333333 0.009722222222222222
0 0.25833333333333336 0.22870370370370371 0.0020833333333333333 0.009722222222222222