0 0.5765625 0.24675925925925926 0.00703125 0.02824074074074074
0 0.7869791666666667 0.21666666666666667 0.005989583333333334 0.027314814814814816
0 0.6778645833333333 0.2300925925925926 0.005989583333333334 0.025
0 0.48671875 0.387037037037037 0.015364583333333333 0.0824074074074074
3 0.665625 0.24722222222222223 0.008072916666666667 0.03148148148148148
0 0.4192708333333333 0.33101851851851855 0.012239583333333333 0.05324074074074074
0 0.42864583333333334 0.2949074074074074 0.008333333333333333 0.03796296296296296
0 0.42421875 0.6199074074074075 0.049479166666666664 0.1837962962962963
3 0.5986979166666667 0.27685185185185185 0.009375 0.04027777777777778
3 0.7986979166666667 0.2300925925925926 0.007552083333333333 0.03148148148148148
0 0.49895833333333334 0.44907407407407407 0.02578125 0.1087962962962963
0 0.9080729166666667 0.2074074074074074 0.007552083333333333 0.02824074074074074
3 0.62265625 0.287962962962963 0.010677083333333334 0.04583333333333333
3 0.6171875 0.26064814814814813 0.006510416666666667 0.034722222222222224
3 0.7755208333333333 0.31805555555555554 0.017708333333333333 0.06851851851851852
3 0.7182291666666667 0.23842592592592593 0.007552083333333333 0.03148148148148148
0 0.49192708333333335 0.2675925925925926 0.00703125 0.030555555555555555
3 0.94296875 0.3819444444444444 0.015625 0.10555555555555556
3 0.909375 0.22268518518518518 0.009114583333333334 0.032407407407407406