0 0.8166666666666667 0.4009259259259259 0.028125 0.1
0 0.16901041666666666 0.22870370370370371 0.006510416666666667 0.025
0 0.8966145833333333 0.18009259259259258 0.00625 0.025
0 0.5466145833333333 0.5837962962962963 0.05078125 0.18055555555555555
0 0.28229166666666666 0.21342592592592594 0.00546875 0.025
0 0.81171875 0.18055555555555555 0.005208333333333333 0.024074074074074074
3 0.22786458333333334 0.2101851851851852 0.005208333333333333 0.022685185185185187
0 0.42526041666666664 0.19074074074074074 0.00390625 0.018518518518518517
3 0.146875 0.21898148148148147 0.00546875 0.020833333333333332
3 0.7872395833333333 0.17222222222222222 0.0049479166666666664 0.018518518518518517
3 0.075 0.2212962962962963 0.005208333333333333 0.020833333333333332
3 0.38958333333333334 0.18425925925925926 0.0020833333333333333 0.014351851851851852
3 0.6619791666666667 0.17222222222222222 0.00390625 0.016203703703703703
3 0.8583333333333333 0.17222222222222222 0.005208333333333333 0.020833333333333332
3 0.9486979166666667 0.16944444444444445 0.004427083333333333 0.02175925925925926
0 0.634375 0.17731481481481481 0.004166666666666667 0.017592592592592594
0 0.3567708333333333 0.19953703703703704 0.0049479166666666664 0.020833333333333332
3 0.30572916666666666 0.1935185185185185 0.002864583333333333 0.010648148148148148
3 0.8096354166666667 0.15925925925925927 0.00390625 0.014351851851851852
0 0.6986979166666667 0.175 0.004427083333333333 0.019444444444444445
0 0.7643229166666666 0.15833333333333333 0.002864583333333333 0.012037037037037037
3 0.5864583333333333 0.175 0.002864583333333333 0.015277777777777777
3 0.559375 0.1712962962962963 0.00234375 0.009722222222222222
3 0.7419270833333333 0.16944444444444445 0.00390625 0.017592592592592594
3 0.7526041666666666 0.1625 0.00234375 0.014351851851851852
3 0.4361979166666667 0.1837962962962963 0.003125 0.015277777777777777
3 0.71171875 0.1648148148148148 0.0033854166666666668 0.014351851851851852
0 0.5822916666666667 0.18055555555555555 0.00390625 0.017592592592592594
0 0.10572916666666667 0.21296296296296297 0.002864583333333333 0.015277777777777777
3 0.5106770833333333 0.17916666666666667 0.0033854166666666668 0.015277777777777777
0 0.8252604166666667 0.15694444444444444 0.002864583333333333 0.009722222222222222
3 0.46822916666666664 0.18009259259259258 0.00234375 0.012037037037037037
3 0.8651041666666667 0.15833333333333333 0.00390625 0.012037037037037037
0 0.75390625 0.17916666666666667 0.00546875 0.019444444444444445
3 0.6708333333333333 0.1699074074074074 0.003125 0.012037037037037037
3 0.36328125 0.1925925925925926 0.00390625 0.015277777777777777
3 0.9140625 0.15648148148148147 0.00390625 0.008796296296296297
0 0.5309895833333333 0.1824074074074074 0.0033854166666666668 0.015277777777777777
0 0.8809895833333333 0.15555555555555556 0.003125 0.006481481481481481
0 0.5703125 0.17175925925925925 0.0020833333333333333 0.010648148148148148
3 0.13203125 0.2162037037037037 0.00390625 0.015277777777777777
3 0.5044270833333333 0.17592592592592593 0.00234375 0.012962962962962963
3 0.18463541666666666 0.2064814814814815 0.002864583333333333 0.012962962962962963
0 0.1703125 0.20555555555555555 0.00390625 0.012962962962962963
3 0.30026041666666664 0.20185185185185187 0.004427083333333333 0.016203703703703703
3 0.24713541666666666 0.2 0.0020833333333333333 0.010648148148148148
0 0.61484375 0.16805555555555557 0.00234375 0.012037037037037037
0 0.7177083333333333 0.16064814814814815 0.00234375 0.010648148148148148
0 0.48463541666666665 0.18518518518518517 0.00390625 0.018518518518518517
3 0.4322916666666667 0.18333333333333332 0.00234375 0.012037037037037037
0 0.51796875 0.1726851851851852 0.00234375 0.010648148148148148
0 0.3375 0.18703703703703703 0.00234375 0.010648148148148148
0 0.47239583333333335 0.17685185185185184 0.0018229166666666667 0.009722222222222222
0 0.2989583333333333 0.1912037037037037 0.00234375 0.010648148148148148
0 0.66875 0.1648148148148148 0.003125 0.012037037037037037
3 0.6135416666666667 0.17175925925925925 0.002864583333333333 0.012962962962962963
0 0.43046875 0.18055555555555555 0.00234375 0.010648148148148148
0 0.39401041666666664 0.18055555555555555 0.00234375 0.012962962962962963
3 0.3533854166666667 0.18796296296296297 0.002864583333333333 0.012962962962962963
0 0.2669270833333333 0.19490740740740742 0.00234375 0.012037037037037037
0 0.23385416666666667 0.19814814814814816 0.00234375 0.012037037037037037