0 0.21640625 0.3675925925925926 0.0234375 0.08055555555555556
0 0.39427083333333335 0.3277777777777778 0.01328125 0.05092592592592592
0 0.5380208333333333 0.325 0.009375 0.0412037037037037
0 0.8143229166666667 0.36018518518518516 0.00859375 0.033796296296296297
3 0.74609375 0.3699074074074074 0.011197916666666667 0.044444444444444446
3 0.6427083333333333 0.3648148148148148 0.011458333333333333 0.05092592592592592
3 0.8666666666666667 0.38935185185185184 0.011197916666666667 0.04351851851851852
3 0.46848958333333335 0.42824074074074076 0.019791666666666666 0.0912037037037037
3 0.5473958333333333 0.3773148148148148 0.013802083333333333 0.06296296296296296
3 0.46458333333333335 0.6023148148148149 0.03828125 0.1675925925925926
0 0.6713541666666667 0.3365740740740741 0.008333333333333333 0.03564814814814815