3 0.6778645833333333 0.5356481481481481 0.03125 0.09768518518518518
0 0.3684895833333333 0.49953703703703706 0.024479166666666666 0.08148148148148149
0 0.3671875 0.4351851851851852 0.011458333333333333 0.04675925925925926
0 0.2078125 0.44305555555555554 0.014583333333333334 0.05092592592592592
3 0.8153645833333333 0.44675925925925924 0.014583333333333334 0.05416666666666667
0 0.4434895833333333 0.45601851851851855 0.01875 0.059722222222222225
3 0.8153645833333333 0.7824074074074074 0.06197916666666667 0.12824074074074074
0 0.16015625 0.6074074074074074 0.04114583333333333 0.13472222222222222
3 0.6236979166666666 0.40694444444444444 0.007291666666666667 0.029166666666666667
3 0.5890625 0.4310185185185185 0.012239583333333333 0.044444444444444446
0 0.94140625 0.41203703703703703 0.011458333333333333 0.037037037037037035
3 0.5403645833333334 0.40555555555555556 0.00703125 0.02824074074074074
0 0.765625 0.4 0.007552083333333333 0.02824074074074074
0 0.0734375 0.4064814814814815 0.008333333333333333 0.025925925925925925
3 0.16953125 0.425 0.010416666666666666 0.03935185185185185
0 0.8674479166666667 0.4023148148148148 0.00859375 0.030555555555555555
3 0.696875 0.40925925925925927 0.008072916666666667 0.033796296296296297
0 0.665625 0.399537037037037 0.00703125 0.025
3 0.15052083333333333 0.4148148148148148 0.009635416666666667 0.033796296296296297
0 0.14479166666666668 0.4097222222222222 0.007291666666666667 0.02824074074074074
0 0.56015625 0.4 0.00703125 0.02175925925925926
0 0.45729166666666665 0.40185185185185185 0.005989583333333334 0.022685185185185187
3 0.2875 0.4217592592592593 0.010416666666666666 0.037037037037037035
2 0.428125 0.38425925925925924 0.00390625 0.016203703703703703
3 0.40078125 0.42083333333333334 0.009114583333333334 0.037037037037037035
3 0.3536458333333333 0.4097222222222222 0.00546875 0.02824074074074074
3 0.4471354166666667 0.4083333333333333 0.008072916666666667 0.027314814814814816
2 0.3268229166666667 0.38564814814814813 0.00390625 0.015277777777777777
2 0.5518229166666667 0.3837962962962963 0.00390625 0.015277777777777777
3 0.2559895833333333 0.4125 0.00703125 0.029166666666666667
2 0.38697916666666665 0.38472222222222224 0.00390625 0.015277777777777777
3 0.64921875 0.462037037037037 0.01640625 0.060648148148148145
3 0.7802083333333333 0.4222222222222222 0.009375 0.04259259259259259
3 0.7744791666666667 0.4101851851851852 0.007552083333333333 0.03564814814814815
3 0.9322916666666666 0.5074074074074074 0.027604166666666666 0.08703703703703704
2 0.35963541666666665 0.3851851851851852 0.0033854166666666668 0.014351851851851852
0 0.25234375 0.4074074074074074 0.00390625 0.024074074074074074
2 0.28177083333333336 0.38657407407407407 0.00390625 0.016203703703703703
2 0.49453125 0.3851851851851852 0.0020833333333333333 0.012037037037037037
3 0.49973958333333335 0.42314814814814816 0.007552083333333333 0.033796296296296297
0 0.35963541666666665 0.40370370370370373 0.00546875 0.025
2 0.6059895833333333 0.3814814814814815 0.00390625 0.015277777777777777
2 0.6708333333333333 0.38101851851851853 0.004166666666666667 0.014351851851851852