0 0.7377604166666667 0.3958333333333333 0.013541666666666667 0.0587962962962963
0 0.7997395833333333 0.3712962962962963 0.009375 0.04259259259259259
0 0.20989583333333334 0.3527777777777778 0.01875 0.07268518518518519
0 0.5059895833333333 0.39675925925925926 0.016145833333333335 0.07592592592592592
0 0.7770833333333333 0.3435185185185185 0.007552083333333333 0.032407407407407406
3 0.46041666666666664 0.33935185185185185 0.012239583333333333 0.05416666666666667
0 0.13203125 0.2337962962962963 0.00625 0.025925925925925925
2 0.275 0.45925925925925926 0.0265625 0.1162037037037037
3 0.6546875 0.337037037037037 0.008333333333333333 0.03935185185185185
3 0.190625 0.287962962962963 0.010677083333333334 0.04583333333333333
0 0.7182291666666667 0.31805555555555554 0.005208333333333333 0.027314814814814816
3 0.26171875 0.24722222222222223 0.005989583333333334 0.025
3 0.5893229166666667 0.29398148148148145 0.005208333333333333 0.025
3 0.6364583333333333 0.3087962962962963 0.00625 0.02824074074074074
3 0.5322916666666667 0.2791666666666667 0.0049479166666666664 0.024074074074074074
3 0.6630208333333333 0.32407407407407407 0.007552083333333333 0.032407407407407406
3 0.3268229166666667 0.25046296296296294 0.004427083333333333 0.022685185185185187
3 0.5927083333333333 0.3449074074074074 0.009635416666666667 0.04675925925925926
0 0.56640625 0.2791666666666667 0.0049479166666666664 0.019444444444444445
0 0.29973958333333334 0.2412037037037037 0.0049479166666666664 0.02175925925925926
2 0.12161458333333333 0.21851851851851853 0.004427083333333333 0.019444444444444445
0 0.21276041666666667 0.23564814814814813 0.00546875 0.024074074074074074
0 0.6455729166666667 0.2972222222222222 0.0049479166666666664 0.022685185185185187
3 0.39765625 0.2587962962962963 0.004166666666666667 0.02175925925925926
2 0.07161458333333333 0.20046296296296295 0.002864583333333333 0.016203703703703703
0 0.48203125 0.26481481481481484 0.003125 0.018518518518518517
2 0.11223958333333334 0.20555555555555555 0.00234375 0.012962962962962963
3 0.29973958333333334 0.31527777777777777 0.011458333333333333 0.052314814814814814
3 0.14947916666666666 0.2662037037037037 0.00625 0.037037037037037035
3 0.20416666666666666 0.24675925925925926 0.006510416666666667 0.02824074074074074
3 0.46822916666666664 0.26851851851851855 0.004427083333333333 0.02175925925925926
0 0.3919270833333333 0.2523148148148148 0.004427083333333333 0.019444444444444445
2 0.11692708333333333 0.21064814814814814 0.0033854166666666668 0.017592592592592594
2 0.09375 0.20277777777777778 0.003125 0.016203703703703703
3 0.16354166666666667 0.25324074074074077 0.006510416666666667 0.034722222222222224
2 0.12760416666666666 0.22777777777777777 0.005208333333333333 0.025
1 0.14895833333333333 0.24953703703703703 0.00859375 0.05740740740740741
2 0.58984375 0.8074074074074075 0.021614583333333333 0.07824074074074074
1 0.15729166666666666 0.25833333333333336 0.010677083333333334 0.06435185185185185
2 0.04973958333333333 0.19814814814814816 0.0013020833333333333 0.018518518518518517