0 0.8296875 0.38796296296296295 0.00859375 0.034722222222222224
3 0.5705729166666667 0.399537037037037 0.01484375 0.06435185185185185
3 0.6604166666666667 0.38981481481481484 0.012239583333333333 0.05324074074074074
0 0.4114583333333333 0.34305555555555556 0.013802083333333333 0.05324074074074074
0 0.24401041666666667 0.37453703703703706 0.020833333333333332 0.07731481481481481
0 0.5497395833333333 0.3439814814814815 0.009375 0.04259259259259259
3 0.5010416666666667 0.4476851851851852 0.021614583333333333 0.0912037037037037
3 0.8856770833333333 0.4212962962962963 0.011197916666666667 0.044444444444444446
0 0.68671875 0.36203703703703705 0.00859375 0.037037037037037035
3 0.7653645833333333 0.39814814814814814 0.011197916666666667 0.044444444444444446
3 0.5106770833333333 0.6291666666666667 0.040364583333333336 0.16944444444444445