0 0.40859375 0.32592592592592595 0.012239583333333333 0.05416666666666667
0 0.27395833333333336 0.32083333333333336 0.01171875 0.04583333333333333
0 0.20572916666666666 0.31157407407407406 0.009114583333333334 0.03564814814814815
0 0.5390625 0.5277777777777778 0.03697916666666667 0.15092592592592594
0 0.5721354166666667 0.35 0.020833333333333332 0.07175925925925926
3 0.66484375 0.2935185185185185 0.010677083333333334 0.04351851851851852
0 0.07630208333333334 0.28564814814814815 0.00625 0.024074074074074074
3 0.31692708333333336 0.2773148148148148 0.00703125 0.02824074074074074
3 0.9111979166666667 0.22685185185185186 0.00703125 0.027314814814814816
0 0.9481770833333333 0.22453703703703703 0.00625 0.022685185185185187
3 0.8408854166666667 0.3175925925925926 0.020833333333333332 0.06527777777777778
0 0.8427083333333333 0.22407407407407406 0.005208333333333333 0.02175925925925926
3 0.35833333333333334 0.2851851851851852 0.007552083333333333 0.033796296296296297
3 0.7393229166666667 0.2300925925925926 0.005208333333333333 0.022685185185185187
0 0.20234375 0.2814814814814815 0.005208333333333333 0.025925925925925925
0 0.18671875 0.29953703703703705 0.008333333333333333 0.03148148148148148
0 0.24817708333333333 0.25277777777777777 0.0033854166666666668 0.014351851851851852
3 0.3059895833333333 0.26851851851851855 0.005989583333333334 0.024074074074074074
3 0.4234375 0.24583333333333332 0.004166666666666667 0.017592592592592594
3 0.4708333333333333 0.2851851851851852 0.008072916666666667 0.03796296296296296
0 0.35 0.2462962962962963 0.00390625 0.014351851851851852
0 0.5315104166666667 0.2337962962962963 0.004427083333333333 0.017592592592592594
3 0.8125 0.22870370370370371 0.005989583333333334 0.025
3 0.37421875 0.24953703703703703 0.003125 0.016203703703703703
3 0.6075520833333333 0.23564814814814813 0.0049479166666666664 0.019444444444444445
3 0.3263020833333333 0.2537037037037037 0.00390625 0.016203703703703703
3 0.55078125 0.23935185185185184 0.0049479166666666664 0.019444444444444445
3 0.48671875 0.24259259259259258 0.0049479166666666664 0.019444444444444445
3 0.21145833333333333 0.25601851851851853 0.0033854166666666668 0.016203703703703703
3 0.6682291666666667 0.23148148148148148 0.005208333333333333 0.019444444444444445
0 0.5947916666666667 0.2300925925925926 0.002864583333333333 0.016203703703703703
3 0.23125 0.26851851851851855 0.005208333333333333 0.02175925925925926
3 0.26979166666666665 0.25601851851851853 0.003125 0.016203703703703703
0 0.7450520833333333 0.22407407407407406 0.0049479166666666664 0.019444444444444445
0 0.4083333333333333 0.24027777777777778 0.003125 0.015277777777777777
0 0.2953125 0.25046296296296294 0.00390625 0.014351851851851852
0 0.13359375 0.25972222222222224 0.003125 0.012962962962962963
0 0.46119791666666665 0.2375 0.003125 0.016203703703703703
3 0.09765625 0.2662037037037037 0.00390625 0.015277777777777777
3 0.058854166666666666 0.26944444444444443 0.0033854166666666668 0.015277777777777777
0 0.14635416666666667 0.2814814814814815 0.00546875 0.024074074074074074
3 0.14375 0.2712962962962963 0.00390625 0.020833333333333332
0 0.18828125 0.25324074074074077 0.003125 0.015277777777777777
0 0.08723958333333333 0.2625 0.00390625 0.014351851851851852