0 0.17734375 0.2740740740740741 0.010416666666666666 0.04351851851851852
0 0.6375 0.30416666666666664 0.0049479166666666664 0.025925925925925925
0 0.8888020833333333 0.3592592592592593 0.008072916666666667 0.03148148148148148
3 0.45598958333333334 0.29305555555555557 0.007291666666666667 0.03564814814814815
3 0.82734375 0.6430555555555556 0.04114583333333333 0.16435185185185186
0 0.4005208333333333 0.2740740740740741 0.00625 0.030555555555555555
3 0.30026041666666664 0.3023148148148148 0.011197916666666667 0.047685185185185185
0 0.75859375 0.3287037037037037 0.005989583333333334 0.027314814814814816
0 0.51875 0.2865740740740741 0.005208333333333333 0.025
2 0.165625 0.25972222222222224 0.008333333333333333 0.03935185185185185
3 0.7432291666666667 0.3365740740740741 0.007291666666666667 0.033796296296296297
3 0.37213541666666666 0.29259259259259257 0.009114583333333334 0.037037037037037035
2 0.1484375 0.23842592592592593 0.006510416666666667 0.029166666666666667
3 0.5481770833333334 0.30092592592592593 0.00703125 0.032407407407407406
0 0.2875 0.26944444444444443 0.008072916666666667 0.034722222222222224
1 0.2825520833333333 0.38101851851851853 0.03177083333333333 0.15092592592592594
3 0.41875 0.5055555555555555 0.0328125 0.1259259259259259
2 0.1375 0.22268518518518518 0.0049479166666666664 0.025925925925925925
2 0.07734375 0.20833333333333334 0.0049479166666666664 0.022685185185185187
2 0.12890625 0.21481481481481482 0.004166666666666667 0.020833333333333332
3 0.64453125 0.3162037037037037 0.00625 0.02824074074074074
3 0.84375 0.36064814814814816 0.00859375 0.034722222222222224
2 0.10520833333333333 0.21157407407407408 0.0049479166666666664 0.020833333333333332
1 0.2513020833333333 0.350462962962963 0.027083333333333334 0.13148148148148148
3 0.2609375 0.3907407407407407 0.021875 0.08796296296296297