0 0.47760416666666666 0.538425925925926 0.029166666666666667 0.10555555555555556
0 0.6520833333333333 0.462037037037037 0.015625 0.06296296296296296
0 0.7796875 0.4444444444444444 0.015364583333333333 0.05416666666666667
0 0.875 0.4425925925925926 0.01328125 0.047685185185185185
0 0.28229166666666666 0.3990740740740741 0.011458333333333333 0.0412037037037037
0 0.3229166666666667 0.38842592592592595 0.00859375 0.03564814814814815
0 0.3658854166666667 0.3768518518518518 0.008333333333333333 0.029166666666666667
0 0.33541666666666664 0.3625 0.005989583333333334 0.025
0 0.1625 0.41759259259259257 0.013541666666666667 0.05
3 0.18723958333333332 0.38055555555555554 0.009114583333333334 0.034722222222222224
3 0.23984375 0.3726851851851852 0.007552083333333333 0.02824074074074074
3 0.21979166666666666 0.36435185185185187 0.007291666666666667 0.025925925925925925
0 0.22213541666666667 0.34814814814814815 0.0033854166666666668 0.022685185185185187
0 0.2755208333333333 0.3541666666666667 0.005989583333333334 0.024074074074074074
3 0.15286458333333333 0.35555555555555557 0.00703125 0.025925925925925925
2 0.33567708333333335 0.337037037037037 0.0033854166666666668 0.015277777777777777
2 0.26328125 0.3337962962962963 0.004427083333333333 0.019444444444444445
0 0.08802083333333334 0.3439814814814815 0.006510416666666667 0.020833333333333332
3 0.06901041666666667 0.3527777777777778 0.007291666666666667 0.025
0 0.16041666666666668 0.3458333333333333 0.00625 0.02175925925925926