3 0.5416666666666666 0.42777777777777776 0.019791666666666666 0.0837962962962963
0 0.5606770833333333 0.3439814814814815 0.00703125 0.03148148148148148
0 0.4401041666666667 0.325 0.008333333333333333 0.03935185185185185
3 0.60234375 0.3972222222222222 0.0125 0.05555555555555555
0 0.6763020833333333 0.36527777777777776 0.00625 0.02824074074074074
0 0.2984375 0.3212962962962963 0.01171875 0.05092592592592592
3 0.546875 0.6143518518518518 0.03723958333333333 0.1675925925925926
0 0.7953125 0.387037037037037 0.007291666666666667 0.02824074074074074
3 0.8033854166666666 0.4134259259259259 0.008333333333333333 0.03564814814814815
3 0.6981770833333333 0.3958333333333333 0.009375 0.0412037037037037
0 0.1453125 0.3490740740740741 0.017447916666666667 0.06944444444444445
3 0.93515625 0.4393518518518518 0.009114583333333334 0.034722222222222224
0 0.9174479166666667 0.4083333333333333 0.00703125 0.027314814814814816
1 0.5088541666666667 0.2625 0.00234375 0.020833333333333332
1 0.5247395833333334 0.26666666666666666 0.002864583333333333 0.022685185185185187
1 0.51875 0.26342592592592595 0.002864583333333333 0.022685185185185187
1 0.5138020833333333 0.2675925925925926 0.0018229166666666667 0.012962962962962963
1 0.50390625 0.26435185185185184 0.0018229166666666667 0.015277777777777777