0 0.23567708333333334 0.3625 0.018489583333333334 0.07731481481481481
0 0.40963541666666664 0.32731481481481484 0.012760416666666666 0.05
3 0.4817708333333333 0.4222222222222222 0.022916666666666665 0.09027777777777778
0 0.6934895833333333 0.3375 0.009114583333333334 0.03564814814814815
0 0.5559895833333334 0.325 0.010416666666666666 0.0412037037037037
3 0.6572916666666667 0.36342592592592593 0.011197916666666667 0.049074074074074076
0 0.8338541666666667 0.36018518518518516 0.009114583333333334 0.03564814814814815
3 0.55859375 0.375 0.015364583333333333 0.06296296296296296
3 0.8841145833333334 0.38981481481481484 0.01171875 0.044444444444444446
3 0.76484375 0.3699074074074074 0.01171875 0.044444444444444446
3 0.47161458333333334 0.5726851851851852 0.040625 0.15648148148148147