0 0.32526041666666666 0.34305555555555556 0.01875 0.062037037037037036
0 0.6265625 0.3398148148148148 0.01015625 0.04027777777777778
3 0.4713541666666667 0.49398148148148147 0.030729166666666665 0.12083333333333333
3 0.8033854166666666 0.35509259259259257 0.00859375 0.03148148148148148
0 0.8677083333333333 0.3574074074074074 0.00703125 0.02824074074074074
0 0.7609375 0.3587962962962963 0.009375 0.037037037037037035
0 0.11041666666666666 0.41805555555555557 0.03619791666666667 0.11203703703703703
0 0.47890625 0.33055555555555555 0.012760416666666666 0.047685185185185185
0 0.9044270833333333 0.37453703703703706 0.008072916666666667 0.03148148148148148
3 0.8385416666666666 0.39444444444444443 0.011458333333333333 0.04583333333333333
3 0.5276041666666667 0.40555555555555556 0.021614583333333333 0.07824074074074074
2 0.5640625 0.30324074074074076 0.007552083333333333 0.030555555555555555
0 0.9033854166666667 0.3541666666666667 0.005989583333333334 0.02175925925925926
2 0.615625 0.3050925925925926 0.007552083333333333 0.027314814814814816
3 0.6125 0.3800925925925926 0.016145833333333335 0.05740740740740741
3 0.840625 0.3365740740740741 0.00625 0.020833333333333332
3 0.775 0.33564814814814814 0.007552083333333333 0.025925925925925925
3 0.7171875 0.37916666666666665 0.014322916666666666 0.05
2 0.70390625 0.3287037037037037 0.008072916666666667 0.029166666666666667
3 0.9088541666666666 0.3476851851851852 0.006510416666666667 0.02175925925925926
2 0.6567708333333333 0.3282407407407407 0.009375 0.032407407407407406
3 0.7932291666666667 0.3314814814814815 0.00703125 0.02175925925925926
0 0.8721354166666667 0.3509259259259259 0.005989583333333334 0.025925925925925925
3 0.5705729166666667 0.7768518518518519 0.0265625 0.1425925925925926