0 0.1296875 0.32222222222222224 0.005208333333333333 0.025
0 0.058333333333333334 0.3199074074074074 0.00390625 0.022685185185185187
0 0.571875 0.5162037037037037 0.040625 0.14351851851851852
0 0.8190104166666666 0.35 0.024479166666666666 0.08055555555555556
0 0.23723958333333334 0.30694444444444446 0.005208333333333333 0.022685185185185187
3 0.15390625 0.2949074074074074 0.00546875 0.020833333333333332
3 0.4466145833333333 0.20925925925925926 0.0018229166666666667 0.009722222222222222
3 0.05182291666666667 0.3055555555555556 0.0049479166666666664 0.019444444444444445
3 0.3580729166666667 0.2175925925925926 0.0018229166666666667 0.010648148148148148
3 0.4041666666666667 0.24259259259259258 0.003125 0.015277777777777777
3 0.23463541666666668 0.28703703703703703 0.004166666666666667 0.019444444444444445
3 0.30755208333333334 0.2726851851851852 0.00390625 0.019444444444444445
0 0.3302083333333333 0.2847222222222222 0.00390625 0.02175925925925926
0 0.4859375 0.23842592592592593 0.003125 0.016203703703703703
3 0.4640625 0.21296296296296297 0.0020833333333333333 0.010648148148148148
0 0.50859375 0.20555555555555555 0.0018229166666666667 0.010648148148148148
0 0.5223958333333333 0.21851851851851853 0.00234375 0.012962962962962963
3 0.06380208333333333 0.2722222222222222 0.003125 0.014351851851851852
3 0.8684895833333334 0.17777777777777778 0.0018229166666666667 0.009722222222222222
0 0.14583333333333334 0.25 0.0018229166666666667 0.010648148148148148
3 0.45677083333333335 0.2212962962962963 0.002864583333333333 0.012037037037037037
3 0.16145833333333334 0.2523148148148148 0.0020833333333333333 0.010648148148148148
3 0.9223958333333333 0.1787037037037037 0.0020833333333333333 0.009722222222222222
0 0.20442708333333334 0.24027777777777778 0.0020833333333333333 0.008796296296296297
0 0.40651041666666665 0.2625 0.004427083333333333 0.020833333333333332
0 0.45364583333333336 0.25046296296296294 0.0033854166666666668 0.018518518518518517
2 0.940625 0.17777777777777778 0.0018229166666666667 0.009722222222222222
0 0.10677083333333333 0.25833333333333336 0.00234375 0.009722222222222222
0 0.2518229166666667 0.23333333333333334 0.0018229166666666667 0.009722222222222222
3 0.3653645833333333 0.25601851851851853 0.0033854166666666668 0.016203703703703703
3 0.11276041666666667 0.262037037037037 0.003125 0.012962962962962963
3 0.2625 0.23472222222222222 0.0020833333333333333 0.010648148148148148
3 0.43697916666666664 0.2310185185185185 0.002864583333333333 0.014351851851851852
0 0.49270833333333336 0.20324074074074075 0.0020833333333333333 0.010648148148148148
0 0.41875 0.20555555555555555 0.0018229166666666667 0.008796296296296297
0 0.29765625 0.22453703703703703 0.0018229166666666667 0.009722222222222222
0 0.5098958333333333 0.22777777777777777 0.00234375 0.016203703703703703
3 0.21458333333333332 0.24259259259259258 0.0020833333333333333 0.010648148148148148
3 0.8877604166666667 0.17083333333333334 0.0018229166666666667 0.008796296296296297
0 0.5296875 0.21203703703703702 0.0020833333333333333 0.012962962962962963
0 0.45390625 0.2037037037037037 0.0018229166666666667 0.009722222222222222
0 0.33958333333333335 0.2162037037037037 0.0018229166666666667 0.008796296296296297
0 0.8859375 0.1685185185185185 0.0018229166666666667 0.008796296296296297
0 0.9221354166666667 0.16666666666666666 0.0020833333333333333 0.009722222222222222
0 0.5197916666666667 0.20833333333333334 0.0020833333333333333 0.012037037037037037
3 0.40546875 0.21157407407407408 0.0018229166666666667 0.009722222222222222
0 0.05130208333333333 0.26851851851851855 0.0020833333333333333 0.012962962962962963
3 0.7330729166666666 0.19074074074074074 0.00234375 0.012037037037037037
0 0.7307291666666667 0.19074074074074074 0.00234375 0.012037037037037037
2 0.8736979166666666 0.16527777777777777 0.0018229166666666667 0.008796296296296297
3 0.31015625 0.22685185185185186 0.0013020833333333333 0.009722222222222222
0 0.9325520833333333 0.1587962962962963 0.0013020833333333333 0.006481481481481481
0 0.36953125 0.2101851851851852 0.0013020833333333333 0.009722222222222222
3 0.9434895833333333 0.1685185185185185 0.0013020833333333333 0.008796296296296297
3 0.7002604166666667 0.1787037037037037 0.0013020833333333333 0.007407407407407408
3 0.9104166666666667 0.15833333333333333 0.0013020833333333333 0.005555555555555556
0 0.38723958333333336 0.20833333333333334 0.0013020833333333333 0.007407407407407408
0 0.9005208333333333 0.16064814814814815 0.0018229166666666667 0.006481481481481481
3 0.7239583333333334 0.1726851851851852 0.0013020833333333333 0.006481481481481481
3 0.7083333333333334 0.17175925925925925 0.0010416666666666667 0.006481481481481481
3 0.7046875 0.1685185185185185 0.0013020833333333333 0.006481481481481481
3 0.7166666666666667 0.1675925925925926 0.0018229166666666667 0.006481481481481481
3 0.7294270833333333 0.17685185185185184 0.0013020833333333333 0.007407407407407408
3 0.69921875 0.17083333333333334 0.0013020833333333333 0.006481481481481481
3 0.7263020833333333 0.16620370370370371 0.0013020833333333333 0.006481481481481481