3 0.8440104166666667 0.48842592592592593 0.023697916666666666 0.07916666666666666
3 0.4505208333333333 0.4976851851851852 0.022395833333333334 0.0912037037037037
0 0.3078125 0.38472222222222224 0.008333333333333333 0.034722222222222224
3 0.7161458333333334 0.5560185185185185 0.03619791666666667 0.11435185185185186
0 0.45677083333333335 0.3925925925925926 0.01015625 0.037037037037037035
0 0.63046875 0.4 0.011197916666666667 0.03935185185185185
3 0.06901041666666667 0.44583333333333336 0.018489583333333334 0.06944444444444445
3 0.21979166666666666 0.4009259259259259 0.011197916666666667 0.04583333333333333
0 0.1421875 0.36203703703703705 0.00546875 0.02824074074074074
0 0.7606770833333333 0.41435185185185186 0.011197916666666667 0.04583333333333333
0 0.11041666666666666 0.35648148148148145 0.008333333333333333 0.024074074074074074
3 0.10364583333333334 0.38935185185185184 0.011458333333333333 0.03935185185185185
3 0.50234375 0.42407407407407405 0.012239583333333333 0.05416666666666667
0 0.05390625 0.35648148148148145 0.008333333333333333 0.02175925925925926
0 0.209375 0.3726851851851852 0.008333333333333333 0.032407407407407406
3 0.6416666666666667 0.44675925925925924 0.015364583333333333 0.060648148148148145
3 0.33255208333333336 0.4115740740740741 0.01171875 0.05324074074074074
3 0.24244791666666668 0.46620370370370373 0.021614583333333333 0.07592592592592592