3 0.8752604166666667 0.6601851851851852 0.03802083333333333 0.15092592592592594
0 0.5114583333333333 0.4439814814814815 0.01328125 0.05555555555555555
0 0.4984375 0.5101851851851852 0.021875 0.08564814814814815
0 0.5052083333333334 0.41064814814814815 0.008333333333333333 0.03935185185185185
0 0.23671875 0.725 0.05859375 0.19768518518518519
3 0.8546875 0.3962962962962963 0.009114583333333334 0.03148148148148148
0 0.58671875 0.37407407407407406 0.00625 0.02175925925925926
0 0.6940104166666666 0.375 0.00546875 0.02175925925925926
3 0.7302083333333333 0.3837962962962963 0.005208333333333333 0.024074074074074074
3 0.7067708333333333 0.4412037037037037 0.016145833333333335 0.052314814814814814
0 0.4903645833333333 0.3814814814814815 0.006510416666666667 0.025925925925925925
0 0.6377604166666667 0.37175925925925923 0.005989583333333334 0.02175925925925926
3 0.6611979166666667 0.41435185185185186 0.009635416666666667 0.0412037037037037
3 0.7828125 0.5041666666666667 0.021354166666666667 0.07824074074074074
0 0.5348958333333333 0.37592592592592594 0.005989583333333334 0.024074074074074074
0 0.8669270833333333 0.38333333333333336 0.005989583333333334 0.022685185185185187
0 0.934375 0.39444444444444443 0.007291666666666667 0.02824074074074074
3 0.9067708333333333 0.41574074074074074 0.01015625 0.03564814814814815
3 0.6083333333333333 0.38425925925925924 0.007291666666666667 0.027314814814814816
0 0.4942708333333333 0.39675925925925926 0.007291666666666667 0.032407407407407406
3 0.6630208333333333 0.38101851851851853 0.005208333333333333 0.022685185185185187
2 0.7182291666666667 0.35648148148148145 0.002864583333333333 0.010648148148148148
2 0.5385416666666667 0.35185185185185186 0.003125 0.012037037037037037
2 0.5192708333333333 0.35185185185185186 0.00234375 0.012037037037037037
3 0.79609375 0.38981481481481484 0.005989583333333334 0.025
3 0.6205729166666667 0.3976851851851852 0.009114583333333334 0.032407407407407406
2 0.7645833333333333 0.35833333333333334 0.0033854166666666668 0.012037037037037037
2 0.5611979166666666 0.350462962962963 0.0033854166666666668 0.014351851851851852
2 0.74140625 0.3574074074074074 0.00390625 0.012962962962962963
0 0.7622395833333333 0.3773148148148148 0.005208333333333333 0.024074074074074074
2 0.78828125 0.3587962962962963 0.0033854166666666668 0.015277777777777777
2 0.496875 0.350462962962963 0.0033854166666666668 0.014351851851851852