0 0.30963541666666666 0.5712962962962963 0.04010416666666667 0.1425925925925926
0 0.55390625 0.47314814814814815 0.018229166666666668 0.075
0 0.6770833333333334 0.4449074074074074 0.012760416666666666 0.05092592592592592
0 0.6966145833333334 0.42453703703703705 0.009114583333333334 0.033796296296296297
3 0.8799479166666667 0.4740740740740741 0.012760416666666666 0.05416666666666667
3 0.8638020833333333 0.5208333333333334 0.021614583333333333 0.07592592592592592
3 0.8385416666666666 0.6305555555555555 0.036458333333333336 0.13055555555555556
3 0.85546875 0.4398148148148148 0.009635416666666667 0.03796296296296296
3 0.8291666666666667 0.4222222222222222 0.008072916666666667 0.03148148148148148
0 0.6997395833333333 0.40694444444444444 0.005208333333333333 0.029166666666666667
3 0.8033854166666666 0.40879629629629627 0.006510416666666667 0.025925925925925925
3 0.79921875 0.399537037037037 0.00546875 0.022685185185185187
3 0.85390625 0.4023148148148148 0.005989583333333334 0.02175925925925926
3 0.9260416666666667 0.412962962962963 0.005989583333333334 0.02175925925925926
0 0.6934895833333333 0.3972222222222222 0.00546875 0.027314814814814816
0 0.6940104166666666 0.38842592592592595 0.00625 0.022685185185185187
0 0.7346354166666667 0.3875 0.00546875 0.020833333333333332
0 0.7838541666666666 0.3902777777777778 0.005208333333333333 0.019444444444444445
0 0.8356770833333333 0.3939814814814815 0.004166666666666667 0.020833333333333332
0 0.89375 0.40046296296296297 0.004166666666666667 0.018518518518518517
2 0.9442708333333333 0.39305555555555555 0.0049479166666666664 0.014351851851851852
2 0.771875 0.3731481481481482 0.004166666666666667 0.018518518518518517
2 0.7486979166666666 0.37175925925925923 0.002864583333333333 0.008796296296296297
2 0.7294270833333333 0.37083333333333335 0.002864583333333333 0.008796296296296297
2 0.7072916666666667 0.3680555555555556 0.003125 0.012037037037037037
2 0.68046875 0.36574074074074076 0.00234375 0.012037037037037037
2 0.6854166666666667 0.36157407407407405 0.00234375 0.007407407407407408
2 0.6166666666666667 0.35648148148148145 0.0020833333333333333 0.006481481481481481
2 0.6455729166666667 0.3574074074074074 0.0020833333333333333 0.008796296296296297