0 0.4434895833333333 0.2587962962962963 0.00703125 0.030555555555555555
0 0.4625 0.36435185185185187 0.0171875 0.07592592592592592
0 0.52421875 0.23796296296296296 0.005989583333333334 0.025925925925925925
0 0.8302083333333333 0.19953703703703704 0.008072916666666667 0.027314814814814816
0 0.38359375 0.31805555555555554 0.01171875 0.05092592592592592
3 0.55 0.26435185185185184 0.009375 0.03935185185185185
0 0.4421875 0.5472222222222223 0.040364583333333336 0.15555555555555556
3 0.5661458333333333 0.25 0.008333333333333333 0.034722222222222224
3 0.5744791666666667 0.2740740740740741 0.010416666666666666 0.04351851851851852
0 0.4828125 0.4148148148148148 0.021614583333333333 0.10092592592592593
3 0.659375 0.22824074074074074 0.007291666666666667 0.030555555555555555
0 0.721875 0.20925925925925926 0.005989583333333334 0.025
0 0.3854166666666667 0.2847222222222222 0.008333333333333333 0.037037037037037035
3 0.86875 0.3439814814814815 0.022395833333333334 0.08796296296296297
3 0.7177083333333333 0.2967592592592593 0.014583333333333334 0.060648148148148145
3 0.61015625 0.2375 0.007291666666666667 0.03148148148148148
0 0.6197916666666666 0.22175925925925927 0.00625 0.024074074074074074
3 0.9377604166666667 0.20694444444444443 0.010677083333333334 0.03564814814814815
3 0.8317708333333333 0.21296296296296297 0.00859375 0.030555555555555555
3 0.7338541666666667 0.22083333333333333 0.008333333333333333 0.030555555555555555
0 0.2546875 0.7842592592592592 0.0296875 0.12731481481481483