2 0.2833333333333333 0.29305555555555557 0.014322916666666666 0.05555555555555555
2 0.42552083333333335 0.3972222222222222 0.02578125 0.09027777777777778
2 0.2203125 0.24583333333333332 0.01015625 0.03935185185185185
2 0.146875 0.19074074074074074 0.00546875 0.022685185185185187
2 0.16223958333333333 0.20185185185185187 0.00703125 0.027314814814814816
2 0.18541666666666667 0.21944444444444444 0.008072916666666667 0.030555555555555555
2 0.13515625 0.18101851851851852 0.0049479166666666664 0.018518518518518517
2 0.1265625 0.175 0.004427083333333333 0.017592592592592594
2 0.11953125 0.16898148148148148 0.00390625 0.016203703703703703
2 0.1046875 0.1587962962962963 0.002864583333333333 0.010648148148148148
2 0.91953125 0.7527777777777778 0.06276041666666667 0.19027777777777777
2 0.10885416666666667 0.16157407407407406 0.003125 0.012037037037037037
2 0.11380208333333333 0.1648148148148148 0.00390625 0.014351851851851852