0 0.06770833333333333 0.2175925925925926 0.005989583333333334 0.024074074074074074
3 0.31979166666666664 0.23935185185185184 0.005208333333333333 0.02175925925925926
3 0.8049479166666667 0.2884259259259259 0.0033854166666666668 0.014351851851851852
0 0.93515625 0.300462962962963 0.002864583333333333 0.012037037037037037
3 0.26614583333333336 0.5222222222222223 0.04140625 0.14675925925925926
3 0.3455729166666667 0.2375 0.005208333333333333 0.020833333333333332
3 0.7044270833333334 0.2740740740740741 0.002864583333333333 0.015277777777777777
0 0.2875 0.22592592592592592 0.004166666666666667 0.017592592592592594
0 0.17135416666666667 0.22546296296296298 0.005989583333333334 0.022685185185185187
0 0.6567708333333333 0.26157407407407407 0.002864583333333333 0.012037037037037037
0 0.7864583333333334 0.28194444444444444 0.003125 0.014351851851851852
0 0.215625 0.22777777777777777 0.00546875 0.022685185185185187
3 0.6614583333333334 0.2657407407407407 0.003125 0.014351851851851852
3 0.36041666666666666 0.2222222222222222 0.0033854166666666668 0.014351851851851852
0 0.7390625 0.27546296296296297 0.00390625 0.014351851851851852
3 0.27578125 0.23935185185185184 0.00546875 0.024074074074074074
0 0.8143229166666667 0.2833333333333333 0.002864583333333333 0.012037037037037037
3 0.7591145833333334 0.28194444444444444 0.003125 0.014351851851851852
3 0.5447916666666667 0.2449074074074074 0.00234375 0.012037037037037037
3 0.6268229166666667 0.25925925925925924 0.002864583333333333 0.014351851851851852
3 0.13880208333333333 0.2337962962962963 0.007552083333333333 0.02824074074074074
0 0.5395833333333333 0.24074074074074073 0.00234375 0.012037037037037037
3 0.50859375 0.23842592592592593 0.00234375 0.012037037037037037
0 0.24713541666666666 0.22685185185185186 0.004427083333333333 0.020833333333333332
0 0.26953125 0.2273148148148148 0.004166666666666667 0.019444444444444445
0 0.13255208333333332 0.2222222222222222 0.005989583333333334 0.022685185185185187
0 0.68046875 0.2657407407407407 0.002864583333333333 0.012037037037037037
3 0.47708333333333336 0.23333333333333334 0.00234375 0.012037037037037037
3 0.37265625 0.23333333333333334 0.003125 0.016203703703703703
3 0.8614583333333333 0.29444444444444445 0.002864583333333333 0.012962962962962963
0 0.3138020833333333 0.21481481481481482 0.002864583333333333 0.012037037037037037
3 0.8833333333333333 0.29444444444444445 0.002864583333333333 0.012962962962962963
3 0.9091145833333333 0.29768518518518516 0.002864583333333333 0.012962962962962963
0 0.503125 0.2351851851851852 0.0020833333333333333 0.009722222222222222
0 0.29765625 0.22453703703703703 0.002864583333333333 0.016203703703703703
0 0.30234375 0.2222222222222222 0.0033854166666666668 0.016203703703703703
3 0.9411458333333333 0.30324074074074076 0.0033854166666666668 0.012962962962962963
3 0.8721354166666667 0.2935185185185185 0.002864583333333333 0.012962962962962963
3 0.4236979166666667 0.22592592592592592 0.002864583333333333 0.010648148148148148
3 0.21510416666666668 0.23935185185185184 0.00703125 0.025925925925925925
3 0.45286458333333335 0.22916666666666666 0.0020833333333333333 0.010648148148148148
3 0.36328125 0.2351851851851852 0.0033854166666666668 0.018518518518518517
3 0.39739583333333334 0.22314814814814815 0.00234375 0.012037037037037037
0 0.8002604166666667 0.2824074074074074 0.00234375 0.012962962962962963
1 0.58359375 0.2490740740740741 0.0033854166666666668 0.017592592592592594
0 0.709375 0.2708333333333333 0.002864583333333333 0.012962962962962963
3 0.8395833333333333 0.2935185185185185 0.003125 0.012962962962962963
1 0.57578125 0.24675925925925926 0.003125 0.02175925925925926
0 0.8817708333333333 0.2916666666666667 0.0018229166666666667 0.012037037037037037
0 0.34036458333333336 0.21574074074074073 0.00234375 0.012037037037037037
0 0.7630208333333334 0.27870370370370373 0.003125 0.012037037037037037
3 0.37890625 0.22175925925925927 0.0020833333333333333 0.010648148148148148
0 0.41770833333333335 0.22314814814814815 0.0018229166666666667 0.009722222222222222
0 0.61484375 0.25 0.002864583333333333 0.019444444444444445
3 0.5799479166666667 0.25092592592592594 0.00234375 0.012962962962962963
0 0.5291666666666667 0.24768518518518517 0.0020833333333333333 0.010648148148148148
1 0.6078125 0.24953703703703703 0.002864583333333333 0.020833333333333332
3 0.7260416666666667 0.7819444444444444 0.027083333333333334 0.12916666666666668
0 0.4609375 0.22870370370370371 0.002864583333333333 0.009722222222222222
0 0.3768229166666667 0.21851851851851853 0.0018229166666666667 0.010648148148148148
3 0.37057291666666664 0.23055555555555557 0.00234375 0.015277777777777777
3 0.3692708333333333 0.22777777777777777 0.0018229166666666667 0.014351851851851852
3 0.36614583333333334 0.22685185185185186 0.00234375 0.014351851851851852
3 0.36796875 0.2212962962962963 0.0018229166666666667 0.012037037037037037
0 0.6109375 0.25324074074074077 0.00234375 0.010648148148148148
0 0.30234375 0.21574074074074073 0.003125 0.014351851851851852