0 0.25729166666666664 0.34120370370370373 0.016145833333333335 0.06527777777777778
0 0.8026041666666667 0.37175925925925923 0.008333333333333333 0.034722222222222224
0 0.38515625 0.3375 0.013541666666666667 0.05324074074074074
1 0.5643229166666667 0.3685185185185185 0.021875 0.09768518518518518
3 0.7393229166666667 0.3824074074074074 0.011458333333333333 0.04351851851851852
0 0.3015625 0.25833333333333336 0.00546875 0.025
0 0.6731770833333334 0.3490740740740741 0.007552083333333333 0.034722222222222224
0 0.44921875 0.32407407407407407 0.009114583333333334 0.0412037037037037
1 0.3619791666666667 0.32314814814814813 0.021875 0.09027777777777778
3 0.8572916666666667 0.4027777777777778 0.013802083333333333 0.044444444444444446
3 0.5041666666666667 0.2972222222222222 0.00546875 0.027314814814814816
3 0.4265625 0.275 0.0049479166666666664 0.024074074074074074
1 0.403125 0.3199074074074074 0.0203125 0.08148148148148149
0 0.125 0.23148148148148148 0.00625 0.025925925925925925
2 0.6658854166666667 0.3106481481481482 0.00390625 0.019444444444444445
0 0.21796875 0.24305555555555555 0.00546875 0.025
3 0.48125 0.4449074074074074 0.020572916666666666 0.09444444444444444
2 0.7372395833333333 0.32685185185185184 0.004427083333333333 0.020833333333333332
0 0.36822916666666666 0.2726851851851852 0.004427083333333333 0.025925925925925925
2 0.6908854166666667 0.3425925925925926 0.006510416666666667 0.032407407407407406
3 0.5609375 0.32083333333333336 0.00625 0.032407407407407406
3 0.3377604166666667 0.25601851851851853 0.0049479166666666664 0.022685185185185187
3 0.5502604166666667 0.39166666666666666 0.014322916666666666 0.06620370370370371
2 0.7190104166666667 0.3333333333333333 0.00546875 0.025
3 0.6388020833333333 0.3787037037037037 0.01328125 0.05324074074074074
2 0.5890625 0.31805555555555554 0.00625 0.029166666666666667
2 0.63515625 0.3143518518518518 0.0049479166666666664 0.024074074074074074
3 0.23203125 0.2375 0.004427083333333333 0.022685185185185187
3 0.49453125 0.624537037037037 0.04348958333333333 0.1726851851851852
0 0.42109375 0.2898148148148148 0.006510416666666667 0.029166666666666667
0 0.45390625 0.30694444444444446 0.005208333333333333 0.03564814814814815
3 0.11354166666666667 0.22175925925925927 0.0049479166666666664 0.024074074074074074
2 0.6888020833333334 0.3074074074074074 0.0033854166666666668 0.017592592592592594
1 0.5354166666666667 0.3800925925925926 0.023958333333333335 0.11203703703703703
2 0.709375 0.31296296296296294 0.0033854166666666668 0.017592592592592594
2 0.7307291666666667 0.3175925925925926 0.004166666666666667 0.017592592592592594
2 0.7497395833333333 0.32175925925925924 0.00390625 0.017592592592592594