3 0.5729166666666666 0.3875 0.01640625 0.06435185185185185
0 0.26666666666666666 0.36018518518518516 0.023697916666666666 0.075
0 0.12942708333333333 0.24583333333333332 0.009114583333333334 0.034722222222222224
1 0.5125 0.39444444444444443 0.020833333333333332 0.12407407407407407
0 0.8463541666666666 0.38425925925925924 0.00859375 0.03796296296296296
0 0.7018229166666666 0.35694444444444445 0.009114583333333334 0.03564814814814815
0 0.21536458333333333 0.262037037037037 0.00859375 0.034722222222222224
0 0.09010416666666667 0.3902777777777778 0.0328125 0.10231481481481482
0 0.32890625 0.3037037037037037 0.01015625 0.04259259259259259
0 0.33619791666666665 0.32916666666666666 0.014322916666666666 0.05648148148148148
3 0.7713541666666667 0.3907407407407407 0.0125 0.044444444444444446
3 0.896875 0.412962962962963 0.014583333333333334 0.04583333333333333
0 0.5776041666666667 0.34074074074074073 0.007552083333333333 0.04027777777777778
3 0.665625 0.38101851851851853 0.014583333333333334 0.05324074074074074
2 0.5127604166666667 0.2967592592592593 0.00546875 0.025925925925925925
3 0.47161458333333334 0.549537037037037 0.033854166666666664 0.1425925925925926
1 0.28854166666666664 0.3333333333333333 0.027083333333333334 0.10740740740740741
2 0.475 0.30648148148148147 0.008072916666666667 0.032407407407407406
3 0.37734375 0.2847222222222222 0.00703125 0.034722222222222224
1 0.23958333333333334 0.3449074074074074 0.03125 0.125
3 0.45078125 0.3143518518518518 0.00859375 0.03935185185185185
3 0.17369791666666667 0.23842592592592593 0.006510416666666667 0.029166666666666667
2 0.5369791666666667 0.2902777777777778 0.00546875 0.019444444444444445
1 0.4903645833333333 0.41759259259259257 0.027604166666666666 0.14351851851851852
0 0.284375 0.28379629629629627 0.00859375 0.030555555555555555
3 0.28072916666666664 0.26157407407407407 0.00625 0.027314814814814816
2 0.55390625 0.2851851851851852 0.0049479166666666664 0.020833333333333332
2 0.5859375 0.3314814814814815 0.008072916666666667 0.032407407407407406
2 0.6098958333333333 0.3050925925925926 0.004427083333333333 0.025
2 0.5963541666666666 0.29444444444444445 0.004427083333333333 0.019444444444444445
2 0.5747395833333333 0.2902777777777778 0.00390625 0.019444444444444445
2 0.6010416666666667 0.3143518518518518 0.0049479166666666664 0.025925925925925925
3 0.5015625 0.425 0.012760416666666666 0.08935185185185185
2 0.61484375 0.2967592592592593 0.00390625 0.019444444444444445