0 0.2911458333333333 0.49444444444444446 0.020833333333333332 0.08472222222222223
3 0.8606770833333334 0.6976851851851852 0.04973958333333333 0.1824074074074074
3 0.5395833333333333 0.4537037037037037 0.017708333333333333 0.062037037037037036
0 0.2638020833333333 0.7481481481481481 0.05260416666666667 0.19907407407407407
0 0.3809895833333333 0.3990740740740741 0.01015625 0.0412037037037037
0 0.30130208333333336 0.4217592592592593 0.013802083333333333 0.05416666666666667
3 0.5614583333333333 0.4199074074074074 0.014322916666666666 0.049074074074074076
3 0.7291666666666666 0.4125 0.010416666666666666 0.04259259259259259
0 0.55234375 0.3662037037037037 0.00625 0.02824074074074074
3 0.6018229166666667 0.40046296296296297 0.009375 0.03796296296296296
3 0.678125 0.387037037037037 0.00859375 0.032407407407407406
3 0.7671875 0.4393518518518518 0.01484375 0.05416666666666667
0 0.48203125 0.3773148148148148 0.008072916666666667 0.032407407407407406
3 0.7997395833333333 0.4 0.009114583333333334 0.034722222222222224
3 0.8338541666666667 0.37824074074074077 0.00703125 0.025925925925925925
0 0.85625 0.35 0.00546875 0.017592592592592594
3 0.7625 0.3819444444444444 0.00703125 0.029166666666666667
3 0.8973958333333333 0.3675925925925926 0.00546875 0.02175925925925926
3 0.8783854166666667 0.3731481481481482 0.00546875 0.025
0 0.7794270833333333 0.36064814814814816 0.005989583333333334 0.02175925925925926
0 0.64765625 0.36527777777777776 0.00625 0.024074074074074074
3 0.8763020833333334 0.399537037037037 0.007291666666666667 0.03148148148148148
0 0.81484375 0.35648148148148145 0.004166666666666667 0.017592592592592594
3 0.9455729166666667 0.39675925925925926 0.007552083333333333 0.034722222222222224
0 0.9424479166666667 0.42777777777777776 0.010677083333333334 0.04259259259259259
3 0.9138020833333333 0.36435185185185187 0.00390625 0.017592592592592594
0 0.90390625 0.3527777777777778 0.0033854166666666668 0.014351851851851852
3 0.9377604166666667 0.36157407407407405 0.00390625 0.016203703703703703
0 0.7317708333333334 0.36435185185185187 0.00546875 0.024074074074074074
3 0.6536458333333334 0.5319444444444444 0.030208333333333334 0.09675925925925925
3 0.8890625 0.4898148148148148 0.024739583333333332 0.07268518518518519
0 0.83046875 0.3541666666666667 0.0049479166666666664 0.019444444444444445