0 0.20677083333333332 0.35324074074074074 0.010677083333333334 0.04583333333333333
3 0.5653645833333333 0.3023148148148148 0.012239583333333333 0.05
0 0.32421875 0.3425925925925926 0.0125 0.05
0 0.6075520833333333 0.48703703703703705 0.028645833333333332 0.13055555555555556
0 0.43359375 0.35 0.014583333333333334 0.0587962962962963
0 0.05520833333333333 0.38055555555555554 0.010677083333333334 0.04583333333333333
3 0.41458333333333336 0.3055555555555556 0.01015625 0.0412037037037037
3 0.2703125 0.3194444444444444 0.009114583333333334 0.037037037037037035
2 0.9234375 0.27546296296296297 0.015364583333333333 0.05740740740740741
3 0.09713541666666667 0.35185185185185186 0.009635416666666667 0.03564814814814815
2 0.8705729166666667 0.23842592592592593 0.01015625 0.03796296296296296
0 0.5302083333333333 0.3837962962962963 0.017708333333333333 0.08055555555555556
2 0.72578125 0.29074074074074074 0.012239583333333333 0.05092592592592592
2 0.8 0.21157407407407408 0.005208333333333333 0.025
3 0.7190104166666667 0.32083333333333336 0.014583333333333334 0.06527777777777778
2 0.7434895833333334 0.21805555555555556 0.005208333333333333 0.025
2 0.82578125 0.20925925925925926 0.0049479166666666664 0.025
2 0.7359375 0.2523148148148148 0.00859375 0.037037037037037035
2 0.8434895833333333 0.21944444444444444 0.006510416666666667 0.030555555555555555
2 0.7708333333333334 0.2152777777777778 0.0049479166666666664 0.02175925925925926
1 0.5921875 0.6759259259259259 0.048177083333333336 0.33935185185185185
2 0.73984375 0.2310185185185185 0.00625 0.029166666666666667
0 0.55859375 0.8217592592592593 0.01875 0.052314814814814814