0 0.6598958333333333 0.30972222222222223 0.00703125 0.02824074074074074
0 0.54453125 0.29305555555555557 0.00625 0.027314814814814816
3 0.7606770833333333 0.3333333333333333 0.01015625 0.03796296296296296
3 0.14322916666666666 0.26157407407407407 0.008333333333333333 0.029166666666666667
0 0.12421875 0.2462962962962963 0.006510416666666667 0.025
3 0.64453125 0.3175925925925926 0.008333333333333333 0.037037037037037035
0 0.21927083333333333 0.25416666666666665 0.00703125 0.024074074074074074
3 0.4200520833333333 0.2865740740740741 0.008072916666666667 0.03148148148148148
0 0.7942708333333334 0.33101851851851855 0.007552083333333333 0.03148148148148148
3 0.2734375 0.5083333333333333 0.03723958333333333 0.12268518518518519
0 0.42473958333333334 0.274537037037037 0.005208333333333333 0.025
3 0.32109375 0.274537037037037 0.007552083333333333 0.029166666666666667
3 0.5197916666666667 0.3 0.009114583333333334 0.034722222222222224
0 0.32473958333333336 0.26296296296296295 0.004427083333333333 0.024074074074074074
3 0.23151041666666666 0.2675925925925926 0.008333333333333333 0.030555555555555555