3 0.8984375 0.35324074074074074 0.008072916666666667 0.02824074074074074
3 0.9317708333333333 0.3685185185185185 0.009114583333333334 0.032407407407407406
3 0.16510416666666666 0.27175925925925926 0.009635416666666667 0.03935185185185185
3 0.23177083333333334 0.3175925925925926 0.01328125 0.05416666666666667
3 0.396875 0.5569444444444445 0.041666666666666664 0.15324074074074073
3 0.8869791666666667 0.3449074074074074 0.007291666666666667 0.025
3 0.8947916666666667 0.3365740740740741 0.005208333333333333 0.020833333333333332
3 0.21458333333333332 0.2916666666666667 0.010677083333333334 0.044444444444444446
3 0.9263020833333333 0.33935185185185185 0.00546875 0.019444444444444445
3 0.08697916666666666 0.25277777777777777 0.009375 0.03564814814814815
1 0.27395833333333336 0.3597222222222222 0.019791666666666666 0.12824074074074074
3 0.25364583333333335 0.22592592592592592 0.004427083333333333 0.015277777777777777
1 0.29270833333333335 0.37777777777777777 0.03177083333333333 0.1425925925925926
3 0.2296875 0.22546296296296298 0.004166666666666667 0.016203703703703703
3 0.278125 0.39305555555555555 0.013802083333333333 0.0837962962962963
3 0.0734375 0.21481481481481482 0.00703125 0.020833333333333332
3 0.8880208333333334 0.3384259259259259 0.00234375 0.020833333333333332
3 0.75625 0.29444444444444445 0.002864583333333333 0.012962962962962963
3 0.13932291666666666 0.22083333333333333 0.006510416666666667 0.019444444444444445
0 0.14453125 0.2152777777777778 0.00546875 0.017592592592592594
0 0.061197916666666664 0.20833333333333334 0.005989583333333334 0.018518518518518517
0 0.1078125 0.21203703703703702 0.005208333333333333 0.017592592592592594
0 0.165625 0.2162037037037037 0.00390625 0.015277777777777777
3 0.19036458333333334 0.22314814814814815 0.00546875 0.018518518518518517
0 0.19296875 0.2175925925925926 0.0033854166666666668 0.015277777777777777
0 0.20625 0.2175925925925926 0.00390625 0.015277777777777777
0 0.2140625 0.21666666666666667 0.003125 0.014351851851851852
3 0.26588541666666665 0.22546296296296298 0.00390625 0.014351851851851852
3 0.26927083333333335 0.2222222222222222 0.0033854166666666668 0.014351851851851852
3 0.27239583333333334 0.22453703703703703 0.004166666666666667 0.014351851851851852
3 0.2794270833333333 0.22175925925925927 0.003125 0.012962962962962963
3 0.29713541666666665 0.22268518518518518 0.0033854166666666668 0.012962962962962963
0 0.3065104166666667 0.22314814814814815 0.003125 0.012037037037037037
3 0.3450520833333333 0.2300925925925926 0.002864583333333333 0.014351851851851852
0 0.3372395833333333 0.22685185185185186 0.003125 0.012037037037037037
3 0.3729166666666667 0.2324074074074074 0.0033854166666666668 0.012962962962962963
0 0.3893229166666667 0.23194444444444445 0.0033854166666666668 0.012037037037037037
3 0.40729166666666666 0.23657407407407408 0.002864583333333333 0.014351851851851852
3 0.6372395833333333 0.2726851851851852 0.00234375 0.012962962962962963
0 0.63984375 0.26805555555555555 0.003125 0.012037037037037037
3 0.6713541666666667 0.28055555555555556 0.00390625 0.012962962962962963
0 0.6901041666666666 0.28055555555555556 0.002864583333333333 0.012962962962962963
3 0.71171875 0.28703703703703703 0.004166666666666667 0.015277777777777777
0 0.7143229166666667 0.2847222222222222 0.00234375 0.012962962962962963
0 0.7393229166666667 0.28935185185185186 0.003125 0.012962962962962963
0 0.78828125 0.2967592592592593 0.002864583333333333 0.010648148148148148
3 0.81015625 0.30277777777777776 0.004166666666666667 0.014351851851851852
3 0.8466145833333333 0.30925925925925923 0.00390625 0.014351851851851852
0 0.8421875 0.3060185185185185 0.003125 0.012037037037037037
3 0.88515625 0.3175925925925926 0.00390625 0.015277777777777777
0 0.9 0.3162037037037037 0.00390625 0.012962962962962963
3 0.9270833333333334 0.325 0.00390625 0.015277777777777777
0 0.22135416666666666 0.21481481481481482 0.003125 0.012037037037037037
0 0.24713541666666666 0.2162037037037037 0.0033854166666666668 0.010648148148148148
0 0.2765625 0.21851851851851853 0.00234375 0.010648148148148148
0 0.35520833333333335 0.22824074074074074 0.00234375 0.010648148148148148
0 0.37526041666666665 0.23055555555555557 0.002864583333333333 0.010648148148148148
0 0.3971354166666667 0.23148148148148148 0.00234375 0.010648148148148148
0 0.4119791666666667 0.2324074074074074 0.0018229166666666667 0.008796296296296297
0 0.6552083333333333 0.27314814814814814 0.00234375 0.012037037037037037
0 0.6484375 0.2722222222222222 0.0018229166666666667 0.012037037037037037
0 0.6458333333333334 0.26990740740740743 0.00234375 0.012037037037037037
0 0.6236979166666666 0.26342592592592595 0.0020833333333333333 0.009722222222222222
0 0.5703125 0.25416666666666665 0.0020833333333333333 0.008796296296296297
0 0.53671875 0.24814814814814815 0.0018229166666666667 0.007407407407407408
0 0.5026041666666666 0.24351851851851852 0.0018229166666666667 0.008796296296296297
0 0.46927083333333336 0.23935185185185184 0.0020833333333333333 0.008796296296296297
0 0.4401041666666667 0.23564814814814813 0.0020833333333333333 0.008796296296296297
3 0.42578125 0.23703703703703705 0.0020833333333333333 0.010648148148148148
3 0.43645833333333334 0.23703703703703705 0.0018229166666666667 0.010648148148148148
3 0.44609375 0.23796296296296296 0.0018229166666666667 0.010648148148148148
3 0.4640625 0.24027777777777778 0.0020833333333333333 0.010648148148148148
3 0.48463541666666665 0.24259259259259258 0.0018229166666666667 0.010648148148148148
3 0.5075520833333333 0.2449074074074074 0.0020833333333333333 0.009722222222222222
3 0.5299479166666666 0.24814814814814815 0.0020833333333333333 0.009722222222222222
3 0.5526041666666667 0.2523148148148148 0.0020833333333333333 0.010648148148148148
3 0.5755208333333334 0.2564814814814815 0.0020833333333333333 0.010648148148148148
3 0.5877604166666667 0.2587962962962963 0.0020833333333333333 0.010648148148148148
3 0.5973958333333333 0.26064814814814813 0.0018229166666666667 0.010648148148148148
3 0.6010416666666667 0.26435185185185184 0.0018229166666666667 0.010648148148148148
3 0.6 0.26296296296296295 0.0020833333333333333 0.010648148148148148
3 0.6083333333333333 0.2675925925925926 0.0020833333333333333 0.010648148148148148
0 0.6002604166666666 0.25972222222222224 0.0020833333333333333 0.010648148148148148
0 0.6713541666666667 0.2773148148148148 0.003125 0.012962962962962963