0 0.3489583333333333 0.45555555555555555 0.015625 0.06759259259259259
3 0.5057291666666667 0.4050925925925926 0.010677083333333334 0.04675925925925926
0 0.22760416666666666 0.399537037037037 0.010677083333333334 0.04027777777777778
3 0.5825520833333333 0.425462962962963 0.01328125 0.05740740740740741
0 0.3111979166666667 0.41805555555555557 0.011458333333333333 0.05092592592592592
0 0.12630208333333334 0.3912037037037037 0.009375 0.034722222222222224
3 0.9109375 0.7189814814814814 0.05182291666666667 0.20092592592592592
3 0.17161458333333332 0.37222222222222223 0.00625 0.027314814814814816
0 0.9356770833333333 0.3925925925925926 0.0125 0.04583333333333333
0 0.3455729166666667 0.5337962962962963 0.023958333333333335 0.10416666666666667
0 0.5880208333333333 0.35648148148148145 0.00625 0.025925925925925925
3 0.43255208333333334 0.39166666666666666 0.009375 0.04027777777777778
3 0.5502604166666667 0.37407407407407406 0.007552083333333333 0.032407407407407406
3 0.240625 0.34629629629629627 0.0033854166666666668 0.016203703703703703
3 0.23932291666666666 0.37592592592592594 0.007291666666666667 0.030555555555555555
3 0.11796875 0.36064814814814816 0.004427083333333333 0.02175925925925926
3 0.19505208333333332 0.3402777777777778 0.00234375 0.012962962962962963
3 0.3307291666666667 0.3814814814814815 0.008333333333333333 0.034722222222222224
3 0.38828125 0.34814814814814815 0.005208333333333333 0.020833333333333332
0 0.05807291666666667 0.35324074074074074 0.0033854166666666668 0.015277777777777777
3 0.28802083333333334 0.34629629629629627 0.0033854166666666668 0.016203703703703703
3 0.6638020833333333 0.39166666666666666 0.01015625 0.04259259259259259
0 0.7684895833333333 0.375 0.009114583333333334 0.037037037037037035
3 0.43072916666666666 0.3541666666666667 0.00546875 0.02175925925925926
0 0.6645833333333333 0.3648148148148148 0.008072916666666667 0.03148148148148148
0 0.48072916666666665 0.34444444444444444 0.0049479166666666664 0.019444444444444445
3 0.2234375 0.3337962962962963 0.00234375 0.012962962962962963
3 0.12317708333333334 0.3537037037037037 0.00390625 0.020833333333333332
0 0.26171875 0.3402777777777778 0.002864583333333333 0.012962962962962963
0 0.08567708333333333 0.3402777777777778 0.0020833333333333333 0.010648148148148148
0 0.34270833333333334 0.3398148148148148 0.002864583333333333 0.016203703703703703
3 0.12760416666666666 0.3490740740740741 0.003125 0.017592592592592594
3 0.24661458333333333 0.3314814814814815 0.0020833333333333333 0.010648148148148148
0 0.5265625 0.35 0.005208333333333333 0.02175925925925926
3 0.3458333333333333 0.34629629629629627 0.00390625 0.018518518518518517
3 0.1265625 0.36666666666666664 0.005208333333333333 0.022685185185185187
3 0.16744791666666667 0.3287037037037037 0.0020833333333333333 0.009722222222222222
0 0.06901041666666667 0.34814814814814815 0.003125 0.014351851851851852
0 0.25494791666666666 0.33564814814814814 0.00234375 0.012962962962962963
3 0.13984375 0.3347222222222222 0.0018229166666666667 0.015277777777777777
0 0.09375 0.33564814814814814 0.0020833333333333333 0.010648148148148148
3 0.4744791666666667 0.36203703703703705 0.00625 0.02824074074074074
3 0.23333333333333334 0.32685185185185184 0.0013020833333333333 0.007407407407407408
0 0.39348958333333334 0.33935185185185185 0.0033854166666666668 0.015277777777777777
3 0.1421875 0.33240740740740743 0.0018229166666666667 0.015277777777777777
0 0.07734375 0.3435185185185185 0.0020833333333333333 0.012962962962962963
3 0.14791666666666667 0.3314814814814815 0.0018229166666666667 0.010648148148148148
3 0.13776041666666666 0.337037037037037 0.0018229166666666667 0.015277777777777777
3 0.6692708333333334 0.48518518518518516 0.019270833333333334 0.08564814814814815
3 0.26328125 0.32916666666666666 0.0020833333333333333 0.010648148148148148
3 0.203125 0.3375 0.00234375 0.012037037037037037
0 0.30416666666666664 0.3282407407407407 0.0018229166666666667 0.008796296296296297
3 0.20651041666666667 0.3439814814814815 0.002864583333333333 0.014351851851851852
3 0.8346354166666666 0.41759259259259257 0.014583333333333334 0.05648148148148148
0 0.45416666666666666 0.32685185185185184 0.002864583333333333 0.012037037037037037
0 0.42526041666666664 0.32592592592592595 0.0013020833333333333 0.008796296296296297
0 0.4361979166666667 0.34120370370370373 0.004166666666666667 0.017592592592592594
0 0.31484375 0.324537037037037 0.0013020833333333333 0.009722222222222222
0 0.31692708333333336 0.32546296296296295 0.0013020833333333333 0.009722222222222222
0 0.2953125 0.324537037037037 0.0010416666666666667 0.007407407407407408
0 0.28880208333333335 0.3300925925925926 0.0018229166666666667 0.012037037037037037
0 0.28489583333333335 0.34120370370370373 0.00234375 0.015277777777777777
3 0.27578125 0.32731481481481484 0.0020833333333333333 0.010648148148148148
3 0.2734375 0.32546296296296295 0.0018229166666666667 0.009722222222222222
0 0.26927083333333335 0.325 0.0013020833333333333 0.008796296296296297
0 0.26979166666666665 0.3337962962962963 0.0020833333333333333 0.010648148148148148
3 0.2604166666666667 0.32592592592592595 0.0013020833333333333 0.008796296296296297
0 0.24192708333333332 0.324537037037037 0.0013020833333333333 0.007407407407407408
3 0.20026041666666666 0.32916666666666666 0.0018229166666666667 0.006481481481481481
0 0.20651041666666667 0.32546296296296295 0.0013020833333333333 0.007407407407407408
0 0.17604166666666668 0.3277777777777778 0.0018229166666666667 0.009722222222222222
3 0.13515625 0.3402777777777778 0.0020833333333333333 0.015277777777777777
3 0.13203125 0.3439814814814815 0.00234375 0.018518518518518517
0 0.08854166666666667 0.3375 0.0018229166666666667 0.012037037037037037
0 0.09947916666666666 0.3337962962962963 0.0020833333333333333 0.010648148148148148
0 0.11380208333333333 0.33194444444444443 0.0018229166666666667 0.009722222222222222
0 0.12473958333333333 0.3148148148148148 0.0010416666666666667 0.007407407407407408
2 0.12161458333333333 0.31805555555555554 0.0013020833333333333 0.007407407407407408
3 0.22109375 0.32407407407407407 0.002864583333333333 0.004166666666666667
3 0.22916666666666666 0.31666666666666665 0.0013020833333333333 0.007407407407407408
3 0.21458333333333332 0.31666666666666665 0.0010416666666666667 0.007407407407407408
3 0.19375 0.3199074074074074 0.0010416666666666667 0.007407407407407408
0 0.18880208333333334 0.30972222222222223 0.0013020833333333333 0.008796296296296297
3 0.20130208333333333 0.3175925925925926 0.0013020833333333333 0.006481481481481481
1 0.9091145833333333 0.324537037037037 0.0049479166666666664 0.033796296296296297
0 0.30442708333333335 0.3074074074074074 0.0010416666666666667 0.006481481481481481
0 0.12786458333333334 0.31296296296296294 0.0010416666666666667 0.006481481481481481
3 0.18020833333333333 0.3212962962962963 0.0010416666666666667 0.005555555555555556
3 0.18385416666666668 0.325 0.00078125 0.006481481481481481
0 0.21432291666666667 0.324537037037037 0.0010416666666666667 0.005555555555555556
0 0.22864583333333333 0.32407407407407407 0.0010416666666666667 0.004166666666666667
3 0.22317708333333333 0.3162037037037037 0.0013020833333333333 0.004166666666666667
3 0.2109375 0.31574074074074077 0.00078125 0.005555555555555556
0 0.23515625 0.3148148148148148 0.0010416666666666667 0.005555555555555556
3 0.23567708333333334 0.32083333333333336 0.0010416666666666667 0.004166666666666667
3 0.3065104166666667 0.3143518518518518 0.0010416666666666667 0.006481481481481481
2 0.3453125 0.31666666666666665 0.0010416666666666667 0.005555555555555556
2 0.34869791666666666 0.31805555555555554 0.0010416666666666667 0.005555555555555556
2 0.35104166666666664 0.3175925925925926 0.0013020833333333333 0.004166666666666667