0 0.5755208333333334 0.28055555555555556 0.00703125 0.025925925925925925
0 0.5125 0.2726851851851852 0.00625 0.02824074074074074
0 0.25104166666666666 0.24027777777777778 0.00625 0.02824074074074074
3 0.7716145833333333 0.30972222222222223 0.007552083333333333 0.02824074074074074
3 0.72109375 0.31157407407407406 0.00703125 0.03148148148148148
3 0.6427083333333333 0.3055555555555556 0.008072916666666667 0.034722222222222224
3 0.16276041666666666 0.4212962962962963 0.026822916666666665 0.10972222222222222
0 0.6869791666666667 0.28564814814814815 0.004166666666666667 0.024074074074074074
0 0.6536458333333334 0.2847222222222222 0.0049479166666666664 0.024074074074074074
3 0.31744791666666666 0.262037037037037 0.007552083333333333 0.032407407407407406
3 0.7986979166666667 0.3087962962962963 0.007552083333333333 0.025925925925925925
3 0.540625 0.2949074074074074 0.007552083333333333 0.033796296296296297
0 0.13046875 0.23148148148148148 0.00859375 0.02824074074074074
0 0.94375 0.30277777777777776 0.00234375 0.014351851851851852
0 0.72734375 0.2740740740740741 0.0033854166666666668 0.017592592592592594
3 0.7846354166666667 0.2912037037037037 0.00390625 0.019444444444444445
3 0.40598958333333335 0.5800925925925926 0.04583333333333333 0.1685185185185185
0 0.62578125 0.28379629629629627 0.00625 0.024074074074074074
3 0.44973958333333336 0.28425925925925927 0.009114583333333334 0.03564814814814815
0 0.46458333333333335 0.2675925925925926 0.006510416666666667 0.02824074074074074
0 0.35885416666666664 0.2518518518518518 0.00625 0.025
0 0.7072916666666667 0.2824074074074074 0.00390625 0.02175925925925926
3 0.234375 0.25324074074074077 0.009114583333333334 0.032407407407407406
3 0.8127604166666667 0.2902777777777778 0.00390625 0.019444444444444445
3 0.78828125 0.287962962962963 0.002864583333333333 0.017592592592592594
0 0.8598958333333333 0.29398148148148145 0.00390625 0.016203703703703703
0 0.7666666666666667 0.27824074074074073 0.004166666666666667 0.015277777777777777
0 0.7018229166666666 0.2851851851851852 0.004166666666666667 0.018518518518518517
3 0.8908854166666667 0.30416666666666664 0.00390625 0.017592592592592594
0 0.9177083333333333 0.3023148148148148 0.004166666666666667 0.015277777777777777
0 0.8875 0.2967592592592593 0.0049479166666666664 0.015277777777777777
3 0.13125 0.24768518518518517 0.008333333333333333 0.030555555555555555
3 0.8041666666666667 0.3050925925925926 0.005208333333333333 0.022685185185185187
3 0.93671875 0.3101851851851852 0.004427083333333333 0.016203703703703703
0 0.7 0.27824074074074073 0.00234375 0.017592592592592594
3 0.8026041666666667 0.29907407407407405 0.004166666666666667 0.02175925925925926
0 0.8114583333333333 0.28564814814814815 0.003125 0.019444444444444445
0 0.6986979166666667 0.2726851851851852 0.003125 0.017592592592592594