0 0.9072916666666667 0.3648148148148148 0.00859375 0.027314814814814816
0 0.07838541666666667 0.29074074074074074 0.015364583333333333 0.049074074074074076
0 0.16953125 0.26296296296296295 0.010416666666666666 0.034722222222222224
0 0.9421875 0.3824074074074074 0.010416666666666666 0.032407407407407406
0 0.28619791666666666 0.2462962962962963 0.00703125 0.025
3 0.9213541666666667 0.41898148148148145 0.0171875 0.04675925925925926
3 0.38645833333333335 0.2652777777777778 0.00703125 0.025925925925925925
3 0.3184895833333333 0.2759259259259259 0.007552083333333333 0.037037037037037035
3 0.31588541666666664 0.3074074074074074 0.01328125 0.05
3 0.79453125 0.33935185185185185 0.007552083333333333 0.025925925925925925
0 0.9192708333333334 0.3587962962962963 0.00625 0.024074074074074074
3 0.80078125 0.35694444444444445 0.009375 0.03148148148148148
3 0.4002604166666667 0.4476851851851852 0.02890625 0.1087962962962963
0 0.34791666666666665 0.24953703703703703 0.005208333333333333 0.020833333333333332
3 0.7216145833333333 0.2810185185185185 0.00390625 0.012037037037037037
0 0.4940104166666667 0.2652777777777778 0.004166666666666667 0.015277777777777777
3 0.4747395833333333 0.2689814814814815 0.005208333333333333 0.020833333333333332
3 0.42942708333333335 0.2662037037037037 0.00625 0.02175925925925926
3 0.84609375 0.33425925925925926 0.00546875 0.020833333333333332
3 0.6010416666666667 0.2773148148148148 0.004427083333333333 0.015277777777777777
3 0.7005208333333334 0.28194444444444444 0.004166666666666667 0.012037037037037037
3 0.915625 0.3439814814814815 0.005208333333333333 0.018518518518518517
3 0.5643229166666667 0.737037037037037 0.06171875 0.21944444444444444
3 0.7447916666666666 0.2814814814814815 0.0033854166666666668 0.010648148148148148
0 0.4044270833333333 0.2550925925925926 0.005208333333333333 0.018518518518518517
0 0.4552083333333333 0.2601851851851852 0.0049479166666666664 0.016203703703703703
0 0.5544270833333333 0.26851851851851855 0.004166666666666667 0.015277777777777777
0 0.22734375 0.2518518518518518 0.007552083333333333 0.029166666666666667
3 0.8065104166666667 0.33194444444444443 0.00625 0.022685185185185187
3 0.51015625 0.27175925925925926 0.0049479166666666664 0.019444444444444445
0 0.6388020833333333 0.2712962962962963 0.003125 0.012037037037037037
3 0.5427083333333333 0.2740740740740741 0.0049479166666666664 0.017592592592592594
3 0.34401041666666665 0.3472222222222222 0.017447916666666667 0.06620370370370371
0 0.6643229166666667 0.27175925925925926 0.0033854166666666668 0.012962962962962963
3 0.68046875 0.2833333333333333 0.004166666666666667 0.014351851851851852
3 0.35859375 0.2675925925925926 0.008333333333333333 0.030555555555555555
0 0.528125 0.26666666666666666 0.004427083333333333 0.016203703703703703
0 0.5791666666666667 0.26944444444444443 0.0033854166666666668 0.015277777777777777
1 0.6291666666666667 0.274537037037037 0.0049479166666666664 0.025
1 0.5736979166666667 0.26481481481481484 0.004166666666666667 0.022685185185185187
1 0.5846354166666666 0.2652777777777778 0.004166666666666667 0.024074074074074074
1 0.61875 0.274537037037037 0.0049479166666666664 0.025
0 0.6119791666666666 0.2708333333333333 0.003125 0.012962962962962963
0 0.7096354166666666 0.2722222222222222 0.0033854166666666668 0.012037037037037037
0 0.6828125 0.2712962962962963 0.002864583333333333 0.012037037037037037
3 0.6231770833333333 0.27824074074074073 0.003125 0.017592592592592594
3 0.5736979166666667 0.274537037037037 0.00390625 0.016203703703703703
0 0.7338541666666667 0.2740740740740741 0.003125 0.012962962962962963
0 0.7557291666666667 0.27546296296296297 0.003125 0.012037037037037037
0 0.7927083333333333 0.2759259259259259 0.003125 0.012962962962962963
3 0.7658854166666667 0.2833333333333333 0.003125 0.012037037037037037
3 0.7869791666666667 0.2833333333333333 0.003125 0.012037037037037037
0 0.7747395833333334 0.274537037037037 0.002864583333333333 0.012037037037037037
0 0.8065104166666667 0.2777777777777778 0.002864583333333333 0.012037037037037037
0 0.8359375 0.28379629629629627 0.0020833333333333333 0.010648148148148148
0 0.88046875 0.2912037037037037 0.003125 0.012962962962962963
3 0.8138020833333334 0.28425925925925927 0.002864583333333333 0.012037037037037037
3 0.853125 0.2898148148148148 0.003125 0.012037037037037037
3 0.903125 0.29953703703703705 0.0033854166666666668 0.012037037037037037
3 0.9486979166666667 0.3106481481481482 0.0033854166666666668 0.012962962962962963
0 0.9309895833333334 0.30277777777777776 0.0033854166666666668 0.012037037037037037