0 0.1671875 0.36944444444444446 0.0171875 0.06944444444444445
0 0.3065104166666667 0.3425925925925926 0.011458333333333333 0.052314814814814814
0 0.4041666666666667 0.3277777777777778 0.009375 0.04027777777777778
0 0.7354166666666667 0.33194444444444443 0.004166666666666667 0.025
0 0.5973958333333333 0.3277777777777778 0.005989583333333334 0.029166666666666667
0 0.7955729166666666 0.3351851851851852 0.00546875 0.022685185185185187
0 0.5083333333333333 0.32731481481481484 0.007552083333333333 0.034722222222222224
3 0.8111979166666666 0.3574074074074074 0.00703125 0.030555555555555555
3 0.6442708333333333 0.375 0.00859375 0.047685185185185185
3 0.4283854166666667 0.5634259259259259 0.034375 0.1425925925925926
3 0.5127604166666667 0.4083333333333333 0.015625 0.06851851851851852
3 0.7359375 0.36527777777777776 0.007291666666666667 0.037037037037037035
0 0.67265625 0.33101851851851855 0.005208333333333333 0.027314814814814816
3 0.86328125 0.35555555555555557 0.005989583333333334 0.025925925925925925
0 0.8671875 0.3435185185185185 0.003125 0.019444444444444445
3 0.9231770833333334 0.36018518518518516 0.00625 0.025
0 0.9419270833333333 0.35555555555555557 0.005208333333333333 0.02175925925925926
0 0.6645833333333333 0.2625 0.0018229166666666667 0.012037037037037037
0 0.6645833333333333 0.2490740740740741 0.0018229166666666667 0.008796296296296297
3 0.6572916666666667 0.25324074074074077 0.0020833333333333333 0.012962962962962963
3 0.6494791666666667 0.25046296296296294 0.0018229166666666667 0.009722222222222222
3 0.6309895833333333 0.25 0.0018229166666666667 0.010648148148148148
3 0.625 0.24953703703703703 0.0013020833333333333 0.009722222222222222
0 0.62734375 0.2550925925925926 0.00234375 0.014351851851851852
3 0.61171875 0.24814814814814815 0.0018229166666666667 0.009722222222222222
0 0.5981770833333333 0.24675925925925926 0.0020833333333333333 0.012962962962962963
0 0.5786458333333333 0.24351851851851852 0.0018229166666666667 0.010648148148148148
3 0.69375 0.26064814814814813 0.00234375 0.012962962962962963
0 0.7174479166666666 0.2712962962962963 0.00234375 0.014351851851851852
0 0.7236979166666667 0.2569444444444444 0.0018229166666666667 0.009722222222222222
3 0.7322916666666667 0.2675925925925926 0.00234375 0.012962962962962963
0 0.7661458333333333 0.27685185185185185 0.00234375 0.014351851851851852
0 0.84140625 0.28379629629629627 0.00234375 0.012962962962962963
3 0.8479166666666667 0.28194444444444444 0.00234375 0.012037037037037037
0 0.8018229166666667 0.2800925925925926 0.00234375 0.012037037037037037
0 0.88046875 0.2898148148148148 0.00234375 0.012037037037037037
3 0.8721354166666667 0.2824074074074074 0.0020833333333333333 0.010648148148148148
3 0.9020833333333333 0.2884259259259259 0.0020833333333333333 0.014351851851851852
3 0.09244791666666667 0.19814814814814816 0.00234375 0.014351851851851852
3 0.06588541666666667 0.18703703703703703 0.0020833333333333333 0.010648148148148148