0 0.7231770833333333 0.2273148148148148 0.00546875 0.024074074074074074
0 0.45729166666666665 0.2898148148148148 0.008333333333333333 0.03564814814814815
3 0.771875 0.29398148148148145 0.01484375 0.05324074074074074
0 0.459375 0.5231481481481481 0.03854166666666667 0.1425925925925926
0 0.6908854166666667 0.2324074074074074 0.006510416666666667 0.025925925925925925
0 0.5544270833333333 0.2537037037037037 0.006510416666666667 0.027314814814814816
0 0.5567708333333333 0.3587962962962963 0.0125 0.07175925925925926
0 0.5481770833333334 0.4083333333333333 0.02265625 0.09259259259259259
0 0.53515625 0.33101851851851855 0.014583333333333334 0.059722222222222225
0 0.48880208333333336 0.31296296296296294 0.011197916666666667 0.047685185185185185
3 0.8369791666666667 0.2 0.005208333333333333 0.019444444444444445
3 0.8549479166666667 0.31805555555555554 0.0234375 0.07083333333333333
3 0.6716145833333333 0.2791666666666667 0.014583333333333334 0.04583333333333333
3 0.8455729166666667 0.20277777777777778 0.005208333333333333 0.020833333333333332
3 0.8229166666666666 0.22407407407407406 0.008072916666666667 0.02824074074074074
3 0.6346354166666667 0.26342592592592595 0.00859375 0.03564814814814815
3 0.86171875 0.2125 0.00703125 0.025
3 0.8723958333333334 0.19074074074074074 0.005208333333333333 0.016203703703703703
3 0.7765625 0.2351851851851852 0.007552083333333333 0.03148148148148148
3 0.9091145833333333 0.18564814814814815 0.004166666666666667 0.017592592592592594
0 0.4921875 0.26666666666666666 0.007291666666666667 0.029166666666666667
3 0.6640625 0.2537037037037037 0.008072916666666667 0.033796296296296297
0 0.8119791666666667 0.19398148148148148 0.004166666666666667 0.016203703703703703
0 0.6247395833333333 0.24351851851851852 0.006510416666666667 0.025925925925925925
0 0.31328125 0.7125 0.06302083333333333 0.22268518518518518
0 0.77734375 0.2 0.004427083333333333 0.017592592592592594
0 0.7471354166666667 0.20694444444444443 0.0033854166666666668 0.018518518518518517
0 0.7486979166666666 0.22083333333333333 0.00546875 0.02175925925925926
0 0.7544270833333333 0.21157407407407408 0.004427083333333333 0.020833333333333332
0 0.7588541666666667 0.21481481481481482 0.005208333333333333 0.022685185185185187
3 0.8658854166666666 0.20694444444444443 0.0049479166666666664 0.022685185185185187
3 0.8486979166666667 0.19444444444444445 0.00390625 0.017592592592592594
0 0.8625 0.1875 0.002864583333333333 0.016203703703703703
0 0.9252604166666667 0.17916666666666667 0.0033854166666666668 0.017592592592592594