0 0.3015625 0.42314814814814816 0.009114583333333334 0.03564814814814815
0 0.22057291666666667 0.4476851851851852 0.011458333333333333 0.04351851851851852
3 0.39609375 0.4652777777777778 0.01640625 0.060648148148148145
0 0.10182291666666667 0.4305555555555556 0.008072916666666667 0.030555555555555555
0 0.13567708333333334 0.4810185185185185 0.01484375 0.059722222222222225
0 0.3927083333333333 0.40324074074074073 0.008333333333333333 0.02824074074074074
3 0.66875 0.38935185185185184 0.006510416666666667 0.02824074074074074
3 0.66015625 0.6648148148148149 0.022395833333333334 0.11851851851851852
3 0.4786458333333333 0.5393518518518519 0.02890625 0.09583333333333334
3 0.44192708333333336 0.41574074074074074 0.01015625 0.03564814814814815
0 0.1046875 0.5476851851851852 0.024739583333333332 0.09583333333333334
3 0.37786458333333334 0.4356481481481482 0.011458333333333333 0.04583333333333333
3 0.9197916666666667 0.412962962962963 0.01171875 0.0412037037037037
3 0.5471354166666667 0.3990740740740741 0.009375 0.032407407407407406
3 0.784375 0.3824074074074074 0.007291666666666667 0.025925925925925925
3 0.8713541666666667 0.39490740740740743 0.00859375 0.033796296296296297
0 0.85 0.37222222222222223 0.007552083333333333 0.025
0 0.7658854166666667 0.3731481481481482 0.005989583333333334 0.022685185185185187
0 0.6924479166666667 0.37407407407407406 0.00625 0.024074074074074074
0 0.6177083333333333 0.37824074074074077 0.00703125 0.024074074074074074
0 0.46796875 0.39305555555555555 0.00703125 0.027314814814814816
0 0.24296875 0.3972222222222222 0.0049479166666666664 0.018518518518518517
0 0.21588541666666666 0.4074074074074074 0.00546875 0.02175925925925926
0 0.17265625 0.4185185185185185 0.005989583333333334 0.025925925925925925
3 0.13463541666666667 0.41435185185185186 0.005208333333333333 0.02175925925925926