0 0.20572916666666666 0.36574074074074076 0.017708333333333333 0.062037037037037036
0 0.5752604166666667 0.36157407407407405 0.023697916666666666 0.0837962962962963
0 0.7921875 0.31342592592592594 0.017447916666666667 0.06851851851851852
0 0.17421875 0.3384259259259259 0.01171875 0.049074074074074076
0 0.64609375 0.23148148148148148 0.006510416666666667 0.02824074074074074
0 0.39453125 0.25601851851851853 0.00703125 0.027314814814814816
0 0.2598958333333333 0.287962962962963 0.009375 0.032407407407407406
3 0.5825520833333333 0.22453703703703703 0.00546875 0.022685185185185187
3 0.17708333333333334 0.29398148148148145 0.008072916666666667 0.03148148148148148
0 0.7229166666666667 0.23194444444444445 0.00703125 0.03148148148148148
0 0.47994791666666664 0.24351851851851852 0.005989583333333334 0.025925925925925925
0 0.3294270833333333 0.2689814814814815 0.007552083333333333 0.029166666666666667
3 0.8859375 0.22453703703703703 0.00859375 0.033796296296296297
0 0.20416666666666666 0.3106481481481482 0.010416666666666666 0.03935185185185185
0 0.7893229166666667 0.23935185185185184 0.009114583333333334 0.034722222222222224
3 0.07447916666666667 0.32731481481481484 0.010416666666666666 0.03935185185185185
2 0.90234375 0.20185185185185187 0.006510416666666667 0.025
3 0.11744791666666667 0.5305555555555556 0.044270833333333336 0.13472222222222222
0 0.5671875 0.23472222222222222 0.00625 0.025925925925925925
3 0.6841145833333333 0.21898148148148147 0.006510416666666667 0.025
2 0.8921875 0.2162037037037037 0.00703125 0.030555555555555555
0 0.3421875 0.38101851851851853 0.022395833333333334 0.07916666666666666
3 0.27760416666666665 0.26851851851851855 0.00625 0.025925925925925925
3 0.6796875 0.5148148148148148 0.041666666666666664 0.15555555555555556
2 0.90859375 0.19166666666666668 0.005208333333333333 0.020833333333333332
3 0.7869791666666667 0.21898148148148147 0.004166666666666667 0.029166666666666667
3 0.47265625 0.2351851851851852 0.005208333333333333 0.022685185185185187
3 0.36302083333333335 0.2518518518518518 0.005989583333333334 0.022685185185185187
2 0.9393229166666667 0.18333333333333332 0.0049479166666666664 0.018518518518518517
0 0.8510416666666667 0.2777777777777778 0.009375 0.05555555555555555
0 0.8364583333333333 0.25324074074074077 0.005989583333333334 0.04351851851851852
2 0.9135416666666667 0.18425925925925926 0.004166666666666667 0.018518518518518517
1 0.8518229166666667 0.2564814814814815 0.011458333333333333 0.08472222222222223
1 0.8411458333333334 0.26805555555555555 0.01953125 0.09259259259259259