3 0.46822916666666664 0.5805555555555556 0.04583333333333333 0.1675925925925926
3 0.26927083333333335 0.43425925925925923 0.026041666666666668 0.10555555555555556
3 0.11979166666666667 0.36666666666666664 0.02578125 0.08564814814814815
3 0.08984375 0.23842592592592593 0.009114583333333334 0.033796296296296297
3 0.13411458333333334 0.2310185185185185 0.006510416666666667 0.027314814814814816
3 0.13828125 0.22407407407407406 0.0049479166666666664 0.024074074074074074
3 0.11770833333333333 0.2162037037037037 0.00546875 0.02175925925925926
3 0.10833333333333334 0.21064814814814814 0.0049479166666666664 0.019444444444444445
3 0.12109375 0.20879629629629629 0.004166666666666667 0.019444444444444445
3 0.146875 0.2074074074074074 0.00390625 0.017592592592592594
3 0.18151041666666667 0.20879629629629629 0.003125 0.015277777777777777
3 0.21848958333333332 0.21064814814814814 0.003125 0.015277777777777777
3 0.25859375 0.21481481481481482 0.003125 0.014351851851851852
3 0.30911458333333336 0.2199074074074074 0.003125 0.014351851851851852
3 0.3390625 0.22407407407407406 0.003125 0.015277777777777777
3 0.37838541666666664 0.23055555555555557 0.00390625 0.015277777777777777
3 0.4153645833333333 0.23657407407407408 0.0033854166666666668 0.016203703703703703
3 0.44583333333333336 0.24259259259259258 0.00390625 0.017592592592592594
3 0.48385416666666664 0.24814814814814815 0.00390625 0.016203703703703703
3 0.55703125 0.2587962962962963 0.00390625 0.017592592592592594
3 0.6083333333333333 0.2652777777777778 0.00390625 0.017592592592592594
3 0.64453125 0.26851851851851855 0.004166666666666667 0.015277777777777777
3 0.6692708333333334 0.26944444444444443 0.00390625 0.015277777777777777
3 0.6875 0.2689814814814815 0.003125 0.014351851851851852
3 0.7052083333333333 0.2708333333333333 0.003125 0.012962962962962963
3 0.7307291666666667 0.27314814814814814 0.003125 0.012037037037037037
3 0.7627604166666667 0.27870370370370373 0.003125 0.012037037037037037
3 0.7981770833333334 0.28379629629629627 0.003125 0.012962962962962963
3 0.83515625 0.2902777777777778 0.003125 0.012962962962962963
3 0.8716145833333333 0.29768518518518516 0.003125 0.012962962962962963
3 0.9046875 0.3050925925925926 0.00390625 0.014351851851851852
3 0.92109375 0.30925925925925923 0.00390625 0.014351851851851852
3 0.94296875 0.31666666666666665 0.004166666666666667 0.016203703703703703
0 0.08072916666666667 0.2 0.00390625 0.017592592592592594
0 0.13697916666666668 0.2023148148148148 0.003125 0.015277777777777777
0 0.19609375 0.20601851851851852 0.003125 0.014351851851851852
0 0.25494791666666666 0.21064814814814814 0.003125 0.012962962962962963
0 0.31328125 0.2175925925925926 0.0033854166666666668 0.012962962962962963
0 0.3653645833333333 0.22407407407407406 0.003125 0.012962962962962963
0 0.9015625 0.3 0.002864583333333333 0.012962962962962963
0 0.4591145833333333 0.23842592592592593 0.00234375 0.014351851851851852