0 0.5203125 0.42453703703703705 0.01171875 0.049074074074074076
0 0.8604166666666667 0.40694444444444444 0.008333333333333333 0.03148148148148148
3 0.76328125 0.5217592592592593 0.024739583333333332 0.08472222222222223
3 0.7291666666666666 0.46620370370370373 0.016666666666666666 0.0587962962962963
0 0.3893229166666667 0.3773148148148148 0.008333333333333333 0.034722222222222224
3 0.7958333333333333 0.42083333333333334 0.009375 0.034722222222222224
0 0.48828125 0.462037037037037 0.016145833333333335 0.06527777777777778
3 0.37421875 0.3509259259259259 0.005208333333333333 0.02175925925925926
0 0.3059895833333333 0.36342592592592593 0.008333333333333333 0.03148148148148148
3 0.8611979166666667 0.4449074074074074 0.01171875 0.044444444444444446
0 0.5505208333333333 0.3675925925925926 0.0049479166666666664 0.02175925925925926
0 0.478125 0.38796296296296295 0.009114583333333334 0.034722222222222224
0 0.09296875 0.34675925925925927 0.008333333333333333 0.030555555555555555
3 0.8953125 0.663425925925926 0.05026041666666667 0.14907407407407408
3 0.10078125 0.3347222222222222 0.005208333333333333 0.019444444444444445
0 0.35572916666666665 0.34074074074074073 0.0049479166666666664 0.020833333333333332
3 0.21197916666666666 0.3351851851851852 0.004166666666666667 0.018518518518518517
0 0.7763020833333333 0.39444444444444443 0.007291666666666667 0.025925925925925925
0 0.42630208333333336 0.5592592592592592 0.028125 0.11435185185185186
0 0.55703125 0.4060185185185185 0.00859375 0.03796296296296296
3 0.56953125 0.3875 0.006510416666666667 0.03148148148148148
0 0.22239583333333332 0.3458333333333333 0.00625 0.025925925925925925
0 0.25755208333333335 0.3523148148148148 0.00703125 0.02824074074074074
3 0.5791666666666667 0.37777777777777777 0.00625 0.025
3 0.440625 0.3597222222222222 0.004427083333333333 0.024074074074074074
3 0.65 0.399537037037037 0.007291666666666667 0.03148148148148148
3 0.1515625 0.33935185185185185 0.00546875 0.024074074074074074
3 0.16145833333333334 0.33425925925925926 0.004427083333333333 0.020833333333333332
3 0.69765625 0.4185185185185185 0.009114583333333334 0.03935185185185185
0 0.13932291666666666 0.34305555555555556 0.007552083333333333 0.027314814814814816
3 0.0796875 0.33935185185185185 0.005989583333333334 0.024074074074074074
3 0.41354166666666664 0.36666666666666664 0.006510416666666667 0.027314814814814816
3 0.3421875 0.3541666666666667 0.00546875 0.024074074074074074
3 0.70625 0.4356481481481482 0.01171875 0.04583333333333333
3 0.3190104166666667 0.34305555555555556 0.004427083333333333 0.020833333333333332
3 0.48880208333333336 0.37592592592592594 0.006510416666666667 0.02824074074074074
3 0.70703125 0.3990740740740741 0.006510416666666667 0.030555555555555555
3 0.49973958333333335 0.3680555555555556 0.005208333333333333 0.022685185185185187
3 0.28854166666666664 0.34629629629629627 0.0049479166666666664 0.022685185185185187
3 0.28125 0.33935185185185185 0.004166666666666667 0.017592592592592594
3 0.63828125 0.38796296296296295 0.005989583333333334 0.025925925925925925
0 0.7028645833333333 0.38657407407407407 0.005208333333333333 0.025
0 0.6411458333333333 0.3773148148148148 0.00390625 0.02175925925925926
0 0.46979166666666666 0.35833333333333334 0.00546875 0.022685185185185187
0 0.4080729166666667 0.35 0.004166666666666667 0.019444444444444445
0 0.3221354166666667 0.337037037037037 0.00390625 0.017592592592592594
3 0.25755208333333335 0.3351851851851852 0.003125 0.016203703703703703
3 0.22526041666666666 0.3398148148148148 0.0033854166666666668 0.022685185185185187
0 0.15729166666666666 0.33194444444444443 0.004427083333333333 0.018518518518518517
0 0.22447916666666667 0.7800925925925926 0.03333333333333333 0.13564814814814816