3 0.634375 0.4726851851851852 0.022916666666666665 0.08055555555555556
3 0.7856770833333333 0.611574074074074 0.036458333333333336 0.15092592592592594
0 0.21927083333333333 0.6129629629629629 0.04140625 0.14351851851851852
0 0.5411458333333333 0.3907407407407407 0.01015625 0.04027777777777778
3 0.690625 0.41898148148148145 0.014322916666666666 0.05324074074074074
3 0.6598958333333333 0.3509259259259259 0.00546875 0.025925925925925925
3 0.6721354166666667 0.33101851851851855 0.004166666666666667 0.016203703703703703
0 0.5723958333333333 0.36064814814814816 0.00703125 0.02824074074074074
3 0.72734375 0.39351851851851855 0.009635416666666667 0.04351851851851852
0 0.4434895833333333 0.4152777777777778 0.012760416666666666 0.05
3 0.8453125 0.34074074074074073 0.00546875 0.022685185185185187
0 0.6 0.37175925925925923 0.008333333333333333 0.032407407407407406
3 0.8145833333333333 0.3337962962962963 0.004427083333333333 0.019444444444444445
3 0.68203125 0.3282407407407407 0.0033854166666666668 0.015277777777777777
3 0.7416666666666667 0.37222222222222223 0.008333333333333333 0.033796296296296297
3 0.69765625 0.3597222222222222 0.007552083333333333 0.02824074074074074
3 0.6388020833333333 0.3416666666666667 0.005208333333333333 0.020833333333333332
0 0.33177083333333335 0.462037037037037 0.016145833333333335 0.07175925925925926
0 0.5518229166666667 0.35 0.005989583333333334 0.024074074074074074
3 0.9294270833333333 0.36064814814814816 0.00859375 0.030555555555555555
3 0.8807291666666667 0.3490740740740741 0.006510416666666667 0.025925925925925925
0 0.5458333333333333 0.3416666666666667 0.0049479166666666664 0.020833333333333332
0 0.5671875 0.337037037037037 0.004166666666666667 0.017592592592592594
0 0.86015625 0.32592592592592595 0.00390625 0.017592592592592594
0 0.8359375 0.32222222222222224 0.004166666666666667 0.018518518518518517
0 0.8190104166666666 0.31851851851851853 0.004427083333333333 0.019444444444444445
3 0.7927083333333333 0.3282407407407407 0.004427083333333333 0.017592592592592594
3 0.7778645833333333 0.325 0.0033854166666666668 0.015277777777777777
3 0.7661458333333333 0.32175925925925924 0.00390625 0.015277777777777777
3 0.75546875 0.3194444444444444 0.003125 0.012962962962962963
0 0.5986979166666667 0.3314814814814815 0.00390625 0.017592592592592594
0 0.60625 0.325 0.004166666666666667 0.015277777777777777
0 0.6200520833333333 0.3277777777777778 0.00390625 0.016203703703703703
0 0.59140625 0.3194444444444444 0.00234375 0.010648148148148148
0 0.5859375 0.32314814814814813 0.003125 0.014351851851851852
3 0.659375 0.3375 0.004427083333333333 0.018518518518518517
3 0.66328125 0.32546296296296295 0.0033854166666666668 0.014351851851851852
3 0.6661458333333333 0.31527777777777777 0.00234375 0.012962962962962963
3 0.65625 0.3175925925925926 0.00234375 0.010648148148148148
0 0.9309895833333334 0.3384259259259259 0.004166666666666667 0.022685185185185187
0 0.8893229166666666 0.33194444444444443 0.005989583333333334 0.020833333333333332