2 0.6682291666666667 0.3523148148148148 0.024479166666666666 0.0912037037037037
2 0.7388020833333333 0.2587962962962963 0.01171875 0.052314814814814814
2 0.784375 0.19907407407407407 0.00703125 0.02824074074074074
2 0.92421875 0.16805555555555557 0.005989583333333334 0.022685185185185187
2 0.9427083333333334 0.17777777777777778 0.007291666666666667 0.027314814814814816
2 0.9125 0.1625 0.004166666666666667 0.018518518518518517
2 0.79453125 0.18518518518518517 0.00625 0.022685185185185187
2 0.7682291666666666 0.2199074074074074 0.009114583333333334 0.03796296296296296
2 0.9028645833333333 0.15925925925925927 0.0033854166666666668 0.012037037037037037
2 0.8013020833333333 0.17453703703703705 0.005208333333333333 0.020833333333333332
2 0.32109375 0.7606481481481482 0.03333333333333333 0.17407407407407408