1 0.26328125 0.3680555555555556 0.021614583333333333 0.1337962962962963
3 0.18932291666666667 0.2898148148148148 0.011458333333333333 0.04675925925925926
0 0.06770833333333333 0.20185185185185187 0.005208333333333333 0.018518518518518517
3 0.21145833333333333 0.3189814814814815 0.013802083333333333 0.05740740740740741
3 0.9018229166666667 0.38055555555555554 0.008333333333333333 0.032407407407407406
3 0.9427083333333334 0.35833333333333334 0.005989583333333334 0.020833333333333332
3 0.86875 0.36527777777777776 0.00625 0.02824074074074074
3 0.8888020833333333 0.33564814814814814 0.00390625 0.012962962962962963
1 0.2859375 0.387037037037037 0.03411458333333333 0.1476851851851852
3 0.72578125 0.30324074074074076 0.00390625 0.015277777777777777
3 0.8559895833333333 0.35648148148148145 0.007291666666666667 0.024074074074074074
0 0.27421875 0.21898148148148147 0.003125 0.012037037037037037
3 0.8494791666666667 0.32731481481481484 0.0033854166666666668 0.015277777777777777
0 0.1296875 0.2074074074074074 0.00390625 0.015277777777777777
0 0.21380208333333334 0.20972222222222223 0.002864583333333333 0.012962962962962963
3 0.41770833333333335 0.587037037037037 0.04244791666666667 0.16064814814814815
3 0.13515625 0.26666666666666666 0.010416666666666666 0.04027777777777778
0 0.30572916666666666 0.22268518518518518 0.002864583333333333 0.010648148148148148
3 0.8911458333333333 0.350462962962963 0.005208333333333333 0.018518518518518517
3 0.24661458333333333 0.2175925925925926 0.00390625 0.012962962962962963
3 0.5721354166666667 0.2689814814814815 0.0020833333333333333 0.012037037037037037
0 0.10729166666666666 0.2064814814814815 0.004166666666666667 0.017592592592592594
3 0.92265625 0.3449074074074074 0.004427083333333333 0.016203703703703703
3 0.5575520833333333 0.26296296296296295 0.00234375 0.010648148148148148
0 0.6158854166666666 0.2759259259259259 0.00234375 0.010648148148148148
3 0.196875 0.21898148148148147 0.004427083333333333 0.016203703703703703
3 0.3140625 0.22592592592592592 0.0033854166666666668 0.012962962962962963
3 0.8127604166666667 0.3194444444444444 0.003125 0.012962962962962963
3 0.6424479166666667 0.2865740740740741 0.002864583333333333 0.014351851851851852
3 0.5455729166666666 0.25925925925925924 0.0020833333333333333 0.012037037037037037
3 0.5786458333333333 0.27175925925925926 0.0020833333333333333 0.010648148148148148
3 0.68203125 0.29444444444444445 0.0033854166666666668 0.015277777777777777
0 0.35859375 0.22916666666666666 0.0020833333333333333 0.010648148148148148
3 0.8622395833333333 0.3472222222222222 0.005989583333333334 0.022685185185185187
3 0.3958333333333333 0.23703703703703705 0.00234375 0.012962962962962963
3 0.5223958333333333 0.25555555555555554 0.00234375 0.008796296296296297
0 0.8078125 0.31527777777777777 0.002864583333333333 0.012962962962962963
3 0.05182291666666667 0.24351851851851852 0.00546875 0.03935185185185185
0 0.24375 0.21342592592592594 0.002864583333333333 0.012037037037037037
3 0.26484375 0.21898148148148147 0.0033854166666666668 0.014351851851851852
0 0.5401041666666667 0.2569444444444444 0.0020833333333333333 0.009722222222222222
0 0.18697916666666667 0.2074074074074074 0.002864583333333333 0.012962962962962963
0 0.75625 0.3050925925925926 0.002864583333333333 0.014351851851851852
0 0.36640625 0.2310185185185185 0.0020833333333333333 0.009722222222222222
3 0.6083333333333333 0.2800925925925926 0.002864583333333333 0.014351851851851852
0 0.6604166666666667 0.287962962962963 0.00234375 0.012962962962962963
3 0.22083333333333333 0.22083333333333333 0.004427083333333333 0.017592592592592594
0 0.32395833333333335 0.22546296296296298 0.00234375 0.012037037037037037
3 0.43385416666666665 0.24027777777777778 0.002864583333333333 0.010648148148148148
0 0.8630208333333333 0.3277777777777778 0.003125 0.014351851851851852
3 0.5674479166666667 0.26481481481481484 0.0020833333333333333 0.012037037037037037
3 0.23697916666666666 0.21666666666666667 0.003125 0.014351851851851852
3 0.7778645833333333 0.31203703703703706 0.0033854166666666668 0.012962962962962963
0 0.6252604166666667 0.2791666666666667 0.00234375 0.010648148148148148
0 0.9182291666666667 0.34074074074074073 0.002864583333333333 0.012037037037037037
0 0.7088541666666667 0.2967592592592593 0.00234375 0.012962962962962963
3 0.23359375 0.2199074074074074 0.0033854166666666668 0.014351851851851852
0 0.34479166666666666 0.22916666666666666 0.00234375 0.010648148148148148
0 0.6184895833333334 0.2777777777777778 0.00234375 0.009722222222222222
3 0.10208333333333333 0.21157407407407408 0.00703125 0.020833333333333332
0 0.6841145833333333 0.2916666666666667 0.002864583333333333 0.014351851851851852
0 0.15755208333333334 0.21064814814814814 0.00390625 0.017592592592592594
0 0.17161458333333332 0.2101851851851852 0.004166666666666667 0.016203703703703703
3 0.40625 0.2375 0.0018229166666666667 0.009722222222222222
0 0.59375 0.26851851851851855 0.0020833333333333333 0.010648148148148148
3 0.4158854166666667 0.2375 0.00234375 0.012037037037037037
0 0.6096354166666667 0.27314814814814814 0.0020833333333333333 0.009722222222222222
3 0.3424479166666667 0.2300925925925926 0.003125 0.012037037037037037
0 0.38125 0.23148148148148148 0.002864583333333333 0.010648148148148148
3 0.3768229166666667 0.23472222222222222 0.003125 0.012962962962962963
3 0.9486979166666667 0.3523148148148148 0.0049479166666666664 0.017592592592592594
3 0.24036458333333333 0.21944444444444444 0.00390625 0.015277777777777777
0 0.47213541666666664 0.24583333333333332 0.0020833333333333333 0.008796296296296297
3 0.45416666666666666 0.24351851851851852 0.00234375 0.010648148148148148
0 0.40963541666666664 0.23425925925925925 0.0018229166666666667 0.009722222222222222
3 0.49973958333333335 0.25 0.0020833333333333333 0.010648148148148148
3 0.47708333333333336 0.24675925925925926 0.00234375 0.010648148148148148
0 0.4388020833333333 0.23935185185185184 0.0020833333333333333 0.008796296296296297
3 0.26979166666666665 0.4023148148148148 0.01484375 0.08703703703703704
3 0.15625 0.2152777777777778 0.0049479166666666664 0.019444444444444445
0 0.5065104166666666 0.25092592592592594 0.0018229166666666667 0.008796296296296297
3 0.5703125 0.26666666666666666 0.0020833333333333333 0.012037037037037037
0 0.17942708333333332 0.20925925925925926 0.003125 0.016203703703703703
0 0.6411458333333333 0.2814814814814815 0.00234375 0.012962962962962963
3 0.8559895833333333 0.34953703703703703 0.005989583333333334 0.025