0 0.5078125 0.3365740740740741 0.0171875 0.06620370370370371
0 0.23645833333333333 0.2912037037037037 0.007552083333333333 0.034722222222222224
0 0.5497395833333333 0.37175925925925923 0.020572916666666666 0.08472222222222223
0 0.2559895833333333 0.275 0.00625 0.025925925925925925
0 0.4046875 0.30648148148148147 0.013802083333333333 0.047685185185185185
0 0.88046875 0.19907407407407407 0.005208333333333333 0.024074074074074074
0 0.28489583333333335 0.3023148148148148 0.009635416666666667 0.0412037037037037
0 0.5651041666666666 0.45185185185185184 0.028645833333333332 0.12083333333333333
3 0.7221354166666667 0.2865740740740741 0.0125 0.05324074074074074
0 0.45625 0.31342592592592594 0.013541666666666667 0.05555555555555555
3 0.42942708333333335 0.2439814814814815 0.00625 0.022685185185185187
3 0.8611979166666667 0.3226851851851852 0.019791666666666666 0.07592592592592592
0 0.3111979166666667 0.25833333333333336 0.005208333333333333 0.022685185185185187
0 0.8221354166666667 0.2023148148148148 0.004427083333333333 0.02175925925925926
3 0.8369791666666667 0.21203703703703702 0.007552083333333333 0.025925925925925925
0 0.6981770833333333 0.20925925925925926 0.005208333333333333 0.020833333333333332
3 0.6703125 0.21805555555555556 0.006510416666666667 0.022685185185185187
0 0.4627604166666667 0.23148148148148148 0.004166666666666667 0.019444444444444445
3 0.7661458333333333 0.2152777777777778 0.00625 0.025925925925925925
0 0.9341145833333333 0.1935185185185185 0.00390625 0.024074074074074074
3 0.6213541666666667 0.2712962962962963 0.01015625 0.044444444444444446
0 0.384375 0.24351851851851852 0.0049479166666666664 0.019444444444444445
3 0.5236979166666667 0.2662037037037037 0.009114583333333334 0.037037037037037035
3 0.39505208333333336 0.25092592592592594 0.005989583333333334 0.024074074074074074
3 0.37265625 0.26666666666666666 0.007291666666666667 0.029166666666666667
3 0.54921875 0.2273148148148148 0.005208333333333333 0.02175925925925926
0 0.61875 0.21435185185185185 0.004166666666666667 0.019444444444444445
0 0.5395833333333333 0.2212962962962963 0.004166666666666667 0.018518518518518517
3 0.4822916666666667 0.23564814814814813 0.005989583333333334 0.02175925925925926
3 0.9309895833333334 0.20555555555555555 0.008333333333333333 0.02824074074074074
0 0.5044270833333333 0.6356481481481482 0.050520833333333334 0.20416666666666666
3 0.4044270833333333 0.2689814814814815 0.008072916666666667 0.03148148148148148
0 0.7817708333333333 0.20555555555555555 0.004427083333333333 0.02175925925925926
3 0.6127604166666667 0.22175925925925927 0.00546875 0.02175925925925926
3 0.3684895833333333 0.25972222222222224 0.004427083333333333 0.02824074074074074