3 0.75625 0.48703703703703705 0.03125 0.11064814814814815
0 0.7307291666666667 0.2967592592592593 0.007291666666666667 0.02824074074074074
0 0.8505208333333333 0.32685185185185184 0.007552083333333333 0.033796296296296297
3 0.07421875 0.3333333333333333 0.019270833333333334 0.075
3 0.23880208333333333 0.2587962962962963 0.011197916666666667 0.037037037037037035
3 0.15729166666666666 0.2689814814814815 0.011197916666666667 0.04259259259259259
3 0.09166666666666666 0.29074074074074074 0.015625 0.05555555555555555
1 0.13958333333333334 0.3587962962962963 0.040364583333333336 0.15231481481481482
0 0.403125 0.2490740740740741 0.00625 0.025925925925925925
3 0.32864583333333336 0.2564814814814815 0.008333333333333333 0.032407407407407406
3 0.17057291666666666 0.4027777777777778 0.024479166666666666 0.09907407407407408
0 0.2859375 0.24351851851851852 0.006510416666666667 0.025925925925925925
3 0.9020833333333333 0.39351851851851855 0.01640625 0.05648148148148148
0 0.6190104166666667 0.275 0.00703125 0.025925925925925925
3 0.5942708333333333 0.2824074074074074 0.007552083333333333 0.030555555555555555
3 0.7645833333333333 0.3226851851851852 0.007552083333333333 0.034722222222222224
0 0.16197916666666667 0.24351851851851852 0.008072916666666667 0.032407407407407406
3 0.9041666666666667 0.44583333333333336 0.0234375 0.0824074074074074
3 0.42083333333333334 0.26064814814814813 0.007552083333333333 0.030555555555555555
1 0.21666666666666667 0.3875 0.043229166666666666 0.17083333333333334
3 0.8421875 0.3527777777777778 0.011197916666666667 0.044444444444444446
3 0.43854166666666666 0.475462962962963 0.03307291666666667 0.12268518518518519
0 0.51328125 0.25972222222222224 0.00390625 0.024074074074074074
3 0.6809895833333334 0.29907407407407405 0.007291666666666667 0.032407407407407406
3 0.5091145833333334 0.26944444444444443 0.007291666666666667 0.02824074074074074