0 0.5046875 0.4300925925925926 0.009375 0.03796296296296296
3 0.89140625 0.5995370370370371 0.035416666666666666 0.1162037037037037
0 0.3768229166666667 0.6273148148148148 0.039322916666666666 0.14583333333333334
3 0.7723958333333333 0.5023148148148148 0.018229166666666668 0.06759259259259259
3 0.71953125 0.4648148148148148 0.012760416666666666 0.049074074074074076
0 0.5200520833333333 0.49907407407407406 0.019270833333333334 0.07175925925925926
3 0.8973958333333333 0.40694444444444444 0.004427083333333333 0.018518518518518517
3 0.7098958333333333 0.4101851851851852 0.005989583333333334 0.022685185185185187
0 0.62421875 0.3958333333333333 0.0049479166666666664 0.02175925925925926
0 0.4791666666666667 0.4125 0.00625 0.029166666666666667
0 0.5158854166666667 0.4074074074074074 0.005989583333333334 0.025925925925925925
3 0.7252604166666666 0.4273148148148148 0.007552083333333333 0.030555555555555555
3 0.6276041666666666 0.42916666666666664 0.00859375 0.034722222222222224
0 0.93515625 0.43333333333333335 0.008072916666666667 0.029166666666666667
0 0.57578125 0.40046296296296297 0.00546875 0.022685185185185187
3 0.7888020833333333 0.41805555555555557 0.005989583333333334 0.025
0 0.8736979166666666 0.4393518518518518 0.008072916666666667 0.030555555555555555
3 0.8346354166666666 0.4101851851851852 0.00546875 0.020833333333333332
0 0.69296875 0.3962962962962963 0.00546875 0.020833333333333332
3 0.90703125 0.4199074074074074 0.00546875 0.022685185185185187
0 0.54609375 0.4564814814814815 0.012760416666666666 0.047685185185185185
3 0.7580729166666667 0.4425925925925926 0.009635416666666667 0.037037037037037035
0 0.7622395833333333 0.3990740740740741 0.00546875 0.02175925925925926
3 0.9166666666666666 0.4050925925925926 0.00390625 0.018518518518518517
0 0.8049479166666667 0.3990740740740741 0.0049479166666666664 0.017592592592592594
3 0.6744791666666666 0.4449074074074074 0.010416666666666666 0.04027777777777778
3 0.6333333333333333 0.4199074074074074 0.00703125 0.029166666666666667
3 0.9440104166666666 0.5 0.013541666666666667 0.060648148148148145
3 0.8731770833333333 0.4074074074074074 0.005208333333333333 0.02175925925925926
3 0.7309895833333333 0.41944444444444445 0.006510416666666667 0.02824074074074074
3 0.8481770833333333 0.41944444444444445 0.00546875 0.024074074074074074
3 0.6518229166666667 0.41435185185185186 0.00703125 0.025925925925925925
3 0.8390625 0.4587962962962963 0.01171875 0.04583333333333333
3 0.775 0.4101851851851852 0.00546875 0.020833333333333332
0 0.8880208333333334 0.3958333333333333 0.00390625 0.017592592592592594
0 0.840625 0.39814814814814814 0.004166666666666667 0.016203703703703703
0 0.8588541666666667 0.3972222222222222 0.00390625 0.016203703703703703
3 0.92890625 0.40324074074074073 0.00390625 0.017592592592592594
0 0.93359375 0.3990740740740741 0.0049479166666666664 0.017592592592592594