0 0.1171875 0.3060185185185185 0.014322916666666666 0.05092592592592592
0 0.8552083333333333 0.36574074074074076 0.007552083333333333 0.029166666666666667
3 0.4161458333333333 0.5523148148148148 0.0375 0.14351851851851852
3 0.35572916666666665 0.4217592592592593 0.023697916666666666 0.08935185185185185
3 0.31953125 0.32083333333333336 0.01328125 0.05
3 0.33125 0.3587962962962963 0.016145833333333335 0.06296296296296296
0 0.21901041666666668 0.24074074074074073 0.00703125 0.025
0 0.23229166666666667 0.2300925925925926 0.005208333333333333 0.020833333333333332
0 0.15286458333333333 0.2851851851851852 0.01171875 0.04259259259259259
1 0.17916666666666667 0.2564814814814815 0.013541666666666667 0.05648148148148148
1 0.1703125 0.26157407407407407 0.016145833333333335 0.059722222222222225
3 0.7942708333333334 0.36527777777777776 0.00859375 0.034722222222222224
0 0.78828125 0.34074074074074073 0.00625 0.027314814814814816
0 0.26666666666666666 0.21481481481481482 0.003125 0.014351851851851852
0 0.25286458333333334 0.21805555555555556 0.00390625 0.016203703703703703
3 0.68828125 0.31805555555555554 0.005208333333333333 0.020833333333333332
0 0.27578125 0.21064814814814814 0.002864583333333333 0.012962962962962963
3 0.6895833333333333 0.2949074074074074 0.003125 0.016203703703703703
3 0.7036458333333333 0.33240740740740743 0.00703125 0.02824074074074074
0 0.7755208333333333 0.33194444444444443 0.00546875 0.020833333333333332
0 0.05364583333333333 0.34074074074074073 0.009635416666666667 0.06851851851851852
0 0.28177083333333336 0.20694444444444443 0.00234375 0.009722222222222222
3 0.3184895833333333 0.225 0.004427083333333333 0.015277777777777777
3 0.6979166666666666 0.3101851851851852 0.004427083333333333 0.018518518518518517
0 0.3067708333333333 0.20555555555555555 0.0020833333333333333 0.010648148148148148
0 0.6700520833333333 0.28379629629629627 0.00234375 0.012962962962962963
0 0.7036458333333333 0.2935185185185185 0.003125 0.012962962962962963
0 0.20182291666666666 0.2518518518518518 0.007291666666666667 0.029166666666666667
3 0.3703125 0.21805555555555556 0.00234375 0.012037037037037037
0 0.7466145833333333 0.3074074074074074 0.004166666666666667 0.015277777777777777
0 0.24114583333333334 0.22453703703703703 0.004427083333333333 0.018518518518518517
3 0.33697916666666666 0.21666666666666667 0.00234375 0.012037037037037037
0 0.596875 0.2652777777777778 0.002864583333333333 0.010648148148148148
0 0.7786458333333334 0.32083333333333336 0.004427083333333333 0.017592592592592594
0 0.3346354166666667 0.20925925925925926 0.0020833333333333333 0.009722222222222222
0 0.6322916666666667 0.2740740740740741 0.002864583333333333 0.010648148148148148
3 0.6028645833333334 0.26990740740740743 0.0018229166666666667 0.012037037037037037
0 0.2947916666666667 0.20555555555555555 0.00234375 0.010648148148148148
3 0.3234375 0.2199074074074074 0.0033854166666666668 0.014351851851851852
3 0.55546875 0.25833333333333336 0.0020833333333333333 0.012037037037037037
0 0.4276041666666667 0.22546296296296298 0.0013020833333333333 0.009722222222222222
3 0.41770833333333335 0.22546296296296298 0.0020833333333333333 0.012037037037037037
0 0.5265625 0.24583333333333332 0.0020833333333333333 0.010648148148148148
0 0.3809895833333333 0.2162037037037037 0.0020833333333333333 0.010648148148148148
3 0.5122395833333333 0.2462962962962963 0.0018229166666666667 0.012037037037037037
3 0.6484375 0.2824074074074074 0.00234375 0.012962962962962963
3 0.315625 0.22870370370370371 0.004427083333333333 0.016203703703703703
3 0.3111979166666667 0.2967592592592593 0.009375 0.03935185185185185
0 0.7901041666666667 0.33240740740740743 0.00546875 0.02175925925925926
0 0.49166666666666664 0.23796296296296296 0.0020833333333333333 0.010648148148148148
0 0.5588541666666667 0.2537037037037037 0.0020833333333333333 0.012037037037037037
3 0.7091145833333333 0.3060185185185185 0.004427083333333333 0.016203703703703703
0 0.4591145833333333 0.2310185185185185 0.0018229166666666667 0.009722222222222222
3 0.4661458333333333 0.23472222222222222 0.0020833333333333333 0.010648148148148148
1 0.3111979166666667 0.27546296296296297 0.012760416666666666 0.05740740740740741
3 0.31197916666666664 0.23564814814814813 0.00546875 0.019444444444444445
3 0.3065104166666667 0.2810185185185185 0.006510416666666667 0.033796296296296297
3 0.30963541666666666 0.24444444444444444 0.0049479166666666664 0.02175925925925926
0 0.17786458333333333 0.26944444444444443 0.007552083333333333 0.037037037037037035
1 0.30911458333333336 0.275 0.009114583333333334 0.05648148148148148