0 0.7291666666666666 0.33101851851851855 0.01953125 0.07731481481481481
0 0.7578125 0.4324074074074074 0.030989583333333334 0.1259259259259259
0 0.23072916666666668 0.27824074074074073 0.01015625 0.037037037037037035
0 0.12708333333333333 0.2949074074074074 0.011197916666666667 0.04027777777777778
0 0.35052083333333334 0.2652777777777778 0.009375 0.037037037037037035
0 0.4627604166666667 0.26157407407407407 0.009114583333333334 0.04027777777777778
0 0.5609375 0.2675925925925926 0.011197916666666667 0.04583333333333333
3 0.7971354166666667 0.2652777777777778 0.012760416666666666 0.05
3 0.23723958333333334 0.2625 0.008072916666666667 0.03148148148148148
0 0.6536458333333334 0.287962962962963 0.013541666666666667 0.05648148148148148
3 0.38203125 0.24675925925925926 0.007291666666666667 0.030555555555555555
3 0.65234375 0.24583333333333332 0.010677083333333334 0.03935185185185185
3 0.5216145833333333 0.2412037037037037 0.008333333333333333 0.032407407407407406
3 0.1125 0.2814814814814815 0.009635416666666667 0.034722222222222224
1 0.6484375 0.5689814814814815 0.07916666666666666 0.3402777777777778
0 0.5778645833333333 0.7 0.06015625 0.24768518518518517
1 0.47239583333333335 0.674074074074074 0.05390625 0.3476851851851852