0 0.140625 0.4787037037037037 0.0203125 0.0837962962962963
0 0.4125 0.487962962962963 0.021354166666666667 0.08472222222222223
0 0.25859375 0.36157407407407405 0.009114583333333334 0.033796296296296297
3 0.6596354166666667 0.4935185185185185 0.0234375 0.0824074074074074
0 0.23463541666666668 0.37592592592592594 0.009375 0.0412037037037037
0 0.23333333333333334 0.4083333333333333 0.014322916666666666 0.05092592592592592
0 0.45546875 0.3837962962962963 0.009635416666666667 0.03935185185185185
0 0.46328125 0.3662037037037037 0.008072916666666667 0.032407407407407406
0 0.31536458333333334 0.35185185185185186 0.007291666666666667 0.03148148148148148
3 0.08359375 0.36435185185185187 0.011197916666666667 0.0412037037037037
0 0.44244791666666666 0.412962962962963 0.012239583333333333 0.052314814814814814
3 0.6046875 0.41759259259259257 0.013541666666666667 0.052314814814814814
0 0.4395833333333333 0.35648148148148145 0.006510416666666667 0.02824074074074074
3 0.5833333333333334 0.38981481481481484 0.01015625 0.04027777777777778
3 0.5333333333333333 0.35324074074074074 0.00546875 0.024074074074074074
3 0.35572916666666665 0.3384259259259259 0.0049479166666666664 0.022685185185185187
0 0.38828125 0.35 0.00625 0.02824074074074074
3 0.44453125 0.3435185185185185 0.004427083333333333 0.02175925925925926
3 0.14505208333333333 0.34814814814814815 0.00859375 0.03148148148148148
3 0.8989583333333333 0.7731481481481481 0.03229166666666667 0.14907407407407408
3 0.56796875 0.36898148148148147 0.00703125 0.03148148148148148
3 0.2559895833333333 0.3402777777777778 0.005208333333333333 0.02824074074074074
0 0.22239583333333332 0.7717592592592593 0.030989583333333334 0.15231481481481482