0 0.5041666666666667 0.26342592592592595 0.00546875 0.025
0 0.88203125 0.3226851851851852 0.00625 0.025925925925925925
0 0.5872395833333334 0.2740740740740741 0.005989583333333334 0.025925925925925925
0 0.42526041666666664 0.2574074074074074 0.00625 0.025925925925925925
3 0.2630208333333333 0.3277777777777778 0.0171875 0.06620370370370371
3 0.45989583333333334 0.2759259259259259 0.008333333333333333 0.034722222222222224
3 0.31640625 0.4726851851851852 0.03333333333333333 0.1259259259259259
0 0.1671875 0.24953703703703703 0.009375 0.03796296296296296
0 0.7677083333333333 0.30185185185185187 0.006510416666666667 0.025
0 0.6723958333333333 0.28564814814814815 0.00546875 0.024074074074074074
0 0.05651041666666667 0.25925925925925924 0.013541666666666667 0.049074074074074076
0 0.31171875 0.2518518518518518 0.007552083333333333 0.03148148148148148
3 0.34036458333333336 0.28194444444444444 0.01015625 0.044444444444444446
3 0.9135416666666667 0.3439814814814815 0.009114583333333334 0.033796296296296297
3 0.596875 0.2884259259259259 0.007291666666666667 0.03148148148148148
3 0.29453125 0.20925925925925926 0.0020833333333333333 0.009722222222222222
3 0.6005208333333333 0.23657407407407408 0.00234375 0.009722222222222222
3 0.3302083333333333 0.21342592592592594 0.002864583333333333 0.012037037037037037
3 0.7533854166666667 0.3143518518518518 0.007552083333333333 0.032407407407407406
3 0.32526041666666666 0.2101851851851852 0.002864583333333333 0.009722222222222222
3 0.27447916666666666 0.2125 0.002864583333333333 0.012037037037037037
3 0.30807291666666664 0.19814814814814816 0.0018229166666666667 0.007407407407407408
3 0.359375 0.21203703703703702 0.002864583333333333 0.010648148148148148
0 0.2765625 0.20092592592592592 0.0013020833333333333 0.006481481481481481
3 0.3729166666666667 0.20601851851851852 0.0013020833333333333 0.007407407407407408
0 0.37552083333333336 0.20879629629629629 0.0018229166666666667 0.006481481481481481
3 0.6286458333333333 0.22916666666666666 0.0018229166666666667 0.008796296296296297
3 0.6010416666666667 0.22824074074074074 0.0018229166666666667 0.008796296296296297
3 0.37864583333333335 0.21666666666666667 0.00234375 0.012037037037037037
3 0.5544270833333333 0.2375 0.00234375 0.009722222222222222
3 0.5721354166666667 0.2273148148148148 0.0018229166666666667 0.008796296296296297
3 0.32864583333333336 0.20046296296296295 0.0013020833333333333 0.007407407407407408
0 0.3234375 0.2023148148148148 0.0013020833333333333 0.006481481481481481
0 0.3515625 0.2050925925925926 0.0018229166666666667 0.007407407407407408
0 0.6239583333333333 0.22546296296296298 0.0013020833333333333 0.007407407407407408
0 0.3028645833333333 0.20046296296296295 0.0018229166666666667 0.007407407407407408
3 0.3453125 0.20324074074074075 0.0013020833333333333 0.006481481481481481