0 0.48125 0.5680555555555555 0.03177083333333333 0.10972222222222222
0 0.68828125 0.49444444444444446 0.019791666666666666 0.07175925925925926
0 0.81796875 0.425462962962963 0.009635416666666667 0.04027777777777778
0 0.7752604166666667 0.449537037037037 0.012760416666666666 0.05092592592592592
0 0.8059895833333334 0.4083333333333333 0.007552083333333333 0.03148148148148148
0 0.7864583333333334 0.38935185185185184 0.00546875 0.02175925925925926
3 0.9265625 0.40370370370370373 0.00703125 0.03148148148148148
0 0.87734375 0.3824074074074074 0.005208333333333333 0.019444444444444445
0 0.9330729166666667 0.3814814814814815 0.004427083333333333 0.019444444444444445
0 0.79375 0.399537037037037 0.006510416666666667 0.027314814814814816
0 0.8255208333333334 0.38472222222222224 0.0049479166666666664 0.02175925925925926
2 0.74296875 0.3680555555555556 0.002864583333333333 0.012037037037037037
2 0.8697916666666666 0.36898148148148147 0.0033854166666666668 0.014351851851851852
3 0.8986979166666667 0.3902777777777778 0.0033854166666666668 0.02175925925925926
2 0.8291666666666667 0.3699074074074074 0.00390625 0.018518518518518517
2 0.6981770833333333 0.3662037037037037 0.002864583333333333 0.010648148148148148
2 0.7838541666666666 0.36203703703703705 0.002864583333333333 0.010648148148148148
2 0.8234375 0.36527777777777776 0.002864583333333333 0.012962962962962963
3 0.9020833333333333 0.3976851851851852 0.005989583333333334 0.025925925925925925