0 0.30546875 0.33240740740740743 0.014322916666666666 0.05416666666666667
0 0.39947916666666666 0.35555555555555557 0.016666666666666666 0.06944444444444445
0 0.19609375 0.33194444444444443 0.012239583333333333 0.04675925925925926
3 0.5731770833333333 0.30648148148148147 0.01328125 0.05648148148148148
0 0.46510416666666665 0.42314814814814816 0.026041666666666668 0.10324074074074074
3 0.7356770833333334 0.3560185185185185 0.020833333333333332 0.0837962962962963
3 0.4236979166666667 0.2935185185185185 0.01015625 0.04351851851851852
2 0.7625 0.3101851851851852 0.016145833333333335 0.06435185185185185
2 0.7953125 0.25601851851851853 0.010677083333333334 0.04259259259259259
2 0.8890625 0.20879629629629629 0.006510416666666667 0.025925925925925925
2 0.9393229166666667 0.22268518518518518 0.009375 0.034722222222222224
2 0.8111979166666666 0.22870370370370371 0.008072916666666667 0.03148148148148148
2 0.8533854166666667 0.21064814814814814 0.00703125 0.025925925925925925
0 0.43463541666666666 0.6569444444444444 0.05390625 0.20972222222222223
2 0.9213541666666667 0.20694444444444443 0.00703125 0.027314814814814816
2 0.8208333333333333 0.2125 0.006510416666666667 0.025
3 0.11510416666666666 0.31574074074074077 0.009375 0.03564814814814815
3 0.28177083333333336 0.2972222222222222 0.009635416666666667 0.03796296296296296
0 0.05364583333333333 0.34675925925925927 0.009635416666666667 0.04583333333333333