1 0.5013020833333334 0.33240740740740743 0.02265625 0.10231481481481482
0 0.8994791666666667 0.19768518518518519 0.005989583333333334 0.024074074074074074
1 0.7286458333333333 0.29583333333333334 0.025520833333333333 0.10231481481481482
0 0.1203125 0.3680555555555556 0.01015625 0.04259259259259259
0 0.43854166666666666 0.33564814814814814 0.012239583333333333 0.052314814814814814
3 0.8721354166666667 0.3287037037037037 0.026041666666666668 0.08148148148148149
3 0.7401041666666667 0.23148148148148148 0.007291666666666667 0.030555555555555555
0 0.24166666666666667 0.34444444444444444 0.009635416666666667 0.0412037037037037
1 0.68203125 0.28935185185185186 0.022916666666666665 0.08935185185185185
3 0.7010416666666667 0.3101851851851852 0.017708333333333333 0.062037037037037036
0 0.34479166666666666 0.3333333333333333 0.011197916666666667 0.044444444444444446
3 0.81953125 0.21805555555555556 0.007291666666666667 0.027314814814814816
3 0.6388020833333333 0.28703703703703703 0.012760416666666666 0.047685185185185185
2 0.40390625 0.2916666666666667 0.007552083333333333 0.03148148148148148
2 0.46458333333333335 0.2625 0.005989583333333334 0.025
0 0.4440104166666667 0.7134259259259259 0.05807291666666667 0.23148148148148148
2 0.38359375 0.2800925925925926 0.005989583333333334 0.025
0 0.5171875 0.35833333333333334 0.013541666666666667 0.06851851851851852
0 0.78125 0.21435185185185185 0.00625 0.024074074074074074
2 0.36953125 0.2712962962962963 0.0049479166666666664 0.020833333333333332
0 0.5958333333333333 0.2518518518518518 0.005989583333333334 0.029166666666666667
0 0.5627604166666667 0.41805555555555557 0.025 0.09675925925925925
0 0.53125 0.2740740740740741 0.007552083333333333 0.034722222222222224
2 0.50546875 0.26990740740740743 0.00703125 0.03148148148148148
3 0.9158854166666667 0.2050925925925926 0.008072916666666667 0.029166666666666667
3 0.15625 0.3425925925925926 0.007552083333333333 0.034722222222222224
3 0.2986979166666667 0.3148148148148148 0.008333333333333333 0.033796296296296297
1 0.5317708333333333 0.34675925925925927 0.026041666666666668 0.11944444444444445
3 0.67890625 0.24814814814814815 0.005989583333333334 0.03148148148148148
2 0.43776041666666665 0.2569444444444444 0.0049479166666666664 0.020833333333333332
3 0.640625 0.2652777777777778 0.009114583333333334 0.037037037037037035
2 0.41770833333333335 0.2537037037037037 0.004166666666666667 0.018518518518518517
3 0.41744791666666664 0.29953703703703705 0.009114583333333334 0.03796296296296296
2 0.35963541666666665 0.2657407407407407 0.00390625 0.018518518518518517
2 0.37994791666666666 0.26157407407407407 0.00390625 0.018518518518518517
0 0.6794270833333333 0.2310185185185185 0.0049479166666666664 0.022685185185185187
2 0.4 0.2574074074074074 0.0033854166666666668 0.017592592592592594