1 0.08463541666666667 0.5175925925925926 0.04192708333333333 0.09722222222222222
2 0.15260416666666668 0.6328703703703704 0.042708333333333334 0.08518518518518518
2 0.34765625 0.5523148148148148 0.028125 0.06759259259259259
2 0.35078125 0.5115740740740741 0.029947916666666668 0.056018518518518516
1 0.39557291666666666 0.4634259259259259 0.0328125 0.07361111111111111
1 0.52578125 0.4351851851851852 0.023697916666666666 0.06759259259259259
2 0.6309895833333333 0.4486111111111111 0.021875 0.0412037037037037
2 0.70546875 0.5236111111111111 0.0328125 0.06157407407407407
2 0.7901041666666667 0.40879629629629627 0.04010416666666667 0.07037037037037037
2 0.7518229166666667 0.3365740740740741 0.029166666666666667 0.06018518518518518
2 0.8859375 0.40879629629629627 0.03828125 0.07037037037037037