3 0.6091145833333333 0.46296296296296297 0.02890625 0.1175925925925926
3 0.5520833333333334 0.36064814814814816 0.0171875 0.07222222222222222
3 0.5247395833333334 0.3101851851851852 0.01015625 0.04814814814814815
3 0.50859375 0.2861111111111111 0.0067708333333333336 0.033796296296296297
3 0.5 0.26944444444444443 0.005208333333333333 0.024074074074074074
3 0.4947916666666667 0.25972222222222224 0.00390625 0.024074074074074074
3 0.4921875 0.2518518518518518 0.002864583333333333 0.018055555555555554
3 0.48802083333333335 0.24768518518518517 0.0033854166666666668 0.019444444444444445
0 0.33671875 0.425462962962963 0.025260416666666667 0.0912037037037037
0 0.38255208333333335 0.3402777777777778 0.011979166666666667 0.055092592592592596
0 0.4002604166666667 0.3050925925925926 0.00859375 0.043055555555555555
0 0.41119791666666666 0.2800925925925926 0.005208333333333333 0.02638888888888889
0 0.4192708333333333 0.2657407407407407 0.004166666666666667 0.024074074074074074
3 0.10416666666666667 0.3060185185185185 0.0067708333333333336 0.03009259259259259
0 0.10989583333333333 0.3300925925925926 0.010677083333333334 0.03981481481481482
1 0.16536458333333334 0.2814814814814815 0.008072916666666667 0.043055555555555555
1 0.17604166666666668 0.27870370370370373 0.008072916666666667 0.038425925925925926
0 0.19192708333333333 0.30277777777777776 0.00859375 0.033796296296296297
0 0.23645833333333333 0.2861111111111111 0.0067708333333333336 0.028703703703703703
1 0.25677083333333334 0.27175925925925926 0.0067708333333333336 0.043055555555555555
1 0.2640625 0.26990740740740743 0.0067708333333333336 0.03981481481481482
3 0.48411458333333335 0.24166666666666667 0.002864583333333333 0.019444444444444445
3 0.48020833333333335 0.23842592592592593 0.002864583333333333 0.018055555555555554
3 0.4674479166666667 0.23657407407407408 0.0033854166666666668 0.016666666666666666
3 0.45078125 0.23657407407407408 0.002864583333333333 0.014351851851851852
3 0.38828125 0.24027777777777778 0.0033854166666666668 0.016666666666666666
3 0.3651041666666667 0.24212962962962964 0.0033854166666666668 0.01574074074074074
3 0.34088541666666666 0.24583333333333332 0.0033854166666666668 0.01574074074074074
0 0.296875 0.2638888888888889 0.005208333333333333 0.022685185185185187
0 0.32395833333333335 0.25416666666666665 0.00390625 0.018055555555555554
0 0.3546875 0.24814814814814815 0.00390625 0.018055555555555554
0 0.38385416666666666 0.24583333333333332 0.00390625 0.018055555555555554
0 0.42421875 0.25601851851851853 0.002864583333333333 0.016666666666666666
0 0.4276041666666667 0.25 0.0026041666666666665 0.014351851851851852
0 0.43020833333333336 0.24722222222222223 0.002864583333333333 0.013425925925925926