0 0.10911458333333333 0.3726851851851852 0.01875 0.0625
0 0.19270833333333334 0.3763888888888889 0.01875 0.06481481481481481
3 0.3984375 0.3125 0.011979166666666667 0.04814814814814815
3 0.48776041666666664 0.26805555555555555 0.006510416666666667 0.03148148148148148
3 0.5315104166666667 0.26805555555555555 0.00859375 0.033796296296296297
0 0.17395833333333333 0.5768518518518518 0.05286458333333333 0.16342592592592592
0 0.2234375 0.43287037037037035 0.023958333333333335 0.0912037037037037
3 0.453125 0.3365740740740741 0.015364583333333333 0.06018518518518518
3 0.5221354166666666 0.3675925925925926 0.020572916666666666 0.07685185185185185
3 0.6278645833333333 0.2884259259259259 0.011979166666666667 0.038425925925925926
3 0.7424479166666667 0.33194444444444443 0.0171875 0.0625
3 0.8489583333333334 0.38472222222222224 0.02890625 0.0962962962962963
3 0.6731770833333334 0.4685185185185185 0.03411458333333333 0.12962962962962962
3 0.08020833333333334 0.32685185185185184 0.013541666666666667 0.04814814814814815
3 0.16041666666666668 0.3148148148148148 0.013541666666666667 0.043055555555555555
3 0.24322916666666666 0.3050925925925926 0.011197916666666667 0.043055555555555555
3 0.3268229166666667 0.29814814814814816 0.01015625 0.040740740740740744
1 0.36432291666666666 0.2523148148148148 0.0067708333333333336 0.038425925925925926
1 0.3703125 0.2523148148148148 0.0067708333333333336 0.038425925925925926
1 0.4265625 0.24259259259259258 0.005989583333333334 0.028703703703703703
1 0.4322916666666667 0.24259259259259258 0.005989583333333334 0.033796296296296297
3 0.37838541666666664 0.262037037037037 0.005989583333333334 0.02638888888888889
3 0.3997395833333333 0.26666666666666666 0.0067708333333333336 0.03148148148148148
3 0.3497395833333333 0.25462962962962965 0.005208333333333333 0.024074074074074074
3 0.43515625 0.27037037037037037 0.0067708333333333336 0.033796296296296297
3 0.575 0.2740740740740741 0.01015625 0.038425925925925926
3 0.6911458333333333 0.30787037037037035 0.013541666666666667 0.05787037037037037
0 0.92265625 0.3148148148148148 0.021354166666666667 0.06712962962962964
0 0.83203125 0.2861111111111111 0.013541666666666667 0.05277777777777778
0 0.7486979166666666 0.262037037037037 0.011197916666666667 0.043055555555555555
0 0.6783854166666666 0.25462962962962965 0.00859375 0.03611111111111111
0 0.6244791666666667 0.25 0.00859375 0.033796296296296297
0 0.4744791666666667 0.25416666666666665 0.005989583333333334 0.020370370370370372
0 0.5265625 0.2537037037037037 0.00546875 0.024074074074074074
0 0.44479166666666664 0.2513888888888889 0.00546875 0.02175925925925926
0 0.38958333333333334 0.24259259259259258 0.005208333333333333 0.019444444444444445
0 0.4127604166666667 0.24537037037037038 0.00546875 0.02175925925925926
3 0.24765625 0.2574074074074074 0.0046875 0.024074074074074074
3 0.27786458333333336 0.25462962962962965 0.0046875 0.02175925925925926
3 0.30130208333333336 0.25277777777777777 0.005989583333333334 0.022685185185185187
3 0.3229166666666667 0.25277777777777777 0.005208333333333333 0.022685185185185187
0 0.35494791666666664 0.24212962962962964 0.004166666666666667 0.018055555555555554
2 0.09010416666666667 0.2814814814814815 0.005989583333333334 0.024074074074074074
2 0.12942708333333333 0.27824074074074073 0.008072916666666667 0.022685185185185187
2 0.14895833333333333 0.2675925925925926 0.005989583333333334 0.02546296296296296
2 0.18645833333333334 0.2675925925925926 0.005989583333333334 0.02546296296296296
2 0.0625 0.29074074074074074 0.0046875 0.03148148148148148