0 0.12161458333333333 0.3421296296296296 0.011197916666666667 0.049074074074074076
0 0.19427083333333334 0.33935185185185185 0.010677083333333334 0.05185185185185185
3 0.2825520833333333 0.29814814814814816 0.006510416666666667 0.03148148148148148
0 0.34375 0.38472222222222224 0.01953125 0.08194444444444444
3 0.55 0.31666666666666665 0.011458333333333333 0.04675925925925926
3 0.7270833333333333 0.287962962962963 0.00546875 0.03981481481481482
3 0.7234375 0.30462962962962964 0.009895833333333333 0.04675925925925926
0 0.878125 0.3060185185185185 0.010677083333333334 0.04675925925925926
0 0.32135416666666666 0.5416666666666666 0.04140625 0.15046296296296297
3 0.6401041666666667 0.35509259259259257 0.018229166666666668 0.06851851851851852
3 0.8473958333333333 0.36666666666666664 0.02421875 0.07685185185185185
3 0.7848958333333333 0.46296296296296297 0.03828125 0.125
0 0.29348958333333336 0.34675925925925927 0.011979166666666667 0.05648148148148148
3 0.1359375 0.30972222222222223 0.009895833333333333 0.034722222222222224
3 0.11484375 0.2962962962962963 0.007552083333333333 0.03009259259259259
3 0.18359375 0.287962962962963 0.007291666666666667 0.027777777777777776
3 0.22083333333333333 0.3023148148148148 0.008072916666666667 0.032407407407407406
3 0.2328125 0.28055555555555556 0.0067708333333333336 0.02546296296296296
3 0.27421875 0.27685185185185185 0.005989583333333334 0.02546296296296296
3 0.3140625 0.27685185185185185 0.005989583333333334 0.02546296296296296
3 0.3533854166666667 0.29814814814814816 0.008072916666666667 0.03148148148148148
3 0.35078125 0.2763888888888889 0.00390625 0.024074074074074074
3 0.7122395833333334 0.27546296296296297 0.006510416666666667 0.028703703703703703
3 0.6809895833333334 0.26805555555555555 0.006510416666666667 0.02638888888888889
0 0.85546875 0.28888888888888886 0.009375 0.037037037037037035
0 0.8247395833333333 0.26944444444444443 0.007552083333333333 0.03148148148148148
0 0.7895833333333333 0.2657407407407407 0.005989583333333334 0.02638888888888889
0 0.7419270833333333 0.25833333333333336 0.004166666666666667 0.02175925925925926
0 0.6927083333333334 0.25555555555555554 0.004166666666666667 0.018055555555555554
3 0.6455729166666667 0.26481481481481484 0.005208333333333333 0.022685185185185187
3 0.6065104166666667 0.2662037037037037 0.00546875 0.02546296296296296
3 0.5578125 0.2726851851851852 0.006510416666666667 0.02638888888888889
3 0.48151041666666666 0.30787037037037035 0.008072916666666667 0.03611111111111111
3 0.4940104166666667 0.27685185185185185 0.005208333333333333 0.02546296296296296
3 0.41458333333333336 0.2962962962962963 0.007552083333333333 0.034722222222222224
3 0.44244791666666666 0.2800925925925926 0.005989583333333334 0.02638888888888889
3 0.4002604166666667 0.27870370370370373 0.005989583333333334 0.028703703703703703
3 0.37135416666666665 0.27685185185185185 0.00546875 0.027777777777777776
0 0.6440104166666667 0.2523148148148148 0.0046875 0.019444444444444445
0 0.59453125 0.2537037037037037 0.0046875 0.016666666666666666
0 0.5591145833333333 0.2564814814814815 0.0046875 0.020370370370370372
0 0.52421875 0.2638888888888889 0.004166666666666667 0.018055555555555554
0 0.4901041666666667 0.26666666666666666 0.004166666666666667 0.019444444444444445
0 0.45 0.26944444444444443 0.0046875 0.019444444444444445
0 0.42864583333333334 0.26666666666666666 0.005208333333333333 0.019444444444444445
0 0.40625 0.26435185185185184 0.0046875 0.019444444444444445
0 0.37552083333333336 0.26157407407407407 0.004166666666666667 0.020370370370370372
0 0.3380208333333333 0.26481481481481484 0.0046875 0.018055555555555554
0 0.30052083333333335 0.26481481481481484 0.0046875 0.018055555555555554
0 0.25755208333333335 0.2708333333333333 0.0046875 0.018055555555555554
0 0.21067708333333332 0.274537037037037 0.005208333333333333 0.022685185185185187
0 0.140625 0.28425925925925927 0.006510416666666667 0.022685185185185187
0 0.08541666666666667 0.28888888888888886 0.005989583333333334 0.022685185185185187