3 0.88828125 0.6134259259259259 0.08203125 0.2462962962962963
0 0.2765625 0.4861111111111111 0.04869791666666667 0.1648148148148148
0 0.44375 0.26666666666666666 0.015364583333333333 0.06712962962962964
0 0.5690104166666666 0.2 0.00859375 0.03981481481481482
0 0.6369791666666667 0.18981481481481483 0.00859375 0.033796296296296297
3 0.6625 0.2726851851851852 0.01796875 0.07453703703703704
3 0.7734375 0.22592592592592592 0.014583333333333334 0.05787037037037037
3 0.8494791666666667 0.19722222222222222 0.011979166666666667 0.04583333333333333
3 0.8893229166666666 0.18287037037037038 0.008854166666666666 0.028703703703703703
0 0.7078125 0.1814814814814815 0.005989583333333334 0.02638888888888889
0 0.73515625 0.1736111111111111 0.005989583333333334 0.010648148148148148
3 0.9026041666666667 0.17685185185185184 0.0067708333333333336 0.016666666666666666