3 0.7559895833333333 0.2759259259259259 0.0067708333333333336 0.034722222222222224
0 0.63125 0.2962962962962963 0.007291666666666667 0.03981481481481482
3 0.7716145833333333 0.29212962962962963 0.008854166666666666 0.04583333333333333
3 0.790625 0.31203703703703706 0.013541666666666667 0.05416666666666667
0 0.60546875 0.32731481481481484 0.01015625 0.05185185185185185
3 0.8216145833333334 0.3527777777777778 0.01953125 0.07314814814814814
0 0.5854166666666667 0.3625 0.013541666666666667 0.06851851851851852
3 0.8625 0.4115740740740741 0.028645833333333332 0.10231481481481482
0 0.40078125 0.6333333333333333 0.0515625 0.19722222222222222
0 0.53046875 0.45185185185185184 0.020833333333333332 0.10555555555555556
0 0.6513020833333333 0.27037037037037037 0.00546875 0.02638888888888889
0 0.6583333333333333 0.2587962962962963 0.004166666666666667 0.022685185185185187
0 0.6622395833333333 0.25 0.0033854166666666668 0.019444444444444445
0 0.6692708333333334 0.24351851851851852 0.002864583333333333 0.018055555555555554
3 0.7458333333333333 0.26342592592592595 0.005208333333333333 0.024074074074074074
3 0.7421875 0.24861111111111112 0.0046875 0.024074074074074074