0 0.31927083333333334 0.5888888888888889 0.03203125 0.05416666666666667
0 0.3567708333333333 0.5356481481481481 0.019791666666666666 0.03518518518518519
0 0.3359375 0.512962962962963 0.0140625 0.027777777777777776
0 0.271875 0.5 0.012760416666666666 0.025925925925925925
0 0.14427083333333332 0.4962962962962963 0.0140625 0.026851851851851852
3 0.24609375 0.4777777777777778 0.008854166666666666 0.016203703703703703
3 0.3294270833333333 0.48194444444444445 0.0078125 0.016203703703703703
3 0.39348958333333334 0.487962962962963 0.01015625 0.016203703703703703
3 0.4513020833333333 0.49583333333333335 0.008854166666666666 0.01990740740740741
3 0.5088541666666667 0.5111111111111111 0.008854166666666666 0.022222222222222223
3 0.5661458333333333 0.5351851851851852 0.0140625 0.03009259259259259
3 0.6234375 0.5935185185185186 0.027604166666666666 0.049074074074074076