3 0.8674479166666667 0.7375 0.05963541666666667 0.18611111111111112
3 0.7065104166666667 0.45185185185185184 0.030729166666666665 0.11527777777777778
3 0.6174479166666667 0.3490740740740741 0.015364583333333333 0.06851851851851852
3 0.5653645833333333 0.30787037037037035 0.009375 0.04814814814814815
3 0.53671875 0.2814814814814815 0.00859375 0.038425925925925926
0 0.34375 0.5194444444444445 0.0359375 0.13935185185185187
0 0.41119791666666666 0.38287037037037036 0.015364583333333333 0.06620370370370371
0 0.41432291666666665 0.32731481481481484 0.011197916666666667 0.049074074074074076
0 0.42161458333333335 0.2962962962962963 0.00859375 0.037037037037037035
0 0.08828125 0.32916666666666666 0.01015625 0.038425925925925926
3 0.11770833333333333 0.29814814814814816 0.007552083333333333 0.028703703703703703
0 0.15703125 0.3050925925925926 0.01015625 0.038425925925925926
3 0.19270833333333334 0.2814814814814815 0.007291666666666667 0.024074074074074074
0 0.22109375 0.2902777777777778 0.0067708333333333336 0.03009259259259259
0 0.425 0.2740740740740741 0.00546875 0.028703703703703703
0 0.41692708333333334 0.26435185185185184 0.00546875 0.02638888888888889
0 0.39791666666666664 0.26064814814814813 0.0046875 0.02175925925925926
0 0.36302083333333335 0.25972222222222224 0.004166666666666667 0.02175925925925926
0 0.3111979166666667 0.26944444444444443 0.0046875 0.024074074074074074
0 0.275 0.2777777777777778 0.006510416666666667 0.02638888888888889
3 0.50703125 0.2657407407407407 0.00546875 0.024074074074074074
3 0.490625 0.25555555555555554 0.005208333333333333 0.020370370370370372
3 0.465625 0.2518518518518518 0.0046875 0.020370370370370372
3 0.4354166666666667 0.24953703703703703 0.00390625 0.01574074074074074
3 0.40390625 0.2518518518518518 0.00390625 0.01574074074074074
3 0.3684895833333333 0.2523148148148148 0.00390625 0.019444444444444445
3 0.3255208333333333 0.2564814814814815 0.004166666666666667 0.020370370370370372
3 0.28541666666666665 0.26342592592592595 0.005208333333333333 0.02175925925925926
3 0.23697916666666666 0.2708333333333333 0.00546875 0.022685185185185187