2 0.6854166666666667 0.7324074074074074 0.04739583333333333 0.09537037037037037
3 0.6481770833333333 0.6347222222222222 0.02734375 0.05740740740740741
2 0.62734375 0.6453703703703704 0.02734375 0.06018518518518518
2 0.6138020833333333 0.6162037037037037 0.015104166666666667 0.04722222222222222
1 0.60546875 0.5884259259259259 0.0171875 0.06620370370370371
1 0.6 0.5837962962962963 0.012760416666666666 0.06157407407407407
2 0.5864583333333333 0.5888888888888889 0.015364583333333333 0.038425925925925926
3 0.5786458333333333 0.5847222222222223 0.009895833333333333 0.03518518518518519
2 0.32447916666666665 0.7324074074074074 0.045572916666666664 0.08518518518518518
2 0.39375 0.6601851851851852 0.02734375 0.0587962962962963
2 0.41458333333333336 0.6310185185185185 0.021875 0.04722222222222222
1 0.4328125 0.6 0.023697916666666666 0.06157407407407407
1 0.44036458333333334 0.5953703703703703 0.0171875 0.06157407407407407
2 0.45416666666666666 0.5953703703703703 0.015364583333333333 0.03518518518518519
0 0.4708333333333333 0.5898148148148148 0.014583333333333334 0.033796296296296297
0 0.3736979166666667 0.6513888888888889 0.023697916666666666 0.05277777777777778
2 0.27369791666666665 0.6560185185185186 0.024479166666666666 0.05277777777777778
2 0.10546875 0.6615740740740741 0.025520833333333333 0.05277777777777778