0 0.31302083333333336 0.5106481481481482 0.039322916666666666 0.13703703703703704
0 0.43671875 0.36342592592592593 0.015885416666666666 0.06620370370370371
0 0.4625 0.31712962962962965 0.01015625 0.04583333333333333
0 0.45989583333333334 0.29074074074074074 0.0067708333333333336 0.043055555555555555
3 0.7205729166666667 0.6444444444444445 0.0265625 0.13240740740740742
3 0.6609375 0.4199074074074074 0.02265625 0.09953703703703703
3 0.6411458333333333 0.34629629629629627 0.012760416666666666 0.0625
3 0.6049479166666667 0.3050925925925926 0.01015625 0.043055555555555555
3 0.5721354166666667 0.2824074074074074 0.007552083333333333 0.038425925925925926
3 0.5520833333333334 0.26666666666666666 0.005208333333333333 0.028703703703703703
0 0.103125 0.33194444444444443 0.011979166666666667 0.043055555555555555
3 0.10755208333333334 0.300462962962963 0.00859375 0.028703703703703703
0 0.17239583333333333 0.30694444444444446 0.00859375 0.037037037037037035
3 0.17109375 0.2824074074074074 0.005989583333333334 0.02638888888888889
0 0.22109375 0.2916666666666667 0.006510416666666667 0.022685185185185187
3 0.22447916666666667 0.27175925925925926 0.005208333333333333 0.019444444444444445
0 0.2598958333333333 0.2777777777777778 0.0067708333333333336 0.02638888888888889
3 0.5291666666666667 0.25462962962962965 0.0046875 0.019444444444444445
3 0.5151041666666667 0.24768518518518517 0.002864583333333333 0.016666666666666666
3 0.4934895833333333 0.24444444444444444 0.002864583333333333 0.01574074074074074
3 0.4669270833333333 0.24212962962962964 0.00390625 0.013425925925925926
0 0.45338541666666665 0.25277777777777777 0.006510416666666667 0.020370370370370372
0 0.4359375 0.2513888888888889 0.005208333333333333 0.019444444444444445
0 0.40625 0.25046296296296294 0.0033854166666666668 0.01574074074074074
0 0.3653645833333333 0.25601851851851853 0.0046875 0.016666666666666666
0 0.33828125 0.262037037037037 0.005208333333333333 0.019444444444444445
0 0.30104166666666665 0.26990740740740743 0.00546875 0.022685185185185187
3 0.37265625 0.2462962962962963 0.00390625 0.014351851851851852
1 0.06510416666666667 0.32731481481481484 0.010677083333333334 0.05648148148148148
1 0.19348958333333333 0.2726851851851852 0.007291666666666667 0.03611111111111111
0 0.46145833333333336 0.2587962962962963 0.0046875 0.022685185185185187