0 0.10078125 0.749537037037037 0.05130208333333333 0.16203703703703703
0 0.21979166666666666 0.513425925925926 0.03828125 0.125
0 0.28671875 0.4064814814814815 0.022135416666666668 0.07685185185185185
0 0.3497395833333333 0.35555555555555557 0.013541666666666667 0.055092592592592596
0 0.41119791666666666 0.32685185185185184 0.013541666666666667 0.04814814814814815
0 0.46041666666666664 0.3050925925925926 0.011197916666666667 0.038425925925925926
0 0.4864583333333333 0.29074074074074074 0.00859375 0.033796296296296297
0 0.52734375 0.2763888888888889 0.0067708333333333336 0.028703703703703703
1 0.5325520833333334 0.262037037037037 0.00859375 0.043055555555555555
1 0.5372395833333333 0.25972222222222224 0.0067708333333333336 0.043055555555555555
0 0.5515625 0.262037037037037 0.005989583333333334 0.024074074074074074
0 0.575 0.25 0.005208333333333333 0.019444444444444445
3 0.7065104166666667 0.487962962962963 0.03411458333333333 0.12962962962962962
3 0.5747395833333333 0.36064814814814816 0.015364583333333333 0.0699074074074074
3 0.6083333333333333 0.3087962962962963 0.011979166666666667 0.043055555555555555
3 0.63046875 0.2847222222222222 0.00859375 0.033796296296296297
1 0.6395833333333333 0.26435185185185184 0.01015625 0.04814814814814815
1 0.64296875 0.26064814814814813 0.005989583333333334 0.04583333333333333
3 0.6458333333333334 0.26342592592592595 0.005208333333333333 0.02638888888888889
3 0.6565104166666667 0.25 0.005989583333333334 0.024074074074074074
3 0.6671875 0.23796296296296296 0.005208333333333333 0.019444444444444445
3 0.6716145833333333 0.23333333333333334 0.0033854166666666668 0.019444444444444445
0 0.6020833333333333 0.2375 0.005208333333333333 0.020370370370370372
3 0.103125 0.3388888888888889 0.01015625 0.033796296296296297
0 0.17317708333333334 0.3402777777777778 0.011979166666666667 0.040740740740740744
3 0.20052083333333334 0.3199074074074074 0.00859375 0.033796296296296297
0 0.2747395833333333 0.31851851851851853 0.01015625 0.033796296296296297
0 0.3497395833333333 0.300462962962963 0.00859375 0.033796296296296297
3 0.3177083333333333 0.29212962962962963 0.005989583333333334 0.02638888888888889
3 0.3223958333333333 0.2861111111111111 0.005208333333333333 0.02175925925925926
3 0.33958333333333335 0.2777777777777778 0.005208333333333333 0.016666666666666666
3 0.353125 0.2740740740740741 0.005208333333333333 0.019444444444444445
3 0.36953125 0.26805555555555555 0.004166666666666667 0.019444444444444445
3 0.39765625 0.30277777777777776 0.00859375 0.033796296296296297
3 0.5111979166666667 0.26157407407407407 0.007291666666666667 0.020370370370370372
3 0.45755208333333336 0.2777777777777778 0.006510416666666667 0.019444444444444445
0 0.4734375 0.2537037037037037 0.0046875 0.024074074074074074
0 0.4109375 0.274537037037037 0.00546875 0.020370370370370372
0 0.39791666666666664 0.2777777777777778 0.004166666666666667 0.019444444444444445
0 0.4440104166666667 0.25601851851851853 0.002864583333333333 0.014351851851851852
3 0.39140625 0.2638888888888889 0.0046875 0.018055555555555554
3 0.4158854166666667 0.2564814814814815 0.0033854166666666668 0.01574074074074074
2 0.42734375 0.25601851851851853 0.00390625 0.019444444444444445
0 0.49947916666666664 0.2462962962962963 0.0033854166666666668 0.014351851851851852
0 0.5486979166666667 0.2375 0.0033854166666666668 0.013425925925925926
0 0.61484375 0.23148148148148148 0.004166666666666667 0.020370370370370372
0 0.6231770833333333 0.22592592592592592 0.0033854166666666668 0.016666666666666666
3 0.6770833333333334 0.2273148148148148 0.0033854166666666668 0.014351851851851852
3 0.6794270833333333 0.2199074074074074 0.002864583333333333 0.016666666666666666
3 0.6815104166666667 0.21574074074074073 0.002864583333333333 0.013425925925925926
0 0.61015625 0.22916666666666666 0.0033854166666666668 0.020370370370370372
0 0.6296875 0.22175925925925927 0.0033854166666666668 0.01574074074074074
0 0.6361979166666667 0.21805555555555556 0.0026041666666666665 0.013425925925925926
3 0.6421875 0.2152777777777778 0.002864583333333333 0.012037037037037037
3 0.5153645833333333 0.2324074074074074 0.004166666666666667 0.01574074074074074
3 0.51796875 0.23935185185185184 0.0033854166666666668 0.014351851851851852
0 0.52734375 0.24212962962962964 0.0033854166666666668 0.01574074074074074
2 0.5544270833333333 0.23657407407407408 0.00390625 0.014351851851851852
0 0.5627604166666667 0.23657407407407408 0.0026041666666666665 0.012037037037037037
3 0.6549479166666666 0.21574074074074073 0.0026041666666666665 0.010648148148148148
3 0.6684895833333333 0.21574074074074073 0.0026041666666666665 0.010648148148148148
3 0.5395833333333333 0.2273148148148148 0.002864583333333333 0.012037037037037037
3 0.6463541666666667 0.21296296296296297 0.0026041666666666665 0.009722222222222222
3 0.65 0.21296296296296297 0.0020833333333333333 0.009722222222222222
2 0.5747395833333333 0.22592592592592592 0.0033854166666666668 0.016666666666666666
3 0.496875 0.24212962962962964 0.002864583333333333 0.013425925925925926
3 0.5299479166666666 0.2337962962962963 0.002864583333333333 0.01574074074074074
3 0.5221354166666666 0.22962962962962963 0.0026041666666666665 0.012037037037037037