3 0.7419270833333333 0.6393518518518518 0.062239583333333334 0.2162037037037037
3 0.6067708333333334 0.39675925925925926 0.023958333333333335 0.0912037037037037
3 0.5640625 0.32685185185185184 0.013541666666666667 0.06018518518518518
3 0.54140625 0.29212962962962963 0.01015625 0.043055555555555555
3 0.5067708333333333 0.27870370370370373 0.00859375 0.033796296296296297
3 0.46875 0.27175925925925926 0.007552083333333333 0.033796296296296297
3 0.425 0.27037037037037037 0.00859375 0.03148148148148148
0 0.3924479166666667 0.32685185185185184 0.013541666666666667 0.05277777777777778
0 0.35078125 0.38472222222222224 0.023958333333333335 0.08194444444444444
0 0.221875 0.5648148148148148 0.04348958333333333 0.16342592592592592
0 0.17864583333333334 0.32916666666666666 0.015364583333333333 0.05277777777777778
3 0.21328125 0.29305555555555557 0.01015625 0.038425925925925926
0 0.2799479166666667 0.3101851851851852 0.011197916666666667 0.043055555555555555
3 0.2799479166666667 0.2814814814814815 0.00859375 0.03611111111111111
3 0.334375 0.2740740740740741 0.00859375 0.033796296296296297
0 0.3497395833333333 0.30648148148148147 0.01015625 0.040740740740740744
3 0.10677083333333333 0.3101851851851852 0.009375 0.043055555555555555