0 0.37109375 0.4615740740740741 0.02890625 0.1175925925925926
0 0.48463541666666665 0.3365740740740741 0.015364583333333333 0.0625
0 0.5809895833333333 0.30277777777777776 0.01015625 0.04814814814814815
0 0.6890625 0.2898148148148148 0.01015625 0.043055555555555555
3 0.8377604166666667 0.34629629629629627 0.0171875 0.06712962962962964
3 0.8046875 0.387037037037037 0.020572916666666666 0.08657407407407407
1 0.7424479166666667 0.2740740740740741 0.013541666666666667 0.06712962962962964
1 0.7614583333333333 0.2740740740740741 0.013541666666666667 0.06481481481481481
0 0.79765625 0.2814814814814815 0.009375 0.043055555555555555
0 0.8434895833333333 0.27546296296296297 0.01015625 0.038425925925925926
0 0.8575520833333333 0.2657407407407407 0.00859375 0.03148148148148148
0 0.896875 0.24953703703703703 0.0067708333333333336 0.02546296296296296
1 0.896875 0.3148148148148148 0.025520833333333333 0.0962962962962963
1 0.9252604166666667 0.3111111111111111 0.023958333333333335 0.09351851851851851
3 0.7888020833333333 0.4449074074074074 0.031510416666666666 0.11527777777777778
3 0.8088541666666667 0.5763888888888888 0.04765625 0.1814814814814815