3 0.40989583333333335 0.2708333333333333 0.005208333333333333 0.022685185185185187
3 0.4359375 0.26805555555555555 0.005208333333333333 0.024074074074074074
0 0.5942708333333333 0.26805555555555555 0.004166666666666667 0.02175925925925926
0 0.6544270833333333 0.27037037037037037 0.005208333333333333 0.024074074074074074
0 0.25 0.29074074074074074 0.00859375 0.028703703703703703
3 0.3578125 0.27824074074074073 0.008072916666666667 0.027777777777777776
3 0.365625 0.2740740740740741 0.004166666666666667 0.02175925925925926
3 0.39166666666666666 0.28379629629629627 0.0067708333333333336 0.028703703703703703
3 0.44869791666666664 0.2884259259259259 0.007552083333333333 0.028703703703703703
3 0.49322916666666666 0.29074074074074074 0.0067708333333333336 0.033796296296296297
3 0.5614583333333333 0.2740740740740741 0.005989583333333334 0.024074074074074074
3 0.6408854166666667 0.27824074074074073 0.0067708333333333336 0.027777777777777776
0 0.8520833333333333 0.2814814814814815 0.008854166666666666 0.028703703703703703
3 0.5393229166666667 0.2967592592592593 0.00859375 0.038425925925925926
0 0.37213541666666666 0.31712962962962965 0.01015625 0.043055555555555555
0 0.42265625 0.32916666666666666 0.012760416666666666 0.04814814814814815
3 0.5861979166666667 0.31712962962962965 0.011197916666666667 0.04814814814814815
3 0.6255208333333333 0.3486111111111111 0.0171875 0.0625
0 0.38984375 0.3773148148148148 0.01875 0.07222222222222222
3 0.6776041666666667 0.4064814814814815 0.02734375 0.0912037037037037
3 0.7919270833333333 0.5879629629629629 0.06145833333333333 0.18009259259259258
0 0.12109375 0.6476851851851851 0.05807291666666667 0.19953703703703704
3 0.86328125 0.29212962962962963 0.0125 0.038425925925925926
0 0.31875 0.45694444444444443 0.031510416666666666 0.10324074074074074
0 0.7338541666666667 0.2740740740740741 0.005208333333333333 0.024074074074074074
0 0.5348958333333333 0.2662037037037037 0.002864583333333333 0.022685185185185187
3 0.5028645833333333 0.2708333333333333 0.005208333333333333 0.022685185185185187
0 0.4934895833333333 0.2638888888888889 0.004166666666666667 0.020370370370370372
3 0.46796875 0.26990740740740743 0.005208333333333333 0.02546296296296296
0 0.4510416666666667 0.26342592592592595 0.0033854166666666668 0.019444444444444445
0 0.26458333333333334 0.29907407407407405 0.005208333333333333 0.033796296296296297
0 0.26953125 0.2777777777777778 0.005208333333333333 0.02638888888888889
0 0.2994791666666667 0.274537037037037 0.004166666666666667 0.022685185185185187
0 0.31302083333333336 0.3050925925925926 0.00546875 0.033796296296296297
3 0.38333333333333336 0.2722222222222222 0.00546875 0.02546296296296296
3 0.3692708333333333 0.27870370370370373 0.00546875 0.02638888888888889
0 0.33203125 0.26990740740740743 0.0046875 0.022685185185185187
0 0.3731770833333333 0.2657407407407407 0.0046875 0.019444444444444445