0 0.7841145833333333 0.3125 0.015364583333333333 0.05277777777777778
0 0.8447916666666667 0.3111111111111111 0.0171875 0.055092592592592596
0 0.66640625 0.32222222222222224 0.014583333333333334 0.05787037037037037
0 0.7328125 0.3125 0.013541666666666667 0.05277777777777778
0 0.9197916666666667 0.31712962962962965 0.0171875 0.05787037037037037
0 0.58203125 0.34120370370370373 0.0171875 0.06712962962962964
0 0.62890625 0.33425925925925926 0.01796875 0.07222222222222222
0 0.546875 0.362962962962963 0.020572916666666666 0.07685185185185185
0 0.43854166666666666 0.4375 0.02890625 0.11527777777777778
3 0.9192708333333334 0.5037037037037037 0.04140625 0.14675925925925926
0 0.25052083333333336 0.6453703703703704 0.058854166666666666 0.20185185185185187
3 0.91953125 0.6921296296296297 0.040625 0.22592592592592592