0 0.6158854166666666 0.7981481481481482 0.10729166666666666 0.1962962962962963
2 0.59921875 0.6277777777777778 0.06536458333333334 0.13842592592592592
1 0.5463541666666667 0.5106481481481482 0.057291666666666664 0.15231481481481482
1 0.5208333333333334 0.49166666666666664 0.029166666666666667 0.1375
1 0.8989583333333333 0.4203703703703704 0.07421875 0.1412037037037037
1 0.85078125 0.4115740740740741 0.05807291666666667 0.12638888888888888
2 0.78828125 0.425 0.04192708333333333 0.0763888888888889
3 0.7401041666666667 0.4148148148148148 0.03359375 0.06759259259259259
2 0.7997395833333333 0.8361111111111111 0.053125 0.12222222222222222
2 0.23203125 0.8527777777777777 0.0421875 0.08611111111111111
0 0.5458333333333333 0.45092592592592595 0.020833333333333332 0.05740740740740741