2 0.19947916666666668 0.8319444444444445 0.09192708333333334 0.1287037037037037
2 0.6763020833333333 0.7324074074074074 0.10911458333333333 0.21481481481481482
0 0.5265625 0.7013888888888888 0.08958333333333333 0.18518518518518517
2 0.49375 0.5675925925925925 0.05807291666666667 0.12361111111111112
2 0.84453125 0.39861111111111114 0.05807291666666667 0.1
1 0.72265625 0.3611111111111111 0.05625 0.12037037037037036
1 0.6854166666666667 0.3560185185185185 0.04375 0.1087962962962963
2 0.63359375 0.3763888888888889 0.03463541666666667 0.06759259259259259
3 0.5927083333333333 0.37222222222222223 0.029166666666666667 0.06018518518518518
1 0.4044270833333333 0.46620370370370373 0.02265625 0.13240740740740742
1 0.43333333333333335 0.47962962962962963 0.05416666666666667 0.1398148148148148