3 0.65625 0.44722222222222224 0.030729166666666665 0.11064814814814815
3 0.4778645833333333 0.40185185185185185 0.022135416666666668 0.07824074074074074
3 0.3171875 0.4115740740740741 0.0234375 0.07314814814814814
3 0.14583333333333334 0.4398148148148148 0.028125 0.07916666666666666
3 0.06666666666666667 0.36527777777777776 0.011979166666666667 0.038425925925925926
3 0.0921875 0.3523148148148148 0.01015625 0.033796296296296297
3 0.10755208333333334 0.3472222222222222 0.005208333333333333 0.02638888888888889
3 0.11510416666666666 0.33796296296296297 0.0067708333333333336 0.02638888888888889
0 0.084375 0.7300925925925926 0.049479166666666664 0.20092592592592592
3 0.10130208333333333 0.33796296296296297 0.006510416666666667 0.024074074074074074
3 0.06536458333333334 0.3384259259259259 0.005208333333333333 0.01574074074074074
3 0.25703125 0.27870370370370373 0.002864583333333333 0.014351851851851852
3 0.2755208333333333 0.26666666666666666 0.004166666666666667 0.016666666666666666