0 0.07760416666666667 0.5708333333333333 0.0359375 0.19212962962962962
0 0.2953125 0.38564814814814813 0.03411458333333333 0.1175925925925926
0 0.38697916666666665 0.3282407407407407 0.023958333333333335 0.08425925925925926
0 0.4510416666666667 0.2865740740740741 0.01796875 0.07083333333333333
0 0.5106770833333333 0.26064814814814813 0.0171875 0.06018518518518518
0 0.59921875 0.23564814814814813 0.0125 0.05277777777777778
0 0.6736979166666667 0.21712962962962962 0.00859375 0.04675925925925926
0 0.734375 0.2050925925925926 0.009895833333333333 0.03981481481481482
0 0.79140625 0.19907407407407407 0.00859375 0.034722222222222224
0 0.8364583333333333 0.19583333333333333 0.008854166666666666 0.03611111111111111
3 0.9106770833333333 0.28055555555555556 0.025260416666666667 0.07824074074074074
0 0.89921875 0.19537037037037036 0.00859375 0.034722222222222224
3 0.87421875 0.32685185185185184 0.03333333333333333 0.10092592592592593
3 0.8567708333333334 0.42268518518518516 0.04296875 0.1476851851851852
3 0.9161458333333333 0.675 0.04739583333333333 0.26064814814814813