0 0.25078125 0.5407407407407407 0.0375 0.1537037037037037
0 0.37109375 0.37962962962962965 0.01875 0.07685185185185185
0 0.4122395833333333 0.32222222222222224 0.01015625 0.05277777777777778
0 0.37213541666666666 0.30185185185185187 0.01015625 0.040740740740740744
0 0.3072916666666667 0.3050925925925926 0.009375 0.040740740740740744
0 0.21588541666666666 0.31712962962962965 0.011979166666666667 0.04814814814814815
3 0.7481770833333333 0.6453703703703704 0.06302083333333333 0.21851851851851853
3 0.6203125 0.39537037037037037 0.022135416666666668 0.0912037037037037
3 0.58203125 0.32592592592592595 0.011979166666666667 0.05787037037037037
3 0.5606770833333333 0.29074074074074074 0.01015625 0.040740740740740744
3 0.5265625 0.2777777777777778 0.00859375 0.03611111111111111
3 0.48880208333333336 0.27037037037037037 0.007552083333333333 0.033796296296296297
3 0.44635416666666666 0.26944444444444443 0.0067708333333333336 0.033796296296296297
3 0.40182291666666664 0.26944444444444443 0.00859375 0.033796296296296297
3 0.35911458333333335 0.27037037037037037 0.00859375 0.033796296296296297
3 0.24661458333333333 0.2861111111111111 0.01015625 0.040740740740740744
3 0.15260416666666668 0.3050925925925926 0.011197916666666667 0.043055555555555555
3 0.30807291666666664 0.2763888888888889 0.00859375 0.033796296296296297