0 0.6908854166666667 0.30648148148148147 0.009895833333333333 0.04583333333333333
0 0.7739583333333333 0.29814814814814816 0.011197916666666667 0.04583333333333333
0 0.81328125 0.2967592592592593 0.0125 0.04583333333333333
0 0.86796875 0.2986111111111111 0.01328125 0.04675925925925926
0 0.92421875 0.30092592592592593 0.01328125 0.04675925925925926
0 0.6221354166666667 0.3226851851851852 0.0125 0.05416666666666667
0 0.5622395833333333 0.3490740740740741 0.013541666666666667 0.06388888888888888
3 0.9192708333333334 0.39861111111111114 0.027604166666666666 0.09259259259259259
0 0.44244791666666666 0.42777777777777776 0.022916666666666665 0.0962962962962963
3 0.8208333333333333 0.4300925925925926 0.029947916666666668 0.10555555555555556
0 0.33151041666666664 0.5162037037037037 0.0375 0.13564814814814816
3 0.7859375 0.5662037037037037 0.04296875 0.17546296296296296