0 0.49140625 0.2814814814814815 0.00859375 0.033796296296296297
3 0.5942708333333333 0.27870370370370373 0.00859375 0.038425925925925926
3 0.6125 0.300462962962963 0.013541666666666667 0.04814814814814815
0 0.4674479166666667 0.324537037037037 0.013541666666666667 0.04814814814814815
3 0.6356770833333333 0.32685185185185184 0.0171875 0.05787037037037037
3 0.6833333333333333 0.38935185185185184 0.023958333333333335 0.08888888888888889
3 0.7658854166666667 0.5023148148148148 0.042708333333333334 0.1537037037037037
0 0.38177083333333334 0.4986111111111111 0.031510416666666666 0.12962962962962962
0 0.4276041666666667 0.39444444444444443 0.01953125 0.08194444444444444
0 0.49895833333333334 0.2657407407407407 0.00546875 0.028703703703703703
0 0.5033854166666667 0.2523148148148148 0.005208333333333333 0.02175925925925926
0 0.5096354166666667 0.24537037037037038 0.0046875 0.019444444444444445
0 0.5184895833333333 0.2412037037037037 0.00390625 0.020370370370370372
3 0.5815104166666667 0.26435185185185184 0.007552083333333333 0.028703703703703703
3 0.575 0.24768518518518517 0.004166666666666667 0.024074074074074074
0 0.540625 0.23425925925925925 0.0033854166666666668 0.019444444444444445
0 0.5559895833333334 0.2324074074074074 0.0033854166666666668 0.01574074074074074
3 0.5861979166666667 0.2375 0.0033854166666666668 0.018055555555555554
3 0.6010416666666667 0.2351851851851852 0.0033854166666666668 0.018055555555555554
3 0.62265625 0.2324074074074074 0.00390625 0.018055555555555554
3 0.6463541666666667 0.23055555555555557 0.004166666666666667 0.016666666666666666
3 0.6640625 0.2324074074074074 0.00390625 0.018055555555555554
3 0.9263020833333333 0.2708333333333333 0.008854166666666666 0.034722222222222224
3 0.8403645833333333 0.25 0.005989583333333334 0.028703703703703703
3 0.6893229166666667 0.23055555555555557 0.004166666666666667 0.019444444444444445
3 0.8026041666666667 0.24166666666666667 0.00546875 0.02638888888888889
3 0.7559895833333333 0.2361111111111111 0.005208333333333333 0.020370370370370372
3 0.7223958333333333 0.23333333333333334 0.002864583333333333 0.016666666666666666
0 0.90234375 0.2439814814814815 0.0067708333333333336 0.028703703703703703
0 0.8625 0.2351851851851852 0.007291666666666667 0.02546296296296296
0 0.821875 0.23148148148148148 0.00546875 0.022685185185185187
0 0.7942708333333334 0.22916666666666666 0.006510416666666667 0.022685185185185187
0 0.5817708333333333 0.22777777777777777 0.00390625 0.01574074074074074
0 0.6044270833333333 0.22546296296296298 0.00390625 0.01574074074074074
0 0.6307291666666667 0.22361111111111112 0.00390625 0.016666666666666666
0 0.6609375 0.2222222222222222 0.004166666666666667 0.016666666666666666