0 0.396875 0.37037037037037035 0.01875 0.07916666666666666
0 0.4973958333333333 0.3509259259259259 0.01796875 0.07222222222222222
0 0.6671875 0.35555555555555557 0.01875 0.07453703703703704
0 0.8114583333333333 0.375 0.022135416666666668 0.08657407407407407
0 0.16041666666666668 0.5 0.044270833333333336 0.13935185185185187
0 0.8684895833333334 0.24583333333333332 0.0046875 0.027777777777777776
3 0.8734375 0.23981481481481481 0.00546875 0.02546296296296296
3 0.81796875 0.23148148148148148 0.006510416666666667 0.02546296296296296
3 0.7684895833333333 0.22916666666666666 0.0046875 0.022685185185185187
3 0.7174479166666666 0.22314814814814815 0.0046875 0.020370370370370372
3 0.6463541666666667 0.2152777777777778 0.005208333333333333 0.019444444444444445
0 0.5833333333333334 0.21435185185185185 0.00390625 0.018055555555555554
0 0.5903645833333333 0.21388888888888888 0.0033854166666666668 0.016666666666666666
0 0.6309895833333333 0.22361111111111112 0.004166666666666667 0.016666666666666666
0 0.6723958333333333 0.22824074074074074 0.005208333333333333 0.019444444444444445
0 0.7263020833333333 0.2324074074074074 0.00546875 0.02546296296296296
0 0.78671875 0.23981481481481481 0.005989583333333334 0.02546296296296296
3 0.909375 0.2300925925925926 0.00546875 0.020370370370370372