0 0.296875 0.5166666666666667 0.04088541666666667 0.12962962962962962
0 0.43463541666666666 0.375 0.016145833333333335 0.06712962962962964
0 0.49114583333333334 0.33287037037037037 0.011979166666666667 0.050462962962962966
0 0.5442708333333334 0.3050925925925926 0.01015625 0.043055555555555555
0 0.5575520833333333 0.2861111111111111 0.007552083333333333 0.033796296296296297
0 0.5442708333333334 0.2763888888888889 0.0067708333333333336 0.028703703703703703
0 0.51796875 0.27175925925925926 0.005208333333333333 0.024074074074074074
0 0.48984375 0.26944444444444443 0.005989583333333334 0.024074074074074074
0 0.45729166666666665 0.27037037037037037 0.005208333333333333 0.02638888888888889
0 0.4244791666666667 0.2763888888888889 0.005989583333333334 0.024074074074074074
0 0.3796875 0.2847222222222222 0.005989583333333334 0.028703703703703703
0 0.315625 0.300462962962963 0.00859375 0.033796296296296297
1 0.27395833333333336 0.29907407407407405 0.011979166666666667 0.06018518518518518
1 0.26119791666666664 0.30277777777777776 0.011979166666666667 0.06018518518518518
1 0.23046875 0.2898148148148148 0.01015625 0.050462962962962966
1 0.21848958333333332 0.29074074074074074 0.00859375 0.04814814814814815
0 0.1671875 0.3351851851851852 0.013541666666666667 0.04583333333333333
3 0.15182291666666667 0.3148148148148148 0.01015625 0.038425925925925926
3 0.73125 0.5347222222222222 0.04609375 0.15138888888888888
3 0.7018229166666666 0.3726851851851852 0.01953125 0.07222222222222222
3 0.7125 0.3199074074074074 0.011979166666666667 0.04814814814814815
3 0.7127604166666667 0.30277777777777776 0.01015625 0.043055555555555555
3 0.6927083333333334 0.27870370370370373 0.00859375 0.033796296296296297
3 0.6578125 0.26944444444444443 0.0067708333333333336 0.028703703703703703
3 0.6330729166666667 0.26435185185185184 0.005208333333333333 0.02638888888888889
3 0.6075520833333333 0.25972222222222224 0.005208333333333333 0.024074074074074074
3 0.58203125 0.25601851851851853 0.005208333333333333 0.02175925925925926
3 0.5494791666666666 0.25601851851851853 0.005208333333333333 0.019444444444444445
3 0.5208333333333334 0.25462962962962965 0.0033854166666666668 0.019444444444444445
3 0.46067708333333335 0.2574074074074074 0.0033854166666666668 0.019444444444444445
3 0.4197916666666667 0.262037037037037 0.0033854166666666668 0.019444444444444445
3 0.39166666666666666 0.2657407407407407 0.005208333333333333 0.024074074074074074
3 0.33697916666666666 0.2763888888888889 0.005208333333333333 0.02638888888888889
3 0.27890625 0.2884259259259259 0.0067708333333333336 0.028703703703703703