0 0.42994791666666665 0.33194444444444443 0.011979166666666667 0.050462962962962966
3 0.6028645833333334 0.31712962962962965 0.01015625 0.04814814814814815
3 0.6125 0.300462962962963 0.00859375 0.04583333333333333
3 0.6596354166666667 0.29583333333333334 0.01015625 0.043055555555555555
3 0.71328125 0.30787037037037035 0.011979166666666667 0.050462962962962966
3 0.809375 0.3486111111111111 0.022135416666666668 0.0699074074074074
0 0.23541666666666666 0.7138888888888889 0.06484375 0.23055555555555557
0 0.4752604166666667 0.29814814814814816 0.01015625 0.038425925925925926
3 0.6432291666666666 0.35694444444444445 0.0171875 0.07916666666666666
3 0.7244791666666667 0.425462962962963 0.02734375 0.11064814814814815
0 0.396875 0.38935185185185184 0.0171875 0.08194444444444444
0 0.5067708333333333 0.28379629629629627 0.0067708333333333336 0.033796296296296297
0 0.5669270833333333 0.2740740740740741 0.007552083333333333 0.028703703703703703
0 0.6177083333333333 0.26666666666666666 0.00859375 0.033796296296296297
0 0.6859375 0.26435185185185184 0.00859375 0.033796296296296297
0 0.7294270833333333 0.2657407407407407 0.00859375 0.03611111111111111
0 0.8080729166666667 0.2763888888888889 0.011979166666666667 0.043055555555555555
0 0.8744791666666667 0.2884259259259259 0.016145833333333335 0.05277777777777778