0 0.22265625 0.7361111111111112 0.05807291666666667 0.18888888888888888
0 0.4557291666666667 0.43287037037037035 0.025520833333333333 0.0962962962962963
0 0.53203125 0.3726851851851852 0.01875 0.07222222222222222
0 0.5997395833333333 0.33425925925925926 0.012760416666666666 0.055092592592592596
0 0.6203125 0.30787037037037035 0.01015625 0.043055555555555555
0 0.6088541666666667 0.2898148148148148 0.00859375 0.03611111111111111
0 0.59609375 0.2740740740740741 0.0067708333333333336 0.028703703703703703
0 0.5815104166666667 0.26435185185185184 0.005989583333333334 0.024074074074074074
0 0.5408854166666667 0.25972222222222224 0.005208333333333333 0.02175925925925926
0 0.5153645833333333 0.25601851851851853 0.005208333333333333 0.02175925925925926
0 0.490625 0.25462962962962965 0.005208333333333333 0.019444444444444445
0 0.45989583333333334 0.25601851851851853 0.004166666666666667 0.019444444444444445
0 0.4317708333333333 0.2574074074074074 0.004166666666666667 0.019444444444444445
0 0.4049479166666667 0.26342592592592595 0.005208333333333333 0.02175925925925926
0 0.38046875 0.26944444444444443 0.005208333333333333 0.024074074074074074
0 0.3497395833333333 0.2763888888888889 0.005208333333333333 0.024074074074074074
0 0.3015625 0.2861111111111111 0.0067708333333333336 0.028703703703703703
0 0.19869791666666667 0.30277777777777776 0.009375 0.033796296296296297
0 0.062239583333333334 0.32592592592592595 0.005208333333333333 0.03611111111111111
3 0.08880208333333334 0.3050925925925926 0.00859375 0.028703703703703703
3 0.18776041666666668 0.29212962962962963 0.00859375 0.028703703703703703
3 0.26953125 0.2814814814814815 0.0067708333333333336 0.024074074074074074
3 0.32005208333333335 0.27037037037037037 0.005208333333333333 0.02175925925925926
3 0.3625 0.26064814814814813 0.004166666666666667 0.019444444444444445
3 0.4010416666666667 0.25462962962962965 0.004166666666666667 0.019444444444444445
3 0.4265625 0.2523148148148148 0.0033854166666666668 0.016666666666666666
3 0.4666666666666667 0.25 0.0033854166666666668 0.019444444444444445
3 0.5028645833333333 0.25 0.004166666666666667 0.016666666666666666
3 0.5434895833333333 0.25 0.0033854166666666668 0.019444444444444445
3 0.56875 0.2513888888888889 0.004166666666666667 0.019444444444444445
3 0.5981770833333333 0.2523148148148148 0.005208333333333333 0.019444444444444445
3 0.6216145833333333 0.25462962962962965 0.005208333333333333 0.02175925925925926
3 0.6502604166666667 0.2574074074074074 0.005208333333333333 0.024074074074074074
3 0.6903645833333333 0.26805555555555555 0.0067708333333333336 0.028703703703703703
3 0.71640625 0.2800925925925926 0.009375 0.033796296296296297
3 0.76015625 0.30185185185185187 0.011979166666666667 0.043055555555555555
3 0.8361979166666667 0.3472222222222222 0.01953125 0.06481481481481481
3 0.90234375 0.4097222222222222 0.034895833333333334 0.0912037037037037
3 0.8651041666666667 0.487962962962963 0.044270833333333336 0.12962962962962962