2 0.8419270833333333 0.5662037037037037 0.054427083333333334 0.0912037037037037
2 0.74453125 0.49398148148148147 0.029166666666666667 0.05740740740740741
3 0.7645833333333333 0.4847222222222222 0.025520833333333333 0.05462962962962963
2 0.721875 0.4689814814814815 0.023697916666666666 0.04722222222222222
1 0.7036458333333333 0.4439814814814815 0.023697916666666666 0.06481481481481481
1 0.69375 0.4425925925925926 0.014583333333333334 0.06157407407407407
2 0.67734375 0.4476851851851852 0.015364583333333333 0.03657407407407407
3 0.6669270833333333 0.44351851851851853 0.01171875 0.033796296296296297
2 0.47369791666666666 0.7398148148148148 0.06354166666666666 0.1587962962962963
2 0.4744791666666667 0.5712962962962963 0.04010416666666667 0.07962962962962963
2 0.5109375 0.5101851851851852 0.025520833333333333 0.056018518518518516
2 0.5190104166666667 0.48518518518518516 0.0171875 0.04398148148148148
1 0.528125 0.45787037037037037 0.020052083333333335 0.06018518518518518
1 0.5317708333333333 0.45601851851851855 0.01640625 0.056018518518518516
2 0.5419270833333333 0.45601851851851855 0.014583333333333334 0.033796296296296297
0 0.5559895833333334 0.4513888888888889 0.013541666666666667 0.032407407407407406
0 0.4864583333333333 0.5037037037037037 0.021875 0.05
2 0.39010416666666664 0.5087962962962963 0.021875 0.05
2 0.23098958333333333 0.5148148148148148 0.021875 0.04722222222222222
2 0.15 0.5462962962962963 0.018229166666666668 0.06018518518518518