0 0.5513020833333333 0.2657407407407407 0.006510416666666667 0.03148148148148148
3 0.6846354166666667 0.27175925925925926 0.007552083333333333 0.033796296296296297
3 0.7328125 0.2675925925925926 0.007552083333333333 0.037037037037037035
3 0.7703125 0.26805555555555555 0.008854166666666666 0.03611111111111111
0 0.521875 0.2777777777777778 0.006510416666666667 0.03148148148148148
3 0.6450520833333333 0.2763888888888889 0.007552083333333333 0.03611111111111111
3 0.83359375 0.2726851851851852 0.009375 0.03611111111111111
3 0.9216145833333333 0.2814814814814815 0.011458333333333333 0.04583333333333333
0 0.47213541666666664 0.3050925925925926 0.008854166666666666 0.043055555555555555
0 0.4427083333333333 0.3287037037037037 0.011197916666666667 0.05185185185185185
3 0.6091145833333333 0.32083333333333336 0.011979166666666667 0.05277777777777778
3 0.6291666666666667 0.37037037037037035 0.021354166666666667 0.07453703703703704
0 0.4002604166666667 0.38842592592592595 0.018229166666666668 0.07685185185185185
3 0.78046875 0.6597222222222222 0.07213541666666666 0.2212962962962963
0 0.2669270833333333 0.6476851851851851 0.054947916666666666 0.20416666666666666
0 0.596875 0.25787037037037036 0.005208333333333333 0.027777777777777776
3 0.6221354166666667 0.29074074074074074 0.00859375 0.043055555555555555
0 0.6346354166666667 0.2518518518518518 0.0046875 0.02546296296296296
0 0.7950520833333333 0.2513888888888889 0.006510416666666667 0.028703703703703703
0 0.8677083333333333 0.25462962962962965 0.007552083333333333 0.033796296296296297