0 0.9104166666666667 0.2740740740740741 0.0067708333333333336 0.024074074074074074
3 0.6502604166666667 0.29583333333333334 0.00859375 0.038425925925925926
3 0.825 0.30694444444444446 0.011979166666666667 0.037037037037037035
0 0.9361979166666666 0.30416666666666664 0.007291666666666667 0.03611111111111111
3 0.8763020833333334 0.3287037037037037 0.0171875 0.05185185185185185
3 0.69375 0.3486111111111111 0.015364583333333333 0.0625
0 0.4192708333333333 0.38842592592592595 0.022135416666666668 0.07916666666666666
3 0.78125 0.46805555555555556 0.03463541666666667 0.11666666666666667
0 0.23177083333333334 0.5925925925925926 0.05807291666666667 0.17546296296296296
0 0.4875 0.31666666666666665 0.011979166666666667 0.04675925925925926
0 0.5200520833333333 0.28379629629629627 0.007552083333333333 0.03148148148148148
0 0.5369791666666667 0.2657407407407407 0.006510416666666667 0.02638888888888889
0 0.5510416666666667 0.25046296296296294 0.00390625 0.020370370370370372
0 0.5572916666666666 0.24537037037037038 0.0033854166666666668 0.019444444444444445
0 0.5630208333333333 0.2412037037037037 0.002864583333333333 0.01574074074074074
0 0.565625 0.23564814814814813 0.0033854166666666668 0.014351851851851852
3 0.6322916666666667 0.27037037037037037 0.0067708333333333336 0.03148148148148148
3 0.6244791666666667 0.25462962962962965 0.005208333333333333 0.024074074074074074
3 0.8013020833333333 0.29212962962962963 0.00859375 0.033796296296296297
3 0.8182291666666667 0.27870370370370373 0.00859375 0.028703703703703703
3 0.80546875 0.2814814814814815 0.0067708333333333336 0.033796296296296297
3 0.84296875 0.2763888888888889 0.007552083333333333 0.028703703703703703
3 0.8515625 0.27546296296296297 0.0067708333333333336 0.02638888888888889
3 0.8377604166666667 0.26666666666666666 0.005989583333333334 0.024074074074074074
0 0.8661458333333333 0.26481481481481484 0.005208333333333333 0.020370370370370372
3 0.8270833333333333 0.2625 0.006510416666666667 0.02546296296296296
3 0.7510416666666667 0.2518518518518518 0.00546875 0.018055555555555554
3 0.7096354166666666 0.2462962962962963 0.0046875 0.014351851851851852
3 0.5893229166666667 0.22777777777777777 0.00390625 0.01574074074074074
3 0.603125 0.23055555555555557 0.0033854166666666668 0.014351851851851852
3 0.6856770833333333 0.24027777777777778 0.0046875 0.016666666666666666
3 0.6934895833333333 0.2337962962962963 0.00390625 0.013425925925925926
0 0.7341145833333333 0.24537037037037038 0.00390625 0.016666666666666666
3 0.5765625 0.2273148148148148 0.002864583333333333 0.014351851851851852
3 0.6161458333333333 0.2412037037037037 0.0026041666666666665 0.01574074074074074
3 0.6140625 0.2361111111111111 0.0020833333333333333 0.01574074074074074
3 0.6125 0.2337962962962963 0.0018229166666666667 0.013425925925925926
3 0.62421875 0.2212962962962963 0.0026041666666666665 0.009722222222222222
3 0.6708333333333333 0.23425925925925925 0.002864583333333333 0.016666666666666666
3 0.69921875 0.22916666666666666 0.0026041666666666665 0.010648148148148148
3 0.7989583333333333 0.25833333333333336 0.0046875 0.02175925925925926
0 0.7713541666666667 0.24814814814814815 0.0033854166666666668 0.018055555555555554
0 0.8184895833333333 0.25601851851851853 0.00390625 0.016666666666666666
0 0.7200520833333334 0.24027777777777778 0.0033854166666666668 0.016666666666666666
3 0.5984375 0.22175925925925927 0.0020833333333333333 0.010648148148148148
3 0.5872395833333334 0.22037037037037038 0.0020833333333333333 0.010648148148148148
0 0.5940104166666667 0.22037037037037038 0.0020833333333333333 0.008333333333333333
0 0.5830729166666667 0.22037037037037038 0.0018229166666666667 0.008333333333333333
0 0.5463541666666667 0.23148148148148148 0.0020833333333333333 0.010648148148148148
3 0.5541666666666667 0.22453703703703703 0.0018229166666666667 0.009722222222222222
3 0.5559895833333334 0.22453703703703703 0.0018229166666666667 0.009722222222222222
3 0.6125 0.22314814814814815 0.0018229166666666667 0.010648148148148148
3 0.6421875 0.22037037037037038 0.0018229166666666667 0.008333333333333333
3 0.6859375 0.22592592592592592 0.0026041666666666665 0.012037037037037037
3 0.7083333333333334 0.2324074074074074 0.00390625 0.013425925925925926
3 0.75390625 0.24259259259259258 0.005208333333333333 0.02175925925925926
0 0.55 0.22916666666666666 0.002864583333333333 0.01574074074074074
0 0.6291666666666667 0.21805555555555556 0.0020833333333333333 0.008333333333333333
3 0.8463541666666666 0.27037037037037037 0.005208333333333333 0.02175925925925926
3 0.715625 0.23194444444444445 0.002864583333333333 0.012037037037037037
0 0.7231770833333333 0.23657407407407408 0.0033854166666666668 0.016666666666666666