3 0.075 0.38842592592592595 0.02265625 0.047685185185185185
3 0.33098958333333334 0.4486111111111111 0.030989583333333334 0.06342592592592593
2 0.39609375 0.39351851851851855 0.01953125 0.04259259259259259
2 0.4348958333333333 0.3425925925925926 0.012239583333333333 0.025
2 0.45208333333333334 0.3199074074074074 0.00859375 0.01898148148148148
2 0.4622395833333333 0.3060185185185185 0.00625 0.014814814814814815
2 0.48828125 0.3074074074074074 0.005989583333333334 0.014814814814814815
2 0.5171875 0.3087962962962963 0.00546875 0.014814814814814815
2 0.54609375 0.3101851851851852 0.005989583333333334 0.014814814814814815
2 0.5614583333333333 0.324537037037037 0.008072916666666667 0.01990740740740741
2 0.58515625 0.34953703703703703 0.011458333333333333 0.025925925925925925
2 0.6393229166666666 0.4064814814814815 0.01953125 0.04537037037037037
0 0.6848958333333334 0.4652777777777778 0.03046875 0.059722222222222225