3 0.9106770833333333 0.8379629629629629 0.050520833333333334 0.11712962962962963
3 0.8361979166666667 0.5574074074074075 0.043229166666666666 0.07962962962962963
3 0.86328125 0.4625 0.023177083333333334 0.04722222222222222
1 0.8325520833333333 0.45555555555555555 0.0359375 0.08148148148148149
1 0.8934895833333333 0.44351851851851853 0.03411458333333333 0.07361111111111111
3 0.9208333333333333 0.38796296296296295 0.012760416666666666 0.024074074074074074
3 0.8236979166666667 0.3685185185185185 0.009114583333333334 0.01990740740740741
0 0.7479166666666667 0.4009259259259259 0.01328125 0.027777777777777776
0 0.75546875 0.38472222222222224 0.009114583333333334 0.022685185185185187
3 0.73359375 0.3587962962962963 0.007291666666666667 0.016203703703703703
0 0.71796875 0.37175925925925923 0.00859375 0.01990740740740741
1 0.6934895833333333 0.4064814814814815 0.022395833333333334 0.053703703703703705
0 0.6669270833333333 0.4203703703703704 0.01640625 0.034722222222222224
1 0.6427083333333333 0.4134259259259259 0.023697916666666666 0.056018518518518516
0 0.66640625 0.36527777777777776 0.007291666666666667 0.01712962962962963
3 0.6330729166666667 0.35138888888888886 0.00625 0.014814814814814815
3 0.61484375 0.38564814814814813 0.011458333333333333 0.024074074074074074
0 0.59453125 0.3592592592592593 0.007291666666666667 0.015277777777777777
0 0.47291666666666665 0.42962962962962964 0.017708333333333333 0.0375
3 0.5260416666666666 0.3490740740740741 0.005989583333333334 0.013425925925925926
0 0.5143229166666666 0.35555555555555557 0.005989583333333334 0.015277777777777777
0 0.45859375 0.37777777777777777 0.008072916666666667 0.021296296296296296
0 0.44296875 0.3560185185185185 0.0049479166666666664 0.011574074074074073
3 0.44192708333333336 0.34814814814814815 0.0036458333333333334 0.0125
0 0.3580729166666667 0.3537037037037037 0.00546875 0.013425925925925926
3 0.33489583333333334 0.34814814814814815 0.0049479166666666664 0.0125
0 0.328125 0.4217592592592593 0.0171875 0.03611111111111111
0 0.2799479166666667 0.36064814814814816 0.00625 0.01712962962962963
3 0.22526041666666666 0.35462962962962963 0.0067708333333333336 0.01712962962962963
0 0.20364583333333333 0.36712962962962964 0.007291666666666667 0.01898148148148148
0 0.18671875 0.4097222222222222 0.0171875 0.03287037037037037
0 0.15625 0.3773148148148148 0.009895833333333333 0.022222222222222223
0 0.13671875 0.3902777777777778 0.01171875 0.025
3 0.10546875 0.3625 0.009114583333333334 0.017592592592592594
3 0.12760416666666666 0.4777777777777778 0.03229166666666667 0.053703703703703705
0 0.11041666666666666 0.6101851851851852 0.05625 0.09722222222222222