0 0.3419270833333333 0.43472222222222223 0.028645833333333332 0.056018518518518516
0 0.41380208333333335 0.35462962962962963 0.012239583333333333 0.03009259259259259
0 0.44166666666666665 0.3236111111111111 0.00859375 0.020370370370370372
0 0.45677083333333335 0.30694444444444446 0.00625 0.015277777777777777
0 0.465625 0.2972222222222222 0.0049479166666666664 0.0125
0 0.47109375 0.29074074074074074 0.004166666666666667 0.011111111111111112
0 0.47604166666666664 0.2861111111111111 0.003125 0.008796296296296297
0 0.48020833333333335 0.2828703703703704 0.00234375 0.00787037037037037
3 0.6643229166666667 0.4263888888888889 0.029427083333333333 0.056018518518518516
3 0.58984375 0.3476851851851852 0.015104166666666667 0.031018518518518518
3 0.5627604166666667 0.3194444444444444 0.009114583333333334 0.021296296296296296
3 0.5489583333333333 0.30324074074074076 0.0067708333333333336 0.015277777777777777
3 0.5401041666666667 0.29444444444444445 0.0036458333333333334 0.011111111111111112