0 0.07083333333333333 0.42268518518518516 0.014583333333333334 0.04259259259259259
3 0.11484375 0.350462962962963 0.016927083333333332 0.03287037037037037
2 0.10208333333333333 0.3263888888888889 0.01328125 0.02638888888888889
1 0.24375 0.3074074074074074 0.009114583333333334 0.02962962962962963
2 0.25286458333333334 0.31342592592592594 0.0067708333333333336 0.017592592592592594
1 0.30625 0.32222222222222224 0.009114583333333334 0.032407407407407406
2 0.315625 0.3277777777777778 0.0078125 0.020370370370370372
3 0.3229166666666667 0.3939814814814815 0.01953125 0.03981481481481482
3 0.521875 0.4736111111111111 0.029166666666666667 0.0587962962962963
3 0.8955729166666667 0.7782407407407408 0.08046875 0.1476851851851852
0 0.1328125 0.5078703703703704 0.045572916666666664 0.0824074074074074