1 0.10052083333333334 0.7129629629629629 0.07369791666666667 0.2361111111111111
1 0.8828125 0.6986111111111111 0.10625 0.2439814814814815
2 0.621875 0.4546296296296296 0.021875 0.04490740740740741
2 0.578125 0.4046296296296296 0.01171875 0.027314814814814816
2 0.5606770833333333 0.38564814814814813 0.0078125 0.018518518518518517
2 0.54609375 0.37407407407407406 0.005989583333333334 0.013888888888888888
2 0.5252604166666667 0.37407407407407406 0.005989583333333334 0.013888888888888888
2 0.50546875 0.375 0.00546875 0.014814814814814815
2 0.48541666666666666 0.375 0.00546875 0.014814814814814815
2 0.46015625 0.3763888888888889 0.005989583333333334 0.014814814814814815
2 0.44765625 0.38935185185185184 0.008072916666666667 0.018518518518518517
2 0.42421875 0.4101851851851852 0.010416666666666666 0.02638888888888889
2 0.36614583333333334 0.4615740740740741 0.01953125 0.04398148148148148