3 0.8885416666666667 0.5027777777777778 0.005208333333333333 0.010185185185185186
3 0.8153645833333333 0.5111111111111111 0.005208333333333333 0.012037037037037037
0 0.8192708333333333 0.5138888888888888 0.005208333333333333 0.012037037037037037
3 0.725 0.5199074074074074 0.005208333333333333 0.012037037037037037
0 0.75390625 0.5208333333333334 0.005208333333333333 0.012037037037037037
3 0.653125 0.5259259259259259 0.00390625 0.010185185185185186
0 0.6723958333333333 0.5291666666666667 0.00390625 0.012037037037037037
3 0.5723958333333333 0.5319444444444444 0.00390625 0.010185185185185186
0 0.5802083333333333 0.5370370370370371 0.005208333333333333 0.010185185185185186
3 0.5161458333333333 0.5370370370370371 0.00390625 0.010185185185185186
3 0.4421875 0.5425925925925926 0.005208333333333333 0.008796296296296297
0 0.50390625 0.5421296296296296 0.005208333333333333 0.010185185185185186
0 0.8442708333333333 0.5439814814814815 0.011458333333333333 0.024074074074074074
0 0.43333333333333335 0.5458333333333333 0.005208333333333333 0.012037037037037037
3 0.38776041666666666 0.5458333333333333 0.005208333333333333 0.012037037037037037
0 0.38984375 0.5518518518518518 0.005208333333333333 0.00787037037037037
3 0.3359375 0.5518518518518518 0.005208333333333333 0.00787037037037037
0 0.6731770833333334 0.5541666666666667 0.01015625 0.01990740740740741
0 0.36484375 0.5550925925925926 0.005208333333333333 0.012037037037037037
3 0.2921875 0.5578703703703703 0.005208333333333333 0.010185185185185186
0 0.30442708333333335 0.5601851851851852 0.006510416666666667 0.012037037037037037
3 0.24817708333333333 0.5611111111111111 0.005208333333333333 0.010185185185185186
0 0.5505208333333333 0.5638888888888889 0.008854166666666666 0.01990740740740741
3 0.19609375 0.5662037037037037 0.005208333333333333 0.010185185185185186
3 0.8864583333333333 0.5680555555555555 0.019270833333333334 0.03611111111111111
3 0.7833333333333333 0.575 0.01796875 0.03611111111111111
3 0.10390625 0.575925925925926 0.005208333333333333 0.016203703703703703
0 0.4671875 0.5768518518518518 0.008854166666666666 0.022222222222222223
0 0.153125 0.5791666666666667 0.008854166666666666 0.013888888888888888
0 0.11666666666666667 0.5861111111111111 0.0078125 0.016203703703703703
3 0.675 0.5879629629629629 0.020572916666666666 0.03981481481481482
0 0.3692708333333333 0.5939814814814814 0.015364583333333333 0.027777777777777776
0 0.26796875 0.6180555555555556 0.01796875 0.03611111111111111
3 0.63984375 0.625 0.026822916666666665 0.05
0 0.18333333333333332 0.6689814814814815 0.030729166666666665 0.05416666666666667
3 0.83984375 0.7680555555555556 0.07447916666666667 0.12407407407407407
2 0.6763020833333333 0.5277777777777778 0.005208333333333333 0.012037037037037037
2 0.6669270833333333 0.5277777777777778 0.004427083333333333 0.012037037037037037
2 0.6578125 0.5254629629629629 0.005208333333333333 0.011111111111111112
2 0.65 0.5263888888888889 0.00390625 0.008796296296296297