0 0.88203125 0.5041666666666667 0.0026041666666666665 0.0060185185185185185
0 0.853125 0.5041666666666667 0.0026041666666666665 0.0060185185185185185
0 0.9083333333333333 0.5041666666666667 0.0026041666666666665 0.00787037037037037
0 0.8421875 0.5050925925925925 0.0026041666666666665 0.0060185185185185185
0 0.8364583333333333 0.5060185185185185 0.0026041666666666665 0.00787037037037037
0 0.8653645833333333 0.5060185185185185 0.0026041666666666665 0.0060185185185185185
0 0.9065104166666667 0.5069444444444444 0.0026041666666666665 0.00787037037037037
3 0.8411458333333334 0.5078703703703704 0.0026041666666666665 0.0060185185185185185
0 0.8807291666666667 0.5078703703703704 0.00390625 0.00787037037037037
3 0.8083333333333333 0.5087962962962963 0.0026041666666666665 0.0060185185185185185
0 0.8513020833333333 0.5101851851851852 0.00390625 0.00787037037037037
3 0.8244791666666667 0.5120370370370371 0.0026041666666666665 0.0060185185185185185
0 0.8333333333333334 0.5120370370370371 0.005208333333333333 0.010185185185185186
0 0.8692708333333333 0.5120370370370371 0.005208333333333333 0.010185185185185186
3 0.81015625 0.5120370370370371 0.0026041666666666665 0.0060185185185185185
0 0.8385416666666666 0.5138888888888888 0.005208333333333333 0.010185185185185186
3 0.7768229166666667 0.5138888888888888 0.0026041666666666665 0.0060185185185185185
3 0.8565104166666667 0.5162037037037037 0.00390625 0.00787037037037037
3 0.7661458333333333 0.5162037037037037 0.0026041666666666665 0.00787037037037037
3 0.775 0.5171296296296296 0.0026041666666666665 0.0060185185185185185
3 0.8013020833333333 0.5171296296296296 0.00390625 0.010185185185185186
3 0.7255208333333333 0.5421296296296296 0.0078125 0.018055555555555554
3 0.6109375 0.5458333333333333 0.0078125 0.016203703703703703
3 0.7276041666666667 0.5527777777777778 0.008854166666666666 0.022222222222222223
3 0.5872395833333334 0.5550925925925926 0.01015625 0.018055555555555554
3 0.8565104166666667 0.562037037037037 0.016666666666666666 0.027777777777777776
3 0.7544270833333333 0.5740740740740741 0.016666666666666666 0.033796296296296297
3 0.5505208333333333 0.5740740740740741 0.012760416666666666 0.025925925925925925
3 0.44609375 0.625 0.020572916666666666 0.04583333333333333
2 0.8859375 0.6662037037037037 0.04348958333333333 0.07777777777777778
3 0.8114583333333333 0.5050925925925925 0.0026041666666666665 0.004166666666666667
3 0.7942708333333334 0.5069444444444444 0.0026041666666666665 0.004166666666666667
3 0.7911458333333333 0.5078703703703704 0.0026041666666666665 0.004166666666666667
3 0.1578125 0.8087962962962963 0.05 0.10185185185185185