0 0.10807291666666667 0.5513888888888889 0.018229166666666668 0.03194444444444444
0 0.28229166666666666 0.5300925925925926 0.0109375 0.02361111111111111
0 0.19557291666666668 0.5060185185185185 0.005989583333333334 0.011574074074074073
0 0.26510416666666664 0.49722222222222223 0.00625 0.014814814814814815
0 0.33671875 0.4925925925925926 0.00625 0.011574074074074073
0 0.38828125 0.5143518518518518 0.009114583333333334 0.021296296296296296
0 0.38828125 0.4912037037037037 0.00546875 0.011574074074074073
0 0.45703125 0.5041666666666667 0.0078125 0.018055555555555554
0 0.46328125 0.48842592592592593 0.00546875 0.011574074074074073
0 0.4979166666666667 0.4949074074074074 0.0067708333333333336 0.016203703703703703
3 0.6638020833333333 0.5861111111111111 0.034895833333333334 0.06157407407407407
3 0.3619791666666667 0.5731481481481482 0.022395833333333334 0.04398148148148148
3 0.315625 0.5601851851851852 0.016927083333333332 0.03888888888888889
3 0.36822916666666666 0.5398148148148149 0.0109375 0.028703703703703703
3 0.4903645833333333 0.5166666666666667 0.01171875 0.025
3 0.5875 0.49953703703703706 0.00859375 0.022685185185185187
3 0.63828125 0.48842592592592593 0.009114583333333334 0.020370370370370372
3 0.628125 0.4828703703703704 0.00625 0.013888888888888888
3 0.5890625 0.48055555555555557 0.00625 0.0125
3 0.540625 0.48009259259259257 0.004166666666666667 0.011111111111111112
3 0.48046875 0.48194444444444445 0.00546875 0.011574074074074073
3 0.42942708333333335 0.4837962962962963 0.004427083333333333 0.010185185185185186
3 0.36276041666666664 0.4875 0.00546875 0.010185185185185186
3 0.31354166666666666 0.4888888888888889 0.0036458333333333334 0.010185185185185186
3 0.25234375 0.4925925925925926 0.004427083333333333 0.011574074074074073
3 0.19296875 0.4962962962962963 0.00234375 0.010185185185185186
3 0.10364583333333334 0.5037037037037037 0.00546875 0.014814814814814815
2 0.13177083333333334 0.5203703703703704 0.009114583333333334 0.020370370370370372
1 0.14322916666666666 0.5148148148148148 0.012760416666666666 0.030555555555555555
0 0.14921875 0.5148148148148148 0.0036458333333333334 0.017592592592592594
0 0.49505208333333334 0.4898148148148148 0.0026041666666666665 0.012962962962962963
0 0.06692708333333333 0.538425925925926 0.005989583333333334 0.021296296296296296