0 0.8255208333333334 0.5148148148148148 0.0026041666666666665 0.00787037037037037
0 0.81796875 0.5148148148148148 0.0026041666666666665 0.0060185185185185185
0 0.7794270833333333 0.5152777777777777 0.0026041666666666665 0.006944444444444444
0 0.8364583333333333 0.5162037037037037 0.00390625 0.00787037037037037
0 0.846875 0.5171296296296296 0.00390625 0.00787037037037037
3 0.75390625 0.5185185185185185 0.0026041666666666665 0.008796296296296297
0 0.86484375 0.5180555555555556 0.00390625 0.010185185185185186
0 0.8838541666666667 0.5180555555555556 0.005208333333333333 0.010185185185185186
0 0.9057291666666667 0.5194444444444445 0.00390625 0.008796296296296297
0 0.7609375 0.5222222222222223 0.00390625 0.00787037037037037
0 0.7184895833333333 0.5222222222222223 0.0026041666666666665 0.00787037037037037
0 0.8557291666666667 0.524074074074074 0.005208333333333333 0.012037037037037037
0 0.7390625 0.524074074074074 0.00390625 0.00787037037037037
3 0.6481770833333333 0.525 0.0026041666666666665 0.0060185185185185185
3 0.6653645833333334 0.5259259259259259 0.0026041666666666665 0.00787037037037037
0 0.7981770833333334 0.5268518518518519 0.006510416666666667 0.010185185185185186
0 0.7122395833333334 0.5268518518518519 0.00390625 0.010185185185185186
3 0.9057291666666667 0.5268518518518519 0.006510416666666667 0.012037037037037037
3 0.6833333333333333 0.5277777777777778 0.00390625 0.00787037037037037
3 0.67109375 0.5277777777777778 0.0026041666666666665 0.00787037037037037
0 0.6973958333333333 0.5291666666666667 0.00390625 0.010185185185185186
0 0.7372395833333333 0.5291666666666667 0.005208333333333333 0.010185185185185186
3 0.8078125 0.5291666666666667 0.005208333333333333 0.013888888888888888
0 0.7044270833333334 0.5300925925925926 0.00390625 0.010185185185185186
3 0.63984375 0.5310185185185186 0.0026041666666666665 0.0060185185185185185
3 0.7307291666666667 0.5319444444444444 0.005208333333333333 0.012037037037037037
3 0.6307291666666667 0.5328703703703703 0.0026041666666666665 0.010185185185185186
3 0.671875 0.5351851851851852 0.00390625 0.010185185185185186
3 0.64296875 0.5351851851851852 0.00390625 0.010185185185185186
3 0.6166666666666667 0.5708333333333333 0.01015625 0.027777777777777776
3 0.4671875 0.5800925925925926 0.01015625 0.024074074074074074
3 0.6359375 0.5949074074074074 0.01796875 0.03611111111111111
3 0.43072916666666666 0.6018518518518519 0.016666666666666666 0.033796296296296297
3 0.8755208333333333 0.6208333333333333 0.030729166666666665 0.05416666666666667
3 0.3497395833333333 0.6578703703703703 0.031510416666666666 0.056018518518518516
3 0.7411458333333333 0.6601851851851852 0.03854166666666667 0.06805555555555555
0 0.8098958333333334 0.5143518518518518 0.003125 0.006944444444444444
0 0.80546875 0.5143518518518518 0.003125 0.008796296296296297
0 0.6890625 0.5212962962962963 0.00390625 0.008796296296296297
0 0.6934895833333333 0.5208333333333334 0.00390625 0.010185185185185186
0 0.70390625 0.5199074074074074 0.00390625 0.00787037037037037
0 0.7338541666666667 0.5222222222222223 0.00390625 0.010185185185185186
3 0.9026041666666667 0.5115740740740741 0.00390625 0.008796296296296297
3 0.8885416666666667 0.5115740740740741 0.00390625 0.008796296296296297
3 0.8731770833333333 0.5111111111111111 0.00390625 0.0060185185185185185
1 0.8697916666666666 0.5111111111111111 0.005208333333333333 0.013888888888888888
0 0.9083333333333333 0.5171296296296296 0.00390625 0.010185185185185186
3 0.72890625 0.5199074074074074 0.00390625 0.00787037037037037
3 0.7588541666666667 0.5162037037037037 0.00390625 0.00787037037037037