3 0.8984375 0.4888888888888889 0.005729166666666666 0.013888888888888888
0 0.9067708333333333 0.4962962962962963 0.005729166666666666 0.014814814814814815
0 0.7705729166666667 0.5106481481481482 0.0078125 0.014814814814814815
0 0.64453125 0.5143518518518518 0.005729166666666666 0.012962962962962963
0 0.671875 0.5162037037037037 0.006510416666666667 0.012037037037037037
3 0.7125 0.5199074074074074 0.00703125 0.018055555555555554
0 0.8309895833333333 0.5231481481481481 0.008333333333333333 0.022222222222222223
3 0.5231770833333333 0.5263888888888889 0.005208333333333333 0.011111111111111112
3 0.5755208333333334 0.5268518518518519 0.005208333333333333 0.013888888888888888
0 0.7010416666666667 0.5273148148148148 0.008333333333333333 0.01898148148148148
0 0.5763020833333333 0.537962962962963 0.0078125 0.016203703703703703
3 0.43385416666666665 0.5439814814814815 0.005208333333333333 0.013888888888888888
0 0.4421875 0.5513888888888889 0.0078125 0.014814814814814815
3 0.6744791666666666 0.5569444444444445 0.015364583333333333 0.03009259259259259
3 0.56640625 0.5574074074074075 0.0109375 0.025
3 0.47239583333333335 0.5634259259259259 0.01015625 0.023148148148148147
0 0.31796875 0.5680555555555555 0.006510416666666667 0.016203703703703703
3 0.4127604166666667 0.5722222222222222 0.01015625 0.024074074074074074
3 0.85390625 0.5740740740740741 0.023177083333333334 0.04398148148148148
0 0.20234375 0.5828703703703704 0.009635416666666667 0.01990740740740741
3 0.3421875 0.5861111111111111 0.015364583333333333 0.027777777777777776
0 0.11848958333333333 0.600462962962963 0.01015625 0.025
3 0.3338541666666667 0.6078703703703704 0.01796875 0.03611111111111111
3 0.47317708333333336 0.6328703703703704 0.028125 0.05416666666666667
3 0.7903645833333334 0.6898148148148148 0.04739583333333333 0.09212962962962963
3 0.7947916666666667 0.49953703703703706 0.006510416666666667 0.014814814814814815
3 0.8372395833333334 0.5180555555555556 0.011458333333333333 0.018055555555555554
3 0.6315104166666666 0.5287037037037037 0.011458333333333333 0.014814814814814815
3 0.56796875 0.524074074074074 0.0078125 0.010185185185185186
3 0.5169270833333334 0.5324074074074074 0.008333333333333333 0.011111111111111112
3 0.3111979166666667 0.5611111111111111 0.008333333333333333 0.010185185185185186
0 0.17786458333333333 0.5680555555555555 0.008333333333333333 0.00787037037037037
3 0.12526041666666668 0.575925925925926 0.005729166666666666 0.013888888888888888
3 0.2638020833333333 0.5601851851851852 0.004427083333333333 0.012037037037037037
0 0.25677083333333334 0.5601851851851852 0.008333333333333333 0.00787037037037037
3 0.7458333333333333 0.5013888888888889 0.005729166666666666 0.012962962962962963
0 0.1078125 0.5708333333333333 0.005208333333333333 0.013888888888888888
0 0.27057291666666666 0.5569444444444445 0.0078125 0.00787037037037037
3 0.6971354166666667 0.5013888888888889 0.003125 0.011111111111111112