3 0.4127604166666667 0.537962962962963 0.005208333333333333 0.012037037037037037
3 0.4588541666666667 0.537962962962963 0.005208333333333333 0.012037037037037037
3 0.521875 0.537962962962963 0.005208333333333333 0.012037037037037037
3 0.35130208333333335 0.5421296296296296 0.005208333333333333 0.012037037037037037
3 0.5705729166666667 0.5439814814814815 0.006510416666666667 0.016203703703703703
3 0.27109375 0.5458333333333333 0.005208333333333333 0.012037037037037037
0 0.3294270833333333 0.549074074074074 0.005208333333333333 0.012037037037037037
0 0.43333333333333335 0.55 0.006510416666666667 0.012037037037037037
0 0.36484375 0.55 0.005208333333333333 0.012037037037037037
3 0.19947916666666668 0.55 0.005208333333333333 0.012037037037037037
0 0.25885416666666666 0.5518518518518518 0.005208333333333333 0.012037037037037037
3 0.5802083333333333 0.5527777777777778 0.0078125 0.018055555555555554
3 0.1359375 0.5569444444444445 0.005208333333333333 0.013888888888888888
0 0.4231770833333333 0.5578703703703703 0.0078125 0.016203703703703703
0 0.16848958333333333 0.5601851851851852 0.006510416666666667 0.012037037037037037
0 0.11666666666666667 0.5638888888888889 0.0078125 0.012037037037037037
3 0.5013020833333334 0.5722222222222222 0.01015625 0.022222222222222223
0 0.34479166666666666 0.5740740740740741 0.008854166666666666 0.01990740740740741
0 0.16927083333333334 0.5879629629629629 0.0078125 0.01990740740740741
3 0.3268229166666667 0.5990740740740741 0.012760416666666666 0.027777777777777776
3 0.09348958333333333 0.6208333333333333 0.0078125 0.025925925925925925
3 0.14739583333333334 0.6509259259259259 0.023177083333333334 0.04212962962962963
3 0.26536458333333335 0.6541666666666667 0.028125 0.04814814814814815
3 0.38984375 0.6699074074074074 0.026822916666666665 0.05787037037037037
3 0.6153645833333333 0.7458333333333333 0.05 0.1162037037037037