3 0.6661458333333333 0.6365740740740741 0.029427083333333333 0.05694444444444444
0 0.9036458333333334 0.6259259259259259 0.013541666666666667 0.056018518518518516
0 0.7875 0.6078703703703704 0.02109375 0.04583333333333333
0 0.6848958333333334 0.5916666666666667 0.016145833333333335 0.037037037037037035
0 0.5635416666666667 0.5884259259259259 0.0140625 0.03287037037037037
0 0.4153645833333333 0.5814814814814815 0.011458333333333333 0.025
0 0.38645833333333335 0.5847222222222223 0.011458333333333333 0.025
0 0.29609375 0.5875 0.012760416666666666 0.023148148148148147
0 0.23333333333333334 0.5898148148148148 0.01015625 0.022222222222222223
0 0.15130208333333334 0.5976851851851852 0.01015625 0.023148148148148147
0 0.10885416666666667 0.6023148148148149 0.011458333333333333 0.025
3 0.16536458333333334 0.6129629629629629 0.016666666666666666 0.03194444444444444
3 0.4078125 0.6013888888888889 0.019270833333333334 0.03518518518518519
3 0.5197916666666667 0.6106481481481482 0.021875 0.043055555555555555
0 0.6177083333333333 0.5958333333333333 0.019791666666666666 0.025925925925925925
0 0.50859375 0.5861111111111111 0.013541666666666667 0.022222222222222223
0 0.46536458333333336 0.5824074074074074 0.015364583333333333 0.020833333333333332
0 0.35520833333333335 0.5875 0.01796875 0.01898148148148148
0 0.25052083333333336 0.5930555555555556 0.01796875 0.01990740740740741
0 0.18177083333333333 0.5935185185185186 0.016145833333333335 0.01712962962962963