2 0.4265625 0.425462962962963 0.01328125 0.024074074074074074
2 0.5755208333333334 0.4324074074074074 0.01640625 0.02962962962962963
2 0.25234375 0.4388888888888889 0.01640625 0.027777777777777776
2 0.6578125 0.4703703703703704 0.030729166666666665 0.04398148148148148
2 0.8447916666666667 0.44722222222222224 0.012760416666666666 0.032407407407407406
2 0.40598958333333335 0.45046296296296295 0.023958333333333335 0.034722222222222224
2 0.31197916666666664 0.4212962962962963 0.012239583333333333 0.01898148148148148
2 0.2203125 0.4162037037037037 0.008072916666666667 0.017592592592592594
2 0.15260416666666668 0.43148148148148147 0.01328125 0.022685185185185187
2 0.14192708333333334 0.412962962962963 0.009375 0.01712962962962963
2 0.8294270833333334 0.44675925925925924 0.02734375 0.046296296296296294