2 0.7877604166666666 0.4703703703703704 0.04973958333333333 0.09166666666666666
2 0.39401041666666664 0.4847222222222222 0.04114583333333333 0.09027777777777778
2 0.29348958333333336 0.4398148148148148 0.03125 0.06759259259259259
1 0.24166666666666667 0.39814814814814814 0.030208333333333334 0.08657407407407407
1 0.19348958333333333 0.45416666666666666 0.06067708333333333 0.13796296296296295
1 0.11796875 0.43333333333333335 0.04375 0.11388888888888889
0 0.7515625 0.42824074074074076 0.041666666666666664 0.07175925925925926
0 0.4171875 0.4324074074074074 0.035416666666666666 0.06666666666666667
0 0.39765625 0.4041666666666667 0.022135416666666668 0.05138888888888889
3 0.5408854166666667 0.40925925925925927 0.026302083333333334 0.05740740740740741
3 0.5859375 0.43842592592592594 0.03177083333333333 0.0699074074074074
3 0.6072916666666667 0.5046296296296297 0.05755208333333333 0.10462962962962963