2 0.6408854166666667 0.4787037037037037 0.03697916666666667 0.06898148148148148
2 0.5778645833333333 0.44166666666666665 0.026302083333333334 0.05462962962962963
2 0.28098958333333335 0.48935185185185187 0.05286458333333333 0.08935185185185185
1 0.51015625 0.4527777777777778 0.04375 0.11203703703703703
1 0.46901041666666665 0.4305555555555556 0.04114583333333333 0.09953703703703703
1 0.334375 0.43472222222222223 0.04765625 0.11296296296296296
3 0.23619791666666667 0.43148148148148147 0.0328125 0.06388888888888888
3 0.35989583333333336 0.4273148148148148 0.029166666666666667 0.05740740740740741
0 0.42083333333333334 0.5041666666666667 0.05026041666666667 0.09027777777777778
0 0.6125 0.5060185185185185 0.041666666666666664 0.08333333333333333
0 0.21145833333333333 0.4546296296296296 0.035416666666666666 0.075