2 0.6640625 0.5217592592592593 0.030729166666666665 0.049074074074074076
2 0.4596354166666667 0.4888888888888889 0.025260416666666667 0.038425925925925926
2 0.3065104166666667 0.4912037037037037 0.0296875 0.04027777777777778
0 0.37161458333333336 0.5212962962962963 0.029166666666666667 0.050462962962962966
0 0.5265625 0.4740740740740741 0.020052083333333335 0.03564814814814815
0 0.6309895833333333 0.4810185185185185 0.02265625 0.03888888888888889
3 0.38307291666666665 0.45740740740740743 0.01796875 0.03287037037037037
3 0.4890625 0.449537037037037 0.020052083333333335 0.026851851851851852
3 0.5505208333333333 0.49583333333333335 0.026302083333333334 0.040740740740740744
1 0.6283854166666667 0.45185185185185184 0.026822916666666665 0.05185185185185185
1 0.4747395833333333 0.45555555555555555 0.02265625 0.05324074074074074
1 0.2947916666666667 0.449537037037037 0.02109375 0.053703703703703705