3 0.39947916666666666 0.6398148148148148 0.08567708333333333 0.16435185185185186
3 0.5854166666666667 0.562962962962963 0.062239583333333334 0.12453703703703704
3 0.43984375 0.4356481481481482 0.041666666666666664 0.07731481481481481
0 0.38333333333333336 0.549537037037037 0.06822916666666666 0.12546296296296297
0 0.54296875 0.41805555555555557 0.023177083333333334 0.07222222222222222
0 0.31796875 0.4699074074074074 0.04869791666666667 0.0875
2 0.28880208333333335 0.5162037037037037 0.06380208333333333 0.11203703703703703
2 0.5895833333333333 0.45601851851851855 0.0421875 0.08657407407407407
2 0.6541666666666667 0.5023148148148148 0.05130208333333333 0.10462962962962963
1 0.3645833333333333 0.39305555555555555 0.04869791666666667 0.11203703703703703
1 0.6489583333333333 0.4097222222222222 0.05130208333333333 0.12546296296296297
1 0.5294270833333333 0.48009259259259257 0.06328125 0.1685185185185185