3 0.9192708333333334 0.5171296296296296 0.013802083333333333 0.037037037037037035
3 0.8703125 0.5439814814814815 0.036458333333333336 0.046296296296296294
3 0.37109375 0.475 0.017447916666666667 0.02962962962962963
0 0.56171875 0.45416666666666666 0.01328125 0.021296296296296296
0 0.4434895833333333 0.462037037037037 0.017447916666666667 0.02638888888888889
0 0.21432291666666667 0.5486111111111112 0.042708333333333334 0.059722222222222225
2 0.746875 0.5935185185185186 0.0421875 0.06527777777777778
2 0.47109375 0.6421296296296296 0.054947916666666666 0.08703703703703704
2 0.29348958333333336 0.4976851851851852 0.02265625 0.038425925925925926
1 0.64921875 0.48564814814814816 0.028645833333333332 0.05555555555555555
1 0.5221354166666666 0.4703703703703704 0.02265625 0.04953703703703704
1 0.25885416666666666 0.5666666666666667 0.05703125 0.11388888888888889