2 0.6502604166666667 0.7671296296296296 0.134375 0.3425925925925926
2 0.7072916666666667 0.38842592592592595 0.03854166666666667 0.10277777777777777
2 0.378125 0.25324074074074077 0.017708333333333333 0.03888888888888889
2 0.35130208333333335 0.2351851851851852 0.01328125 0.031018518518518518
2 0.3893229166666667 0.23287037037037037 0.015625 0.055092592592592596
2 0.4908854166666667 0.225 0.009895833333333333 0.03796296296296296
2 0.5270833333333333 0.23055555555555557 0.009375 0.020370370370370372
3 0.47682291666666665 0.2199074074074074 0.007291666666666667 0.016203703703703703
3 0.4627604166666667 0.22592592592592592 0.005729166666666666 0.01990740740740741
3 0.4583333333333333 0.2800925925925926 0.015364583333333333 0.049074074074074076
3 0.25052083333333336 0.387037037037037 0.05260416666666667 0.13194444444444445
0 0.5666666666666667 0.30462962962962964 0.021875 0.058333333333333334
0 0.40989583333333335 0.21712962962962962 0.007291666666666667 0.01712962962962963