0 0.13333333333333333 0.538425925925926 0.07864583333333333 0.15601851851851853
0 0.41119791666666666 0.3685185185185185 0.04114583333333333 0.11342592592592593
2 0.5856770833333333 0.2652777777777778 0.028125 0.07222222222222222
2 0.66796875 0.20555555555555555 0.021354166666666667 0.053703703703703705
2 0.71484375 0.17777777777777778 0.022916666666666665 0.04722222222222222
2 0.8440104166666667 0.24074074074074073 0.022916666666666665 0.060648148148148145
2 0.8674479166666667 0.20462962962962963 0.020833333333333332 0.04953703703703704
3 0.8848958333333333 0.16944444444444445 0.015364583333333333 0.04027777777777778
3 0.8052083333333333 0.32222222222222224 0.030208333333333334 0.08101851851851852
3 0.7286458333333333 0.46111111111111114 0.048177083333333336 0.125
3 0.7447916666666666 0.1574074074074074 0.013541666666666667 0.038425925925925926
3 0.5276041666666667 0.8699074074074075 0.09713541666666667 0.2569444444444444