3 0.29453125 0.3699074074074074 0.0171875 0.03333333333333333
3 0.39557291666666666 0.3425925925925926 0.01328125 0.026851851851851852
3 0.4591145833333333 0.32546296296296295 0.009895833333333333 0.020833333333333332
0 0.49322916666666666 0.3888888888888889 0.02265625 0.04398148148148148
0 0.5580729166666667 0.34444444444444444 0.015885416666666666 0.029166666666666667
0 0.5760416666666667 0.3236111111111111 0.012239583333333333 0.02175925925925926
0 0.6044270833333333 0.3125 0.009635416666666667 0.018055555555555554
0 0.6458333333333334 0.30324074074074076 0.008072916666666667 0.014814814814814815
0 0.85625 0.44722222222222224 0.046875 0.07824074074074074
0 0.840625 0.29305555555555557 0.009635416666666667 0.017592592592592594
0 0.7348958333333333 0.2986111111111111 0.00859375 0.016203703703703703
1 0.5888020833333333 0.5351851851851852 0.0859375 0.19722222222222222
3 0.69609375 0.2949074074074074 0.0078125 0.012962962962962963
3 0.7776041666666667 0.29074074074074074 0.0078125 0.013425925925925926
3 0.8794270833333333 0.2824074074074074 0.009114583333333334 0.016203703703703703
3 0.6135416666666667 0.29953703703703705 0.00625 0.012037037037037037
3 0.5450520833333333 0.30648148148148147 0.00625 0.012962962962962963
3 0.5044270833333333 0.31296296296296294 0.005989583333333334 0.014814814814814815