0 0.30807291666666664 0.7023148148148148 0.07734375 0.16805555555555557
0 0.7864583333333334 0.5606481481481481 0.06276041666666667 0.0912037037037037
0 0.8651041666666667 0.39305555555555555 0.010416666666666666 0.019444444444444445
0 0.7114583333333333 0.38796296296296295 0.009114583333333334 0.01898148148148148
0 0.5989583333333334 0.38333333333333336 0.009635416666666667 0.01898148148148148
0 0.434375 0.37592592592592594 0.009635416666666667 0.018055555555555554
0 0.32135416666666666 0.3680555555555556 0.009895833333333333 0.017592592592592594
0 0.25078125 0.3625 0.009114583333333334 0.01574074074074074
0 0.19817708333333334 0.35509259259259257 0.008072916666666667 0.014351851851851852
3 0.8822916666666667 0.38333333333333336 0.008072916666666667 0.01574074074074074
3 0.7546875 0.3800925925925926 0.0078125 0.01574074074074074
3 0.6309895833333333 0.3763888888888889 0.007291666666666667 0.016203703703703703
3 0.50390625 0.37083333333333335 0.0078125 0.014814814814814815
0 0.17239583333333333 0.350462962962963 0.007291666666666667 0.013425925925925926
0 0.18515625 0.34814814814814815 0.005989583333333334 0.012962962962962963
0 0.23411458333333332 0.34629629629629627 0.00546875 0.010185185185185186
3 0.2682291666666667 0.3541666666666667 0.00546875 0.013425925925925926
3 0.27291666666666664 0.35185185185185186 0.0049479166666666664 0.012962962962962963
3 0.31328125 0.3592592592592593 0.00546875 0.012962962962962963
3 0.3151041666666667 0.350462962962963 0.004166666666666667 0.011574074074074073
0 0.3098958333333333 0.3476851851851852 0.004427083333333333 0.010185185185185186
3 0.4205729166666667 0.36574074074074076 0.00546875 0.014814814814814815
3 0.41510416666666666 0.35185185185185186 0.0049479166666666664 0.011574074074074073
3 0.5080729166666667 0.3541666666666667 0.004166666666666667 0.010185185185185186
0 0.5026041666666666 0.35324074074074074 0.003125 0.009259259259259259
0 0.578125 0.35555555555555557 0.0036458333333333334 0.008333333333333333
0 0.63828125 0.3574074074074074 0.004166666666666667 0.008333333333333333
3 0.5924479166666666 0.35833333333333334 0.004166666666666667 0.009259259259259259
3 0.6588541666666666 0.36064814814814816 0.0049479166666666664 0.010185185185185186
3 0.73125 0.36435185185185187 0.004427083333333333 0.009259259259259259
0 0.7026041666666667 0.3611111111111111 0.004427083333333333 0.007407407407407408
0 0.8111979166666666 0.3648148148148148 0.004166666666666667 0.006944444444444444
3 0.77890625 0.36574074074074076 0.0049479166666666664 0.008333333333333333
3 0.84453125 0.36666666666666664 0.004427083333333333 0.008333333333333333
3 0.91171875 0.36898148148148147 0.004427083333333333 0.008333333333333333
0 0.87109375 0.36666666666666664 0.004166666666666667 0.006944444444444444
0 0.9255208333333333 0.3680555555555556 0.004427083333333333 0.0060185185185185185
0 0.7544270833333333 0.362962962962963 0.0036458333333333334 0.008333333333333333
0 0.4205729166666667 0.350462962962963 0.0036458333333333334 0.007407407407407408
0 0.35859375 0.3490740740740741 0.0036458333333333334 0.007407407407407408
3 0.37213541666666666 0.35138888888888886 0.004166666666666667 0.009259259259259259