3 0.5578125 0.5884259259259259 0.09088541666666666 0.18935185185185185
3 0.13932291666666666 0.4041666666666667 0.06588541666666667 0.10694444444444444
3 0.11875 0.30694444444444446 0.0390625 0.06898148148148148
3 0.13697916666666668 0.2625 0.029427083333333333 0.05185185185185185
3 0.19505208333333332 0.22546296296296298 0.020052083333333335 0.03796296296296296
3 0.23515625 0.20787037037037037 0.015104166666666667 0.029166666666666667
3 0.2557291666666667 0.19907407407407407 0.0140625 0.02638888888888889
3 0.334375 0.18425925925925926 0.010416666666666666 0.02175925925925926
3 0.33828125 0.17824074074074073 0.00859375 0.016666666666666666
3 0.34401041666666665 0.1736111111111111 0.00625 0.014814814814814815
0 0.15078125 0.1962962962962963 0.013541666666666667 0.02361111111111111
0 0.18723958333333332 0.18935185185185185 0.01171875 0.020833333333333332
0 0.21848958333333332 0.18518518518518517 0.009635416666666667 0.017592592592592594
0 0.23854166666666668 0.18009259259259258 0.009114583333333334 0.016666666666666666
0 0.30442708333333335 0.1685185185185185 0.0078125 0.014351851851851852
0 0.27057291666666666 0.17314814814814813 0.005989583333333334 0.014351851851851852
0 0.3294270833333333 0.16574074074074074 0.00546875 0.012037037037037037
0 0.06927083333333334 0.20833333333333334 0.010416666666666666 0.02361111111111111
0 0.31145833333333334 0.16435185185185186 0.00546875 0.011574074074074073
0 0.46875 0.14675925925925926 0.004427083333333333 0.007407407407407408
0 0.5096354166666667 0.14444444444444443 0.004427083333333333 0.008333333333333333
0 0.54140625 0.14166666666666666 0.004427083333333333 0.008796296296296297
0 0.5526041666666667 0.14074074074074075 0.004166666666666667 0.008333333333333333
0 0.5619791666666667 0.13935185185185187 0.0049479166666666664 0.008333333333333333
0 0.5671875 0.13796296296296295 0.0036458333333333334 0.008796296296296297
0 0.5861979166666667 0.13703703703703704 0.004166666666666667 0.007407407407407408
0 0.64453125 0.13287037037037036 0.0036458333333333334 0.007407407407407408
0 0.6799479166666667 0.13055555555555556 0.0036458333333333334 0.006944444444444444
0 0.7236979166666667 0.12824074074074074 0.0036458333333333334 0.007407407407407408
0 0.8096354166666667 0.12175925925925926 0.0036458333333333334 0.007407407407407408
3 0.82734375 0.12175925925925926 0.0036458333333333334 0.009259259259259259
3 0.7979166666666667 0.12453703703703704 0.0049479166666666664 0.009259259259259259
3 0.7565104166666666 0.12685185185185185 0.0049479166666666664 0.009259259259259259
3 0.5981770833333333 0.13935185185185187 0.004427083333333333 0.009259259259259259
3 0.6078125 0.13796296296296295 0.004427083333333333 0.009259259259259259
3 0.5138020833333333 0.14444444444444443 0.0049479166666666664 0.009259259259259259
3 0.45598958333333334 0.14814814814814814 0.004427083333333333 0.010185185185185186
3 0.4348958333333333 0.15694444444444444 0.0036458333333333334 0.010185185185185186
3 0.42473958333333334 0.16018518518518518 0.004166666666666667 0.009259259259259259
3 0.43125 0.15555555555555556 0.004166666666666667 0.009259259259259259
3 0.4 0.1638888888888889 0.004427083333333333 0.011574074074074073
3 0.37265625 0.1685185185185185 0.00625 0.011574074074074073