0 0.11692708333333333 0.3277777777777778 0.012760416666666666 0.01898148148148148
0 0.27760416666666665 0.3337962962962963 0.01171875 0.023148148148148147
0 0.30364583333333334 0.34444444444444444 0.013541666666666667 0.02546296296296296
0 0.4239583333333333 0.3587962962962963 0.015885416666666666 0.032407407407407406
0 0.64921875 0.3578703703703704 0.0171875 0.03564814814814815
0 0.8625 0.44675925925925924 0.05130208333333333 0.07824074074074074
0 0.42265625 0.6370370370370371 0.0609375 0.15185185185185185
3 0.07942708333333333 0.32083333333333336 0.009114583333333334 0.016203703703703703
3 0.30182291666666666 0.31157407407407406 0.00625 0.016203703703703703
3 0.3731770833333333 0.31296296296296294 0.007291666666666667 0.016203703703703703
3 0.4276041666666667 0.3175925925925926 0.008072916666666667 0.014814814814814815
3 0.48828125 0.32407407407407407 0.009635416666666667 0.01574074074074074
3 0.61328125 0.324537037037037 0.012239583333333333 0.023148148148148147
3 0.8848958333333333 0.31574074074074077 0.018229166666666668 0.02824074074074074
1 0.76875 0.31157407407407406 0.018229166666666668 0.041666666666666664
1 0.84609375 0.3402777777777778 0.0359375 0.06574074074074074