3 0.2877604166666667 0.5675925925925925 0.09739583333333333 0.1675925925925926
3 0.7861979166666667 0.19166666666666668 0.0140625 0.026851851851851852
3 0.6588541666666666 0.19675925925925927 0.009635416666666667 0.020833333333333332
3 0.5395833333333333 0.19537037037037036 0.00625 0.017592592592592594
3 0.5549479166666667 0.1837962962962963 0.004427083333333333 0.014814814814814815
3 0.62578125 0.18055555555555555 0.005989583333333334 0.014351851851851852
3 0.3338541666666667 0.19675925925925927 0.0067708333333333336 0.01574074074074074
0 0.6638020833333333 0.18333333333333332 0.0067708333333333336 0.016666666666666666
0 0.6903645833333333 0.17962962962962964 0.007291666666666667 0.014814814814814815
0 0.7005208333333334 0.18472222222222223 0.009114583333333334 0.018055555555555554
0 0.75078125 0.17731481481481481 0.0078125 0.014351851851851852
0 0.79765625 0.18333333333333332 0.009895833333333333 0.01898148148148148
0 0.3494791666666667 0.1912037037037037 0.004427083333333333 0.010648148148148148
0 0.3625 0.19074074074074074 0.004166666666666667 0.009259259259259259
0 0.31223958333333335 0.19305555555555556 0.00546875 0.013425925925925926
0 0.2596354166666667 0.19953703703703704 0.007291666666666667 0.013425925925925926
3 0.24713541666666666 0.20555555555555555 0.0067708333333333336 0.014814814814814815
0 0.3299479166666667 0.19166666666666668 0.0036458333333333334 0.010648148148148148
3 0.39869791666666665 0.18981481481481483 0.00546875 0.013425925925925926
3 0.4244791666666667 0.18703703703703703 0.004427083333333333 0.010648148148148148
3 0.6955729166666667 0.17685185185185184 0.0049479166666666664 0.013425925925925926
0 0.821875 0.17407407407407408 0.009114583333333334 0.016666666666666666
0 0.8278645833333333 0.1675925925925926 0.0049479166666666664 0.008333333333333333
3 0.81953125 0.16898148148148148 0.004427083333333333 0.009259259259259259
3 0.85546875 0.17037037037037037 0.009114583333333334 0.016203703703703703
0 0.89375 0.17037037037037037 0.009895833333333333 0.017592592592592594
3 0.934375 0.16018518518518518 0.004166666666666667 0.009259259259259259
3 0.7799479166666666 0.17407407407407408 0.007291666666666667 0.01574074074074074
3 0.77421875 0.17037037037037037 0.004427083333333333 0.008333333333333333
0 0.7682291666666666 0.17083333333333334 0.004427083333333333 0.007407407407407408
3 0.7153645833333333 0.17175925925925925 0.004427083333333333 0.009259259259259259
0 0.7018229166666666 0.1726851851851852 0.0036458333333333334 0.007407407407407408
3 0.6419270833333334 0.175 0.0036458333333333334 0.008333333333333333
3 0.5643229166666667 0.17916666666666667 0.003125 0.008333333333333333
0 0.5494791666666666 0.17916666666666667 0.0026041666666666665 0.006944444444444444
3 0.53359375 0.18981481481481483 0.00546875 0.016203703703703703
0 0.5330729166666667 0.1814814814814815 0.0036458333333333334 0.008796296296296297
3 0.52578125 0.18055555555555555 0.0026041666666666665 0.008333333333333333
3 0.4703125 0.1814814814814815 0.003125 0.007407407407407408
3 0.44557291666666665 0.1865740740740741 0.0036458333333333334 0.012037037037037037
3 0.44244791666666666 0.1865740740740741 0.003125 0.012037037037037037
3 0.43671875 0.18333333333333332 0.0026041666666666665 0.008333333333333333
0 0.41302083333333334 0.18425925925925926 0.003125 0.0060185185185185185
3 0.40390625 0.18518518518518517 0.003125 0.006944444444444444
3 0.38723958333333336 0.1884259259259259 0.0036458333333333334 0.010648148148148148
3 0.3776041666666667 0.18703703703703703 0.00234375 0.008333333333333333
0 0.37526041666666665 0.18564814814814815 0.003125 0.006944444444444444
3 0.37057291666666664 0.18703703703703703 0.003125 0.008333333333333333
3 0.3729166666666667 0.1865740740740741 0.00234375 0.006944444444444444
3 0.3619791666666667 0.1865740740740741 0.003125 0.006944444444444444
3 0.3580729166666667 0.18703703703703703 0.003125 0.007407407407407408
0 0.33984375 0.18796296296296297 0.003125 0.005555555555555556
3 0.33671875 0.18981481481481483 0.003125 0.010648148148148148
0 0.32057291666666665 0.1884259259259259 0.003125 0.006944444444444444
0 0.31614583333333335 0.18935185185185185 0.003125 0.008796296296296297
0 0.2830729166666667 0.19305555555555556 0.00625 0.010648148148148148
3 0.28854166666666664 0.19212962962962962 0.0036458333333333334 0.010185185185185186
3 0.2921875 0.19166666666666668 0.004427083333333333 0.009259259259259259
3 0.26197916666666665 0.19305555555555556 0.0049479166666666664 0.009259259259259259
0 0.23723958333333334 0.19675925925925927 0.007291666666666667 0.010648148148148148
0 0.20911458333333333 0.19675925925925927 0.004427083333333333 0.007407407407407408
0 0.20338541666666668 0.19814814814814816 0.004166666666666667 0.009259259259259259
0 0.19947916666666668 0.19722222222222222 0.004427083333333333 0.010648148148148148
0 0.18411458333333333 0.2050925925925926 0.007291666666666667 0.01574074074074074
0 0.11197916666666667 0.20879629629629629 0.010416666666666666 0.016203703703703703
3 0.09869791666666666 0.21342592592592594 0.01171875 0.01898148148148148