3 0.14895833333333333 0.5217592592592593 0.09583333333333334 0.14444444444444443
3 0.7989583333333333 0.17592592592592593 0.009635416666666667 0.016666666666666666
3 0.9044270833333333 0.17314814814814813 0.01328125 0.020370370370370372
3 0.7111979166666667 0.17685185185185184 0.00859375 0.016666666666666666
3 0.5802083333333333 0.17916666666666667 0.0067708333333333336 0.011574074074074073
0 0.9192708333333334 0.16574074074074074 0.010416666666666666 0.01574074074074074
0 0.8065104166666667 0.17083333333333334 0.0067708333333333336 0.014351851851851852
0 0.7286458333333333 0.17175925925925925 0.00625 0.012962962962962963
0 0.6432291666666666 0.17314814814814813 0.00546875 0.012037037037037037
3 0.5346354166666667 0.17916666666666667 0.00625 0.010648148148148148
3 0.4830729166666667 0.17777777777777778 0.005989583333333334 0.012037037037037037
3 0.42421875 0.17824074074074073 0.00546875 0.009259259259259259
3 0.3703125 0.18009259259259258 0.0049479166666666664 0.010185185185185186
3 0.35989583333333336 0.17685185185185184 0.0036458333333333334 0.008796296296296297
3 0.36614583333333334 0.175 0.004166666666666667 0.008333333333333333
3 0.34609375 0.18055555555555555 0.004166666666666667 0.008796296296296297
3 0.3489583333333333 0.17916666666666667 0.003125 0.008333333333333333
3 0.34140625 0.17546296296296296 0.0036458333333333334 0.008333333333333333
3 0.30885416666666665 0.17731481481481481 0.004166666666666667 0.007407407407407408
3 0.27057291666666666 0.17916666666666667 0.0036458333333333334 0.007407407407407408
3 0.23333333333333334 0.18194444444444444 0.004166666666666667 0.008333333333333333
3 0.1890625 0.1865740740740741 0.004427083333333333 0.009259259259259259
0 0.18151041666666667 0.18425925925925926 0.0049479166666666664 0.008333333333333333
0 0.2565104166666667 0.17916666666666667 0.003125 0.0060185185185185185
0 0.3020833333333333 0.17685185185185184 0.003125 0.0060185185185185185
0 0.37942708333333336 0.1726851851851852 0.00234375 0.0060185185185185185
0 0.4109375 0.17175925925925925 0.0026041666666666665 0.005555555555555556
0 0.4122395833333333 0.17546296296296296 0.0026041666666666665 0.007407407407407408
0 0.41770833333333335 0.17453703703703705 0.0026041666666666665 0.006944444444444444
0 0.421875 0.17592592592592593 0.0018229166666666667 0.007407407407407408
0 0.4625 0.175 0.004166666666666667 0.009259259259259259
0 0.5182291666666666 0.17407407407407408 0.004427083333333333 0.010185185185185186
0 0.5815104166666667 0.1736111111111111 0.004166666666666667 0.010648148148148148