0 0.47552083333333334 0.7129629629629629 0.07552083333333333 0.16203703703703703
0 0.91640625 0.5847222222222223 0.0390625 0.08981481481481482
0 0.8981770833333333 0.4305555555555556 0.026302083333333334 0.03657407407407407
0 0.8041666666666667 0.399537037037037 0.015364583333333333 0.02361111111111111
0 0.73203125 0.38425925925925924 0.01328125 0.020370370370370372
0 0.6786458333333333 0.3768518518518518 0.009895833333333333 0.017592592592592594
0 0.60625 0.3726851851851852 0.009895833333333333 0.016666666666666666
0 0.51015625 0.3680555555555556 0.009635416666666667 0.01898148148148148
0 0.41510416666666666 0.36527777777777776 0.0078125 0.016666666666666666
0 0.31354166666666666 0.3592592592592593 0.009114583333333334 0.016666666666666666
0 0.27734375 0.3537037037037037 0.009114583333333334 0.01574074074074074
0 0.2643229166666667 0.34953703703703703 0.00859375 0.013425925925925926
0 0.28489583333333335 0.3472222222222222 0.0067708333333333336 0.012037037037037037
3 0.8528645833333334 0.3851851851851852 0.011458333333333333 0.01898148148148148
3 0.75390625 0.3768518518518518 0.00859375 0.01574074074074074
3 0.6713541666666667 0.36944444444444446 0.009114583333333334 0.014814814814814815
3 0.5270833333333333 0.362962962962963 0.0067708333333333336 0.012037037037037037
3 0.4466145833333333 0.36018518518518516 0.005989583333333334 0.010648148148148148
3 0.6044270833333333 0.36527777777777776 0.00546875 0.012962962962962963
0 0.33098958333333334 0.34675925925925927 0.004427083333333333 0.010185185185185186
0 0.33489583333333334 0.34305555555555556 0.0026041666666666665 0.006944444444444444
0 0.31666666666666665 0.34074074074074073 0.003125 0.0060185185185185185
0 0.32421875 0.33935185185185185 0.00234375 0.005555555555555556
0 0.3138020833333333 0.3398148148148148 0.00234375 0.005555555555555556
3 0.3802083333333333 0.3435185185185185 0.00234375 0.0060185185185185185
3 0.4049479166666667 0.3458333333333333 0.0026041666666666665 0.005555555555555556
3 0.43203125 0.35 0.003125 0.005555555555555556
3 0.42890625 0.3486111111111111 0.00234375 0.005555555555555556
3 0.39348958333333334 0.34120370370370373 0.00234375 0.005555555555555556
3 0.5098958333333333 0.3472222222222222 0.0026041666666666665 0.005555555555555556
0 0.5205729166666667 0.34814814814814815 0.0018229166666666667 0.004166666666666667
0 0.5763020833333333 0.35185185185185186 0.0018229166666666667 0.004629629629629629
3 0.5455729166666666 0.35 0.00234375 0.005555555555555556
0 0.5440104166666667 0.3486111111111111 0.0018229166666666667 0.005555555555555556
3 0.5856770833333333 0.3527777777777778 0.00234375 0.006944444444444444
3 0.6588541666666666 0.35555555555555557 0.003125 0.007407407407407408
0 0.6309895833333333 0.3541666666666667 0.0026041666666666665 0.005555555555555556
0 0.6893229166666667 0.3578703703703704 0.00234375 0.004629629629629629
3 0.72421875 0.3592592592592593 0.0026041666666666665 0.007407407407407408
3 0.7734375 0.36203703703703705 0.00234375 0.005555555555555556
0 0.7440104166666667 0.3597222222222222 0.0026041666666666665 0.004629629629629629
0 0.78984375 0.36203703703703705 0.00234375 0.004629629629629629
0 0.8419270833333333 0.36342592592592593 0.00234375 0.005555555555555556
3 0.8104166666666667 0.36342592592592593 0.0026041666666666665 0.006944444444444444
3 0.8520833333333333 0.36527777777777776 0.003125 0.0060185185185185185
3 0.8942708333333333 0.36666666666666664 0.00234375 0.005555555555555556
0 0.88125 0.36574074074074076 0.0026041666666666665 0.005555555555555556
0 0.9270833333333334 0.36712962962962964 0.003125 0.004629629629629629