3 0.8815104166666666 0.45555555555555555 0.0049479166666666664 0.010185185185185186
3 0.9091145833333333 0.512962962962963 0.024479166666666666 0.03425925925925926
3 0.840625 0.5425925925925926 0.02578125 0.044444444444444446
3 0.8651041666666667 0.6259259259259259 0.05234375 0.08333333333333333
0 0.37005208333333334 0.5592592592592592 0.024479166666666666 0.04861111111111111
0 0.5419270833333333 0.5083333333333333 0.01640625 0.02962962962962963
0 0.68828125 0.48935185185185187 0.011458333333333333 0.02175925925925926
0 0.7744791666666667 0.47962962962962963 0.0109375 0.01898148148148148
0 0.8716145833333333 0.47453703703703703 0.009635416666666667 0.017592592592592594
3 0.9260416666666667 0.4532407407407407 0.004166666666666667 0.007407407407407408
3 0.8671875 0.4532407407407407 0.0036458333333333334 0.007407407407407408
3 0.8213541666666667 0.45555555555555555 0.004427083333333333 0.009259259259259259
3 0.80078125 0.4532407407407407 0.0036458333333333334 0.007407407407407408
3 0.7393229166666667 0.45555555555555555 0.003125 0.008333333333333333
3 0.7361979166666667 0.4532407407407407 0.003125 0.007407407407407408
3 0.7091145833333333 0.4537037037037037 0.0036458333333333334 0.007407407407407408
3 0.6940104166666666 0.45416666666666666 0.0036458333333333334 0.008333333333333333
3 0.6763020833333333 0.45416666666666666 0.0036458333333333334 0.007407407407407408
3 0.6825520833333333 0.4532407407407407 0.003125 0.006944444444444444
0 0.63125 0.45416666666666666 0.0026041666666666665 0.0060185185185185185
0 0.6341145833333334 0.4537037037037037 0.0026041666666666665 0.0060185185185185185
0 0.64375 0.4532407407407407 0.0026041666666666665 0.0060185185185185185
0 0.6552083333333333 0.45416666666666666 0.003125 0.007407407407407408
0 0.65859375 0.4532407407407407 0.0026041666666666665 0.0060185185185185185
0 0.6908854166666667 0.4546296296296296 0.0036458333333333334 0.008333333333333333
0 0.7434895833333334 0.45601851851851855 0.004166666666666667 0.009259259259259259
0 0.72421875 0.4527777777777778 0.003125 0.006944444444444444
0 0.796875 0.4564814814814815 0.0036458333333333334 0.008796296296296297
0 0.784375 0.4527777777777778 0.003125 0.006944444444444444
0 0.87265625 0.45694444444444443 0.004427083333333333 0.008796296296296297
0 0.89765625 0.45185185185185184 0.0036458333333333334 0.006944444444444444
0 0.8450520833333334 0.4532407407407407 0.0036458333333333334 0.0060185185185185185