3 0.6760416666666667 0.39166666666666666 0.06588541666666667 0.11018518518518519
3 0.66640625 0.22314814814814815 0.020052083333333335 0.03796296296296296
3 0.41328125 0.2337962962962963 0.018229166666666668 0.03518518518518519
3 0.21302083333333333 0.23935185185185184 0.015104166666666667 0.032407407407407406
3 0.10520833333333333 0.22962962962962963 0.015104166666666667 0.02546296296296296
3 0.13958333333333334 0.2125 0.009895833333333333 0.019444444444444445
3 0.15052083333333333 0.2064814814814815 0.008072916666666667 0.016666666666666666
3 0.11145833333333334 0.2222222222222222 0.012760416666666666 0.02175925925925926
3 0.8604166666666667 0.16620370370370371 0.009114583333333334 0.017592592592592594
3 0.8815104166666666 0.1685185185185185 0.009635416666666667 0.019444444444444445
0 0.23828125 0.1962962962962963 0.008072916666666667 0.01574074074074074
0 0.2604166666666667 0.19814814814814816 0.008072916666666667 0.016203703703703703
0 0.26927083333333335 0.20185185185185187 0.0078125 0.016666666666666666
0 0.27838541666666666 0.20555555555555555 0.009635416666666667 0.01898148148148148
0 0.28802083333333334 0.21064814814814814 0.010416666666666666 0.022222222222222223
0 0.33671875 0.21342592592592594 0.01171875 0.024537037037037038
0 0.4549479166666667 0.21064814814814814 0.01171875 0.025
0 0.60390625 0.20277777777777778 0.012239583333333333 0.026851851851851852
0 0.75390625 0.19675925925925927 0.01328125 0.02638888888888889
0 0.8497395833333333 0.19074074074074074 0.01328125 0.025
0 0.82421875 0.18472222222222223 0.01171875 0.022222222222222223
0 0.7838541666666666 0.17916666666666667 0.009635416666666667 0.01898148148148148
0 0.7794270833333333 0.16712962962962963 0.00625 0.014351851851851852
0 0.7466145833333333 0.17546296296296296 0.0078125 0.016203703703703703
3 0.08125 0.4726851851851852 0.034895833333333334 0.06944444444444445
0 0.74453125 0.17083333333333334 0.00546875 0.014814814814814815
0 0.83046875 0.1625 0.008072916666666667 0.014351851851851852
3 0.8997395833333334 0.16157407407407406 0.010416666666666666 0.016203703703703703
0 0.9052083333333333 0.15601851851851853 0.005989583333333334 0.012037037037037037
0 0.18098958333333334 0.19675925925925927 0.008072916666666667 0.014351851851851852
0 0.12135416666666667 0.19814814814814816 0.008072916666666667 0.011574074074074073
3 0.09765625 0.20416666666666666 0.009895833333333333 0.016203703703703703