3 0.10078125 0.475462962962963 0.07447916666666667 0.12037037037037036
3 0.5763020833333333 0.24027777777777778 0.02265625 0.03981481481481482
3 0.803125 0.22916666666666666 0.023697916666666666 0.04259259259259259
3 0.39348958333333334 0.24074074074074073 0.017708333333333333 0.03194444444444444
3 0.43697916666666664 0.20694444444444443 0.011458333333333333 0.020833333333333332
3 0.39895833333333336 0.21666666666666667 0.011458333333333333 0.022222222222222223
3 0.37942708333333336 0.22916666666666666 0.0140625 0.026851851851851852
3 0.37083333333333335 0.18425925925925926 0.0036458333333333334 0.008333333333333333
3 0.4005208333333333 0.1837962962962963 0.0036458333333333334 0.006944444444444444
3 0.4192708333333333 0.18194444444444444 0.003125 0.009259259259259259
3 0.43411458333333336 0.18101851851851852 0.0026041666666666665 0.008333333333333333
3 0.44505208333333335 0.18981481481481483 0.007291666666666667 0.012037037037037037
3 0.45729166666666665 0.18333333333333332 0.00546875 0.010185185185185186
3 0.4578125 0.1912037037037037 0.00625 0.013425925925925926
3 0.46328125 0.19953703703703704 0.008072916666666667 0.018055555555555554
3 0.47369791666666666 0.1935185185185185 0.007291666666666667 0.012962962962962963
3 0.33359375 0.18888888888888888 0.0026041666666666665 0.007407407407407408
0 0.7434895833333334 0.20416666666666666 0.015885416666666666 0.031018518518518518
0 0.6205729166666667 0.20833333333333334 0.01328125 0.025
0 0.47552083333333334 0.17546296296296296 0.0036458333333333334 0.008333333333333333
0 0.49765625 0.17453703703703705 0.0036458333333333334 0.010185185185185186
0 0.5182291666666666 0.175 0.004427083333333333 0.009259259259259259
0 0.5328125 0.17546296296296296 0.004427083333333333 0.010185185185185186
0 0.5466145833333333 0.17824074074074073 0.0049479166666666664 0.011574074074074073
0 0.5549479166666667 0.17453703703703705 0.0036458333333333334 0.010185185185185186
0 0.5559895833333334 0.17916666666666667 0.00625 0.012962962962962963
0 0.565625 0.18101851851851852 0.0067708333333333336 0.014814814814814815
0 0.5770833333333333 0.19907407407407407 0.00859375 0.016666666666666666
0 0.57578125 0.20416666666666666 0.011458333333333333 0.025
0 0.58046875 0.18287037037037038 0.009114583333333334 0.01574074074074074
0 0.5989583333333334 0.1865740740740741 0.00859375 0.017592592592592594
0 0.5927083333333333 0.1925925925925926 0.009114583333333334 0.01898148148148148
0 0.8270833333333333 0.1763888888888889 0.010416666666666666 0.01898148148148148
0 0.8346354166666666 0.18518518518518517 0.012760416666666666 0.023148148148148147
0 0.8291666666666667 0.19537037037037036 0.015364583333333333 0.02546296296296296
0 0.40963541666666664 0.18055555555555555 0.0026041666666666665 0.008796296296296297
0 0.32265625 0.18796296296296297 0.0036458333333333334 0.006944444444444444
3 0.46640625 0.18472222222222223 0.00546875 0.010185185185185186
3 0.44869791666666664 0.1824074074074074 0.0026041666666666665 0.008333333333333333
0 0.446875 0.17824074074074073 0.0018229166666666667 0.008796296296296297
0 0.8260416666666667 0.16898148148148148 0.005989583333333334 0.010648148148148148
0 0.8252604166666667 0.1648148148148148 0.0049479166666666664 0.010648148148148148
0 0.8346354166666666 0.16018518518518518 0.004427083333333333 0.010648148148148148
0 0.8598958333333333 0.15648148148148147 0.004166666666666667 0.008796296296296297
0 0.27317708333333335 0.19305555555555556 0.0026041666666666665 0.005555555555555556
0 0.21927083333333333 0.19907407407407407 0.00234375 0.0060185185185185185
3 0.2859375 0.1925925925925926 0.0026041666666666665 0.008333333333333333
3 0.24192708333333332 0.19722222222222222 0.003125 0.008333333333333333
3 0.19765625 0.20324074074074075 0.0036458333333333334 0.008796296296296297
3 0.14635416666666667 0.20787037037037037 0.0036458333333333334 0.008796296296296297
0 0.16796875 0.20555555555555555 0.004166666666666667 0.006944444444444444
0 0.36822916666666666 0.1837962962962963 0.0026041666666666665 0.008333333333333333