0 0.25755208333333335 0.5805555555555556 0.03411458333333333 0.05324074074074074
0 0.3151041666666667 0.5087962962962963 0.0140625 0.024537037037037038
0 0.33307291666666666 0.487962962962963 0.0078125 0.01574074074074074
0 0.34036458333333336 0.47824074074074074 0.00625 0.012037037037037037
3 0.54140625 0.5157407407407407 0.019010416666666665 0.033796296296296297
3 0.46588541666666666 0.48657407407407405 0.009895833333333333 0.01898148148148148
3 0.4427083333333333 0.47685185185185186 0.007291666666666667 0.014814814814814815
3 0.4315104166666667 0.4722222222222222 0.005989583333333334 0.012037037037037037
3 0.42265625 0.46805555555555556 0.004427083333333333 0.010185185185185186
3 0.41510416666666666 0.4652777777777778 0.004427083333333333 0.008796296296296297
0 0.3458333333333333 0.47175925925925927 0.00546875 0.010185185185185186
0 0.3489583333333333 0.46805555555555556 0.004166666666666667 0.010185185185185186
0 0.35130208333333335 0.46574074074074073 0.0036458333333333334 0.008333333333333333
0 0.36744791666666665 0.4583333333333333 0.003125 0.0060185185185185185
0 0.3815104166666667 0.45694444444444443 0.003125 0.006944444444444444
0 0.41875 0.4532407407407407 0.00234375 0.004629629629629629
3 0.4276041666666667 0.4532407407407407 0.00234375 0.005555555555555556
3 0.40859375 0.4625 0.0036458333333333334 0.008796296296296297
3 0.40520833333333334 0.46064814814814814 0.003125 0.008333333333333333
2 0.35494791666666664 0.46064814814814814 0.00546875 0.011574074074074073
3 0.8807291666666667 0.43287037037037035 0.004166666666666667 0.0060185185185185185
3 0.8455729166666667 0.43703703703703706 0.004427083333333333 0.008796296296296297
3 0.8421875 0.4337962962962963 0.0036458333333333334 0.006944444444444444
0 0.8723958333333334 0.4337962962962963 0.0049479166666666664 0.008333333333333333
0 0.8591145833333333 0.43333333333333335 0.0036458333333333334 0.006944444444444444
0 0.8348958333333333 0.43425925925925923 0.004427083333333333 0.008333333333333333
0 0.7955729166666666 0.4351851851851852 0.003125 0.005555555555555556
0 0.8294270833333334 0.43425925925925923 0.004166666666666667 0.006944444444444444
3 0.8059895833333334 0.43796296296296294 0.004427083333333333 0.008333333333333333
3 0.8234375 0.43425925925925923 0.003125 0.0060185185185185185
3 0.8151041666666666 0.43425925925925923 0.0026041666666666665 0.005555555555555556
3 0.8020833333333334 0.43472222222222223 0.003125 0.004629629629629629
3 0.8046875 0.43425925925925923 0.003125 0.005555555555555556
3 0.7578125 0.4393518518518518 0.0036458333333333334 0.008333333333333333
0 0.7817708333333333 0.43703703703703706 0.0036458333333333334 0.007407407407407408
0 0.7489583333333333 0.43796296296296294 0.003125 0.006944444444444444
0 0.7721354166666666 0.4356481481481482 0.003125 0.0060185185185185185
0 0.76953125 0.4356481481481482 0.0026041666666666665 0.0060185185185185185
0 0.721875 0.4388888888888889 0.0036458333333333334 0.0060185185185185185
0 0.6955729166666667 0.4393518518518518 0.0026041666666666665 0.005555555555555556
3 0.7140625 0.44074074074074077 0.0036458333333333334 0.006944444444444444
3 0.6778645833333333 0.44166666666666665 0.003125 0.006944444444444444
0 0.67578125 0.4398148148148148 0.0026041666666666665 0.006944444444444444
0 0.6455729166666667 0.44074074074074077 0.0026041666666666665 0.005555555555555556
3 0.6489583333333333 0.4425925925925926 0.00234375 0.006944444444444444
3 0.6260416666666667 0.44305555555555554 0.00234375 0.0060185185185185185
3 0.5989583333333334 0.44305555555555554 0.00234375 0.0060185185185185185
0 0.61953125 0.4412037037037037 0.0026041666666666665 0.005555555555555556
3 0.56796875 0.4444444444444444 0.00234375 0.0060185185185185185
3 0.5247395833333334 0.44675925925925924 0.00234375 0.005555555555555556
0 0.5315104166666667 0.44537037037037036 0.00234375 0.004166666666666667
3 0.47630208333333335 0.449537037037037 0.0026041666666666665 0.005555555555555556
3 0.4473958333333333 0.4513888888888889 0.0026041666666666665 0.005555555555555556
0 0.39609375 0.45416666666666666 0.00234375 0.004629629629629629
2 0.4041666666666667 0.4583333333333333 0.0036458333333333334 0.010648148148148148
0 0.5888020833333333 0.44305555555555554 0.00234375 0.004629629629629629
0 0.5627604166666667 0.4439814814814815 0.0018229166666666667 0.004166666666666667
3 0.5471354166666667 0.44583333333333336 0.00234375 0.0060185185185185185