3 0.9205729166666666 0.6199074074074075 0.030989583333333334 0.07916666666666666
3 0.8942708333333333 0.4888888888888889 0.010416666666666666 0.020833333333333332
3 0.8875 0.4652777777777778 0.0049479166666666664 0.012962962962962963
3 0.7981770833333334 0.47638888888888886 0.008072916666666667 0.016203703703703703
3 0.8109375 0.46435185185185185 0.00546875 0.011574074074074073
3 0.7484375 0.4685185185185185 0.005989583333333334 0.014351851851851852
3 0.7526041666666666 0.4638888888888889 0.004166666666666667 0.012962962962962963
0 0.46015625 0.5504629629629629 0.029427083333333333 0.04953703703703704
0 0.6713541666666667 0.5157407407407407 0.021875 0.033796296296296297
0 0.6895833333333333 0.47685185185185186 0.008072916666666667 0.017592592592592594
0 0.6515625 0.46805555555555556 0.0078125 0.014814814814814815
0 0.6705729166666666 0.45925925925925926 0.0067708333333333336 0.011574074074074073
0 0.64921875 0.46296296296296297 0.00546875 0.012037037037037037
0 0.7768229166666667 0.5018518518518519 0.014583333333333334 0.026851851851851852
0 0.76953125 0.49166666666666664 0.0109375 0.02361111111111111
0 0.7268229166666667 0.4583333333333333 0.00546875 0.010185185185185186
0 0.7953125 0.45925925925925926 0.004166666666666667 0.010648148148148148
0 0.87578125 0.4601851851851852 0.004427083333333333 0.012037037037037037
0 0.12682291666666667 0.6685185185185185 0.078125 0.10324074074074074