3 0.19895833333333332 0.5930555555555556 0.0859375 0.17037037037037037
3 0.23463541666666668 0.3398148148148148 0.04192708333333333 0.06898148148148148
3 0.29010416666666666 0.287962962962963 0.028125 0.04953703703703704
3 0.25729166666666664 0.25601851851851853 0.020052083333333335 0.03657407407407407
3 0.14895833333333333 0.24675925925925926 0.015104166666666667 0.031018518518518518
3 0.84921875 0.1685185185185185 0.008072916666666667 0.01574074074074074
3 0.7544270833333333 0.1726851851851852 0.007291666666666667 0.016666666666666666
3 0.6942708333333333 0.17453703703703705 0.0049479166666666664 0.014814814814814815
3 0.6625 0.17314814814814813 0.004166666666666667 0.011574074074074073
3 0.6638020833333333 0.16898148148148148 0.003125 0.009259259259259259
3 0.71328125 0.16666666666666666 0.003125 0.008796296296296297
3 0.6994791666666667 0.16574074074074074 0.0036458333333333334 0.010648148148148148
3 0.7395833333333334 0.16435185185185186 0.0036458333333333334 0.010648148148148148
3 0.61328125 0.16944444444444445 0.0036458333333333334 0.009259259259259259
3 0.6065104166666667 0.16944444444444445 0.004166666666666667 0.010185185185185186
3 0.5861979166666667 0.16944444444444445 0.003125 0.008796296296296297
3 0.5778645833333333 0.1699074074074074 0.003125 0.008796296296296297
3 0.5609375 0.17083333333333334 0.0018229166666666667 0.007407407407407408
3 0.528125 0.17175925925925925 0.0026041666666666665 0.006944444444444444
3 0.51015625 0.1726851851851852 0.00234375 0.007407407407407408
3 0.5052083333333334 0.17175925925925925 0.00234375 0.007407407407407408
3 0.48828125 0.1726851851851852 0.0026041666666666665 0.0060185185185185185
3 0.47942708333333334 0.17314814814814813 0.00234375 0.0060185185185185185
3 0.465625 0.17314814814814813 0.00234375 0.0060185185185185185
3 0.4317708333333333 0.17546296296296296 0.0018229166666666667 0.0060185185185185185
3 0.4359375 0.17453703703703705 0.0018229166666666667 0.006944444444444444
3 0.40859375 0.17546296296296296 0.0018229166666666667 0.006944444444444444
3 0.421875 0.17453703703703705 0.0018229166666666667 0.0060185185185185185
3 0.42473958333333334 0.17453703703703705 0.0013020833333333333 0.0060185185185185185
0 0.8153645833333333 0.16805555555555557 0.00546875 0.010185185185185186
0 0.8138020833333334 0.16203703703703703 0.005989583333333334 0.008333333333333333
0 0.7627604166666667 0.16898148148148148 0.00546875 0.010648148148148148
0 0.76484375 0.16620370370370371 0.004166666666666667 0.012037037037037037
0 0.7841145833333333 0.16342592592592592 0.004427083333333333 0.010648148148148148
0 0.7330729166666666 0.16527777777777777 0.0013020833333333333 0.0060185185185185185
0 0.6791666666666667 0.16666666666666666 0.0018229166666666667 0.006944444444444444
0 0.63359375 0.16805555555555557 0.0026041666666666665 0.005555555555555556
0 0.5421875 0.17083333333333334 0.0026041666666666665 0.006944444444444444
0 0.53515625 0.17175925925925925 0.00234375 0.005555555555555556
0 0.51953125 0.1712962962962963 0.0026041666666666665 0.007407407407407408
0 0.515625 0.17175925925925925 0.00234375 0.006944444444444444
0 0.5010416666666667 0.1726851851851852 0.0013020833333333333 0.004629629629629629
0 0.4752604166666667 0.1736111111111111 0.00234375 0.005555555555555556
0 0.47317708333333336 0.17407407407407408 0.0018229166666666667 0.004629629629629629
0 0.45598958333333334 0.17453703703703705 0.0018229166666666667 0.007407407407407408
0 0.44947916666666665 0.17453703703703705 0.0018229166666666667 0.005555555555555556
0 0.43359375 0.17546296296296296 0.0018229166666666667 0.007407407407407408
0 0.41744791666666664 0.17546296296296296 0.0013020833333333333 0.0060185185185185185
0 0.4265625 0.17592592592592593 0.0013020833333333333 0.004629629629629629
0 0.35833333333333334 0.17824074074074073 0.00234375 0.005555555555555556
0 0.29635416666666664 0.18194444444444444 0.0026041666666666665 0.006944444444444444
3 0.3268229166666667 0.1814814814814815 0.0018229166666666667 0.007407407407407408
0 0.44114583333333335 0.17453703703703705 0.0013020833333333333 0.006944444444444444
0 0.8981770833333333 0.16435185185185186 0.00625 0.012037037037037037
0 0.48515625 0.1736111111111111 0.003125 0.008333333333333333