0 0.1875 0.49675925925925923 0.0140625 0.022222222222222223
0 0.3265625 0.47824074074074074 0.00859375 0.016203703703703703
0 0.38984375 0.4708333333333333 0.0067708333333333336 0.014351851851851852
0 0.45078125 0.46620370370370373 0.00625 0.013425925925925926
0 0.5028645833333333 0.4652777777777778 0.0067708333333333336 0.014351851851851852
0 0.5200520833333333 0.4708333333333333 0.007291666666666667 0.01574074074074074
0 0.51640625 0.449537037037037 0.0036458333333333334 0.006944444444444444
0 0.5028645833333333 0.44907407407407407 0.003125 0.0060185185185185185
0 0.5481770833333334 0.44907407407407407 0.0036458333333333334 0.007407407407407408
0 0.5072916666666667 0.4773148148148148 0.009114583333333334 0.018055555555555554
0 0.47213541666666664 0.48703703703703705 0.010416666666666666 0.02175925925925926
0 0.4231770833333333 0.5041666666666667 0.014583333333333334 0.029166666666666667
0 0.3372395833333333 0.5680555555555555 0.028125 0.05277777777777778
0 0.15520833333333334 0.7472222222222222 0.09401041666666667 0.13796296296296295
0 0.6328125 0.44814814814814813 0.0036458333333333334 0.006944444444444444
3 0.65703125 0.45046296296296295 0.004166666666666667 0.010185185185185186
3 0.7078125 0.449537037037037 0.004427083333333333 0.008796296296296297
3 0.7348958333333333 0.44814814814814813 0.004166666666666667 0.008796296296296297
3 0.22604166666666667 0.47962962962962963 0.009635416666666667 0.017592592592592594
3 0.30625 0.47129629629629627 0.0067708333333333336 0.014351851851851852
3 0.39947916666666666 0.4634259259259259 0.00546875 0.012037037037037037
3 0.47942708333333334 0.45925925925925926 0.0049479166666666664 0.011574074074074073
3 0.48489583333333336 0.45185185185185184 0.003125 0.008333333333333333
3 0.53203125 0.45092592592592595 0.004166666666666667 0.007407407407407408
3 0.5427083333333333 0.45740740740740743 0.00546875 0.010648148148148148
3 0.6098958333333333 0.4601851851851852 0.005989583333333334 0.013425925925925926
3 0.6388020833333333 0.4648148148148148 0.005989583333333334 0.014814814814814815
3 0.66171875 0.47314814814814815 0.007291666666666667 0.018055555555555554
3 0.6591145833333333 0.4842592592592593 0.009895833333333333 0.020370370370370372
3 0.66171875 0.5050925925925925 0.015885416666666666 0.02638888888888889
3 0.7307291666666667 0.5615740740740741 0.03229166666666667 0.05416666666666667
3 0.5893229166666667 0.45046296296296295 0.004166666666666667 0.008333333333333333
0 0.66875 0.44675925925925924 0.003125 0.0060185185185185185
0 0.6651041666666667 0.44814814814814813 0.0036458333333333334 0.0060185185185185185
3 0.13307291666666668 0.46944444444444444 0.00546875 0.008796296296296297
3 0.21119791666666668 0.4634259259259259 0.004166666666666667 0.008333333333333333
3 0.27057291666666666 0.4597222222222222 0.003125 0.0060185185185185185
3 0.31875 0.45555555555555555 0.00234375 0.0060185185185185185
3 0.34869791666666666 0.4532407407407407 0.0026041666666666665 0.0060185185185185185
3 0.3723958333333333 0.4513888888888889 0.0018229166666666667 0.005555555555555556
3 0.3963541666666667 0.45 0.0018229166666666667 0.005555555555555556
3 0.45598958333333334 0.4513888888888889 0.0026041666666666665 0.006944444444444444
3 0.45364583333333336 0.45046296296296295 0.0018229166666666667 0.006944444444444444
3 0.459375 0.449537037037037 0.003125 0.006944444444444444
3 0.42239583333333336 0.4486111111111111 0.00234375 0.005555555555555556
3 0.4421875 0.44814814814814813 0.0026041666666666665 0.0060185185185185185
3 0.7197916666666667 0.4449074074074074 0.00234375 0.0060185185185185185
3 0.7127604166666667 0.4444444444444444 0.0026041666666666665 0.006944444444444444
3 0.71484375 0.4439814814814815 0.00234375 0.006944444444444444
3 0.7356770833333334 0.44305555555555554 0.00234375 0.0060185185185185185
3 0.7322916666666667 0.44675925925925924 0.0026041666666666665 0.007407407407407408
3 0.7700520833333333 0.4425925925925926 0.0026041666666666665 0.006944444444444444
3 0.8059895833333334 0.44212962962962965 0.0026041666666666665 0.0060185185185185185
3 0.8520833333333333 0.4425925925925926 0.00234375 0.006944444444444444
3 0.89375 0.44212962962962965 0.0036458333333333334 0.0060185185185185185
3 0.91328125 0.44166666666666665 0.00234375 0.0060185185185185185
3 0.9338541666666667 0.44074074074074077 0.00234375 0.006944444444444444
0 0.9236979166666667 0.4388888888888889 0.0018229166666666667 0.004629629629629629
0 0.8736979166666666 0.44074074074074077 0.0018229166666666667 0.004166666666666667
0 0.8565104166666667 0.44166666666666665 0.0013020833333333333 0.004629629629629629
0 0.8348958333333333 0.44166666666666665 0.00234375 0.004629629629629629
0 0.7966145833333333 0.44166666666666665 0.00234375 0.004629629629629629
0 0.7505208333333333 0.4425925925925926 0.0018229166666666667 0.004166666666666667
0 0.6919270833333333 0.44305555555555554 0.0018229166666666667 0.004629629629629629
0 0.67265625 0.44351851851851853 0.0018229166666666667 0.004629629629629629
0 0.5 0.4486111111111111 0.0018229166666666667 0.005555555555555556
0 0.4979166666666667 0.44814814814814813 0.0013020833333333333 0.004629629629629629
0 0.49453125 0.44722222222222224 0.0018229166666666667 0.005555555555555556
0 0.4669270833333333 0.44722222222222224 0.0018229166666666667 0.004166666666666667
0 0.2825520833333333 0.45694444444444443 0.00234375 0.005555555555555556
0 0.31666666666666665 0.4546296296296296 0.00234375 0.005555555555555556
0 0.3453125 0.45185185185185184 0.00234375 0.005555555555555556
0 0.3692708333333333 0.45092592592592595 0.00234375 0.004629629629629629
0 0.39921875 0.449537037037037 0.0018229166666666667 0.004629629629629629
0 0.42682291666666666 0.44814814814814813 0.0018229166666666667 0.004166666666666667
0 0.446875 0.4476851851851852 0.0018229166666666667 0.0032407407407407406
0 0.17708333333333334 0.46435185185185185 0.004166666666666667 0.0060185185185185185
0 0.23802083333333332 0.46064814814814814 0.003125 0.0060185185185185185
0 0.10208333333333333 0.46944444444444444 0.004166666666666667 0.007407407407407408
0 0.48671875 0.44675925925925924 0.0026041666666666665 0.005555555555555556