0 0.5580729166666667 0.5083333333333333 0.0421875 0.07314814814814814
0 0.7268229166666667 0.42685185185185187 0.021875 0.037037037037037035
0 0.7893229166666667 0.3990740740740741 0.016927083333333332 0.025
0 0.8153645833333333 0.38842592592592595 0.01171875 0.020370370370370372
0 0.8559895833333333 0.37916666666666665 0.009895833333333333 0.016203703703703703
0 0.90625 0.37546296296296294 0.009895833333333333 0.014814814814814815
0 0.19296875 0.40555555555555556 0.025 0.03657407407407407
0 0.3255208333333333 0.39166666666666666 0.018229166666666668 0.029166666666666667
0 0.42265625 0.3800925925925926 0.012760416666666666 0.02361111111111111
0 0.4825520833333333 0.3680555555555556 0.00859375 0.017592592592592594
0 0.5013020833333334 0.362962962962963 0.008072916666666667 0.014814814814814815
0 0.5200520833333333 0.3587962962962963 0.007291666666666667 0.013425925925925926
0 0.5328125 0.35555555555555557 0.00625 0.012037037037037037
3 0.13984375 0.3814814814814815 0.017708333333333333 0.02638888888888889
3 0.27291666666666664 0.3731481481481482 0.0140625 0.02175925925925926
3 0.36796875 0.36435185185185187 0.011458333333333333 0.016666666666666666
3 0.4049479166666667 0.35833333333333334 0.007291666666666667 0.014814814814814815
3 0.42604166666666665 0.35509259259259257 0.0067708333333333336 0.012962962962962963
3 0.47760416666666666 0.35185185185185186 0.0049479166666666664 0.010185185185185186
3 0.4856770833333333 0.35 0.0049479166666666664 0.009259259259259259
1 0.18958333333333333 0.3388888888888889 0.00546875 0.011574074074074073
1 0.16875 0.3375 0.005989583333333334 0.011574074074074073
3 0.35546875 0.34120370370370373 0.0036458333333333334 0.006944444444444444
0 0.5591145833333333 0.3541666666666667 0.00546875 0.009259259259259259
0 0.10078125 0.3388888888888889 0.0049479166666666664 0.008796296296296297
3 0.08307291666666666 0.3398148148148148 0.0049479166666666664 0.009259259259259259
3 0.14817708333333332 0.34074074074074073 0.004427083333333333 0.007407407407407408
3 0.22578125 0.34120370370370373 0.0036458333333333334 0.008333333333333333
0 0.20625 0.3398148148148148 0.003125 0.006944444444444444
0 0.2994791666666667 0.34074074074074073 0.0036458333333333334 0.006944444444444444
3 0.27005208333333336 0.34074074074074073 0.0036458333333333334 0.008333333333333333
3 0.31354166666666666 0.34074074074074073 0.0036458333333333334 0.008796296296296297
3 0.39114583333333336 0.34074074074074073 0.003125 0.007407407407407408
3 0.42109375 0.34074074074074073 0.003125 0.007407407407407408
3 0.4513020833333333 0.3416666666666667 0.0036458333333333334 0.008333333333333333
0 0.45625 0.34074074074074073 0.003125 0.006944444444444444
3 0.49557291666666664 0.3472222222222222 0.0036458333333333334 0.009259259259259259
3 0.5005208333333333 0.3458333333333333 0.0036458333333333334 0.008796296296296297
3 0.4973958333333333 0.34444444444444444 0.00234375 0.009259259259259259
3 0.49114583333333334 0.3439814814814815 0.003125 0.008333333333333333
3 0.475 0.34305555555555556 0.0036458333333333334 0.008333333333333333
0 0.5122395833333333 0.34305555555555556 0.0036458333333333334 0.006944444444444444
0 0.5348958333333333 0.34444444444444444 0.003125 0.007407407407407408
0 0.5463541666666667 0.3449074074074074 0.0036458333333333334 0.0060185185185185185
0 0.55546875 0.35185185185185186 0.0036458333333333334 0.008796296296296297
0 0.5580729166666667 0.3476851851851852 0.003125 0.007407407407407408
0 0.5544270833333333 0.34629629629629627 0.0036458333333333334 0.007407407407407408
0 0.06927083333333334 0.7555555555555555 0.011458333333333333 0.050462962962962966
0 0.48541666666666666 0.3416666666666667 0.0026041666666666665 0.005555555555555556
0 0.3846354166666667 0.34074074074074073 0.0026041666666666665 0.005555555555555556
0 0.3458333333333333 0.34074074074074073 0.0026041666666666665 0.005555555555555556
0 0.2526041666666667 0.3402777777777778 0.00234375 0.004629629629629629