0 0.740625 0.40925925925925927 0.054947916666666666 0.09861111111111111
0 0.68828125 0.27314814814814814 0.028125 0.04583333333333333
0 0.63515625 0.23333333333333334 0.016927083333333332 0.031018518518518518
0 0.5838541666666667 0.21064814814814814 0.012239583333333333 0.023148148148148147
0 0.6 0.1865740740740741 0.00625 0.013425925925925926
0 0.56171875 0.19814814814814816 0.00859375 0.016666666666666666
0 0.6502604166666667 0.18472222222222223 0.005989583333333334 0.012962962962962963
0 0.5567708333333333 0.18333333333333332 0.00625 0.012037037037037037
0 0.5640625 0.18888888888888888 0.00546875 0.014351851851851852
0 0.09427083333333333 0.18564814814814815 0.015885416666666666 0.023148148148148147
0 0.215625 0.19166666666666668 0.01328125 0.023148148148148147
3 0.17057291666666666 0.17407407407407408 0.0109375 0.019444444444444445
3 0.2716145833333333 0.17916666666666667 0.009635416666666667 0.017592592592592594
3 0.36692708333333335 0.18055555555555555 0.0067708333333333336 0.01574074074074074
0 0.365625 0.19490740740740742 0.009635416666666667 0.019444444444444445
0 0.45338541666666665 0.18935185185185185 0.00859375 0.016666666666666666
3 0.46588541666666666 0.17731481481481481 0.00625 0.012962962962962963
1 0.43125 0.17407407407407408 0.0078125 0.022222222222222223
1 0.5005208333333333 0.18194444444444444 0.009895833333333333 0.02546296296296296
3 0.7640625 0.22175925925925927 0.012760416666666666 0.025
3 0.83359375 0.24166666666666667 0.0171875 0.03333333333333333
3 0.7 0.20555555555555555 0.009114583333333334 0.01898148148148148
3 0.68046875 0.19907407407407407 0.007291666666666667 0.01574074074074074
3 0.7096354166666666 0.19583333333333333 0.007291666666666667 0.014814814814814815
3 0.7294270833333333 0.1925925925925926 0.00625 0.012037037037037037
2 0.73984375 0.18194444444444444 0.0049479166666666664 0.010185185185185186
2 0.7497395833333333 0.18101851851851852 0.004166666666666667 0.009259259259259259
2 0.7640625 0.18101851851851852 0.00546875 0.009259259259259259
2 0.78671875 0.18611111111111112 0.0049479166666666664 0.011574074074074073
2 0.7919270833333333 0.1824074074074074 0.004166666666666667 0.009259259259259259
2 0.7981770833333334 0.18518518518518517 0.004427083333333333 0.010648148148148148
2 0.8098958333333334 0.18472222222222223 0.00546875 0.010185185185185186
2 0.8197916666666667 0.1837962962962963 0.0049479166666666664 0.010648148148148148
3 0.7723958333333333 0.18564814814814815 0.0067708333333333336 0.012037037037037037
3 0.7513020833333334 0.18935185185185185 0.00546875 0.012962962962962963
0 0.6794270833333333 0.18425925925925926 0.00625 0.012037037037037037
0 0.7010416666666667 0.18333333333333332 0.005989583333333334 0.010648148148148148
0 0.6677083333333333 0.17777777777777778 0.004427083333333333 0.009259259259259259
0 0.6151041666666667 0.18009259259259258 0.004427083333333333 0.010185185185185186
0 0.6200520833333333 0.18009259259259258 0.004427083333333333 0.011574074074074073
3 0.5361979166666667 0.17546296296296296 0.0049479166666666664 0.011574074074074073
2 0.7346354166666667 0.18194444444444444 0.0036458333333333334 0.011574074074074073
0 0.728125 0.1824074074074074 0.004427083333333333 0.010648148148148148
0 0.6486979166666667 0.17824074074074073 0.0036458333333333334 0.010648148148148148
3 0.6153645833333333 0.17453703703703705 0.0036458333333333334 0.006944444444444444
3 0.58515625 0.17453703703703705 0.003125 0.010185185185185186
3 0.5817708333333333 0.17453703703703705 0.0026041666666666665 0.010648148148148148