0 0.24192708333333332 0.6148148148148148 0.04401041666666667 0.07175925925925926
0 0.43203125 0.5356481481481481 0.021354166666666667 0.03981481481481482
0 0.46875 0.5037037037037037 0.015364583333333333 0.027777777777777776
0 0.490625 0.4875 0.011458333333333333 0.022222222222222223
0 0.49947916666666664 0.4773148148148148 0.009114583333333334 0.018055555555555554
0 0.5158854166666667 0.4666666666666667 0.008072916666666667 0.014814814814814815
0 0.53828125 0.462037037037037 0.0067708333333333336 0.012962962962962963
0 0.5575520833333333 0.4587962962962963 0.005989583333333334 0.010648148148148148
0 0.56640625 0.4550925925925926 0.00546875 0.011574074074074073
0 0.30520833333333336 0.4810185185185185 0.0078125 0.014814814814814815
0 0.3888020833333333 0.4703703703703704 0.0067708333333333336 0.012037037037037037
3 0.6325520833333333 0.47314814814814815 0.00859375 0.018055555555555554
3 0.67578125 0.4861111111111111 0.01328125 0.025
3 0.6520833333333333 0.45416666666666666 0.005989583333333334 0.012962962962962963
3 0.6455729166666667 0.4513888888888889 0.004427083333333333 0.010648148148148148
3 0.6419270833333334 0.4583333333333333 0.0067708333333333336 0.014351851851851852
3 0.7580729166666667 0.5120370370370371 0.025 0.03564814814814815
3 0.8372395833333334 0.6138888888888889 0.054427083333333334 0.08564814814814815
3 0.0921875 0.4842592592592593 0.007291666666666667 0.010185185185185186
3 0.1796875 0.47638888888888886 0.0067708333333333336 0.009259259259259259
3 0.25286458333333334 0.46944444444444444 0.0049479166666666664 0.008796296296296297
3 0.29192708333333334 0.46574074074074073 0.004427083333333333 0.008333333333333333
3 0.3138020833333333 0.4740740740740741 0.0078125 0.012962962962962963
3 0.33671875 0.46111111111111114 0.003125 0.007407407407407408
3 0.37447916666666664 0.45740740740740743 0.0036458333333333334 0.006944444444444444
3 0.38359375 0.4652777777777778 0.00546875 0.011574074074074073
3 0.4265625 0.46111111111111114 0.0049479166666666664 0.010185185185185186
3 0.4075520833333333 0.45416666666666666 0.003125 0.0060185185185185185
3 0.48385416666666664 0.4546296296296296 0.004166666666666667 0.009259259259259259
3 0.50546875 0.4462962962962963 0.0026041666666666665 0.0060185185185185185
3 0.5169270833333334 0.4476851851851852 0.0026041666666666665 0.007407407407407408
3 0.5190104166666667 0.4476851851851852 0.0026041666666666665 0.007407407407407408
3 0.5393229166666667 0.45046296296296295 0.004166666666666667 0.009259259259259259
3 0.5838541666666667 0.4486111111111111 0.004166666666666667 0.009259259259259259
3 0.5791666666666667 0.44583333333333336 0.0036458333333333334 0.007407407407407408
3 0.6307291666666667 0.46296296296296297 0.0078125 0.014814814814814815
3 0.6294270833333333 0.4486111111111111 0.004427083333333333 0.010648148148148148
3 0.6234375 0.44305555555555554 0.004166666666666667 0.008333333333333333
3 0.6760416666666667 0.44166666666666665 0.004166666666666667 0.008333333333333333
3 0.71796875 0.44074074074074077 0.004166666666666667 0.008796296296296297
3 0.734375 0.43703703703703706 0.003125 0.007407407407407408
3 0.7388020833333333 0.43703703703703706 0.003125 0.006944444444444444
3 0.7434895833333334 0.4388888888888889 0.004166666666666667 0.008796296296296297
3 0.8611979166666667 0.43194444444444446 0.003125 0.0060185185185185185
3 0.8994791666666667 0.4305555555555556 0.004427083333333333 0.006944444444444444
3 0.9216145833333333 0.42916666666666664 0.004166666666666667 0.006944444444444444
0 0.9125 0.42777777777777776 0.00234375 0.005555555555555556
0 0.8916666666666667 0.42916666666666664 0.003125 0.005555555555555556
0 0.8161458333333333 0.4324074074074074 0.00234375 0.005555555555555556
0 0.775 0.4337962962962963 0.0026041666666666665 0.005555555555555556
0 0.6872395833333333 0.44027777777777777 0.0036458333333333334 0.007407407407407408
0 0.7020833333333333 0.43703703703703706 0.00234375 0.0060185185185185185
0 0.6921875 0.4393518518518518 0.0026041666666666665 0.006944444444444444
0 0.66015625 0.44074074074074077 0.003125 0.007407407407407408
0 0.5921875 0.4439814814814815 0.0026041666666666665 0.006944444444444444
0 0.5559895833333334 0.4532407407407407 0.004427083333333333 0.009259259259259259
0 0.5213541666666667 0.4550925925925926 0.004427083333333333 0.010185185185185186
0 0.4825520833333333 0.4583333333333333 0.0049479166666666664 0.010648148148148148
0 0.44895833333333335 0.4625 0.0049479166666666664 0.011574074074074073
0 0.21875 0.4925925925925926 0.009114583333333334 0.016203703703703703
3 0.21744791666666666 0.48657407407407405 0.009635416666666667 0.016203703703703703
0 0.14635416666666667 0.4773148148148148 0.00546875 0.008796296296296297
0 0.21953125 0.4708333333333333 0.004427083333333333 0.007407407407407408
0 0.2669270833333333 0.4666666666666667 0.004166666666666667 0.006944444444444444
0 0.3109375 0.4625 0.0036458333333333334 0.0060185185185185185
0 0.5671875 0.4449074074074074 0.0026041666666666665 0.0060185185185185185
0 0.5567708333333333 0.4449074074074074 0.0026041666666666665 0.0060185185185185185
0 0.5544270833333333 0.4449074074074074 0.0018229166666666667 0.0060185185185185185
0 0.5494791666666666 0.4444444444444444 0.0018229166666666667 0.004629629629629629
0 0.52578125 0.4449074074074074 0.0026041666666666665 0.0060185185185185185
0 0.44375 0.45 0.0026041666666666665 0.005555555555555556
3 0.44765625 0.45046296296296295 0.0026041666666666665 0.0060185185185185185
3 0.4296875 0.45231481481481484 0.003125 0.0060185185185185185
0 0.42526041666666664 0.45231481481481484 0.00234375 0.004629629629629629
0 0.34921875 0.45925925925925926 0.0026041666666666665 0.004629629629629629