0 0.13697916666666668 0.27037037037037037 0.02578125 0.044444444444444446
0 0.2484375 0.21435185185185185 0.0140625 0.02638888888888889
0 0.20989583333333334 0.20694444444444443 0.01171875 0.02361111111111111
0 0.22057291666666667 0.19953703703703704 0.010416666666666666 0.020370370370370372
0 0.26328125 0.18981481481481483 0.009635416666666667 0.017592592592592594
0 0.34921875 0.18009259259259258 0.0078125 0.016666666666666666
3 0.5955729166666667 0.22407407407407406 0.017708333333333333 0.038425925925925926
3 0.5671875 0.20601851851851852 0.013541666666666667 0.02962962962962963
3 0.47760416666666666 0.20092592592592592 0.0109375 0.02361111111111111
3 0.39947916666666666 0.19537037037037036 0.0109375 0.023148148148148147
3 0.4471354166666667 0.17592592592592593 0.0067708333333333336 0.016666666666666666
0 0.4395833333333333 0.17083333333333334 0.00625 0.014814814814814815
0 0.52890625 0.1638888888888889 0.0049479166666666664 0.01574074074074074
0 0.6307291666666667 0.15787037037037038 0.005989583333333334 0.014351851851851852
0 0.7263020833333333 0.15416666666666667 0.00625 0.014814814814814815
0 0.80078125 0.15185185185185185 0.008072916666666667 0.018055555555555554
0 0.8838541666666667 0.14675925925925926 0.011458333333333333 0.019444444444444445
3 0.7916666666666666 0.16064814814814815 0.009635416666666667 0.02175925925925926
3 0.721875 0.16111111111111112 0.008072916666666667 0.018055555555555554
3 0.6247395833333333 0.16296296296296298 0.0067708333333333336 0.017592592592592594
3 0.5302083333333333 0.16944444444444445 0.0049479166666666664 0.01574074074074074
3 0.9294270833333333 0.15231481481481482 0.0140625 0.027777777777777776