3 0.7557291666666667 0.5893518518518519 0.04140625 0.07037037037037037
3 0.634375 0.5111111111111111 0.020572916666666666 0.03564814814814815
3 0.5877604166666667 0.4791666666666667 0.0109375 0.02175925925925926
3 0.5658854166666667 0.46620370370370373 0.007291666666666667 0.014814814814814815
3 0.55390625 0.45925925925925926 0.005989583333333334 0.008333333333333333
3 0.5528645833333333 0.4550925925925926 0.003125 0.0060185185185185185
3 0.5739583333333333 0.45 0.004166666666666667 0.008333333333333333
3 0.6088541666666667 0.44722222222222224 0.003125 0.008333333333333333
3 0.6604166666666667 0.44537037037037036 0.004427083333333333 0.009259259259259259
3 0.7203125 0.4444444444444444 0.0049479166666666664 0.009259259259259259
3 0.7723958333333333 0.4449074074074074 0.005989583333333334 0.010185185185185186
3 0.8427083333333333 0.4444444444444444 0.007291666666666667 0.012037037037037037
3 0.9169270833333333 0.4444444444444444 0.007291666666666667 0.012962962962962963
0 0.24192708333333332 0.6199074074074075 0.04765625 0.075
0 0.3848958333333333 0.5171296296296296 0.020572916666666666 0.03194444444444444
0 0.44375 0.4861111111111111 0.01171875 0.019444444444444445
0 0.46796875 0.4708333333333333 0.0078125 0.014351851851851852
0 0.47604166666666664 0.46296296296296297 0.005989583333333334 0.010648148148148148
0 0.484375 0.4583333333333333 0.004166666666666667 0.010185185185185186
0 0.4921875 0.4550925925925926 0.004427083333333333 0.008796296296296297
0 0.5106770833333333 0.45185185185185184 0.004166666666666667 0.008333333333333333
0 0.54375 0.44907407407407407 0.004166666666666667 0.007407407407407408
0 0.58203125 0.44675925925925924 0.003125 0.007407407407407408
0 0.6158854166666666 0.44583333333333336 0.0026041666666666665 0.007407407407407408
0 0.7143229166666667 0.44305555555555554 0.0049479166666666664 0.008796296296296297
0 0.7614583333333333 0.4425925925925926 0.004427083333333333 0.008333333333333333
0 0.8078125 0.44166666666666665 0.00546875 0.010185185185185186
0 0.8583333333333333 0.44074074074074077 0.0049479166666666664 0.010648148148148148
0 0.91953125 0.4398148148148148 0.004427083333333333 0.010648148148148148