3 0.8294270833333334 0.4462962962962963 0.05286458333333333 0.1
3 0.46145833333333336 0.425 0.021614583333333333 0.04953703703703704
3 0.2518229166666667 0.4671296296296296 0.01640625 0.038425925925925926
0 0.15026041666666667 0.8212962962962963 0.06328125 0.09907407407407408
0 0.12708333333333333 0.6263888888888889 0.0296875 0.0699074074074074
2 0.25807291666666665 0.43425925925925923 0.008072916666666667 0.021296296296296296
2 0.21276041666666667 0.4412037037037037 0.00703125 0.020370370370370372
2 0.32057291666666665 0.38935185185185184 0.006510416666666667 0.017592592592592594
2 0.3885416666666667 0.3712962962962963 0.006510416666666667 0.017592592592592594
0 0.13854166666666667 0.4685185185185185 0.006510416666666667 0.01574074074074074
0 0.13567708333333334 0.46064814814814814 0.005208333333333333 0.012962962962962963
0 0.09609375 0.47314814814814815 0.005208333333333333 0.012037037037037037
0 0.08411458333333334 0.513425925925926 0.005208333333333333 0.017592592592592594
3 0.08333333333333333 0.5351851851851852 0.004166666666666667 0.013888888888888888
0 0.7533854166666667 0.2199074074074074 0.008072916666666667 0.021296296296296296