1 0.23828125 0.6111111111111112 0.06848958333333334 0.15601851851851853
0 0.26901041666666664 0.6046296296296296 0.03671875 0.08796296296296297
1 0.28854166666666664 0.5592592592592592 0.049479166666666664 0.1310185185185185
0 0.3776041666666667 0.4550925925925926 0.0203125 0.047685185185185185
0 0.33046875 0.425 0.014583333333333334 0.03287037037037037
0 0.2596354166666667 0.42916666666666664 0.0109375 0.027314814814814816
0 0.16770833333333332 0.45416666666666666 0.0109375 0.02546296296296296
1 0.8927083333333333 0.5074074074074074 0.050520833333333334 0.20925925925925926
3 0.8658854166666666 0.5106481481481482 0.0390625 0.11666666666666667
1 0.84453125 0.45416666666666666 0.04244791666666667 0.16898148148148148
3 0.8166666666666667 0.37546296296296294 0.025 0.06342592592592593
3 0.884375 0.31296296296296294 0.017447916666666667 0.04583333333333333
3 0.5200520833333333 0.3490740740740741 0.012239583333333333 0.03009259259259259
0 0.7153645833333333 0.3125 0.012239583333333333 0.03194444444444444
0 0.8393229166666667 0.2759259259259259 0.00859375 0.02546296296296296
3 0.3927083333333333 0.3712962962962963 0.00859375 0.019444444444444445
2 0.5515625 0.3194444444444444 0.007552083333333333 0.020370370370370372
2 0.6903645833333333 0.28888888888888886 0.007552083333333333 0.022222222222222223
2 0.678125 0.2759259259259259 0.005208333333333333 0.016666666666666666
2 0.5705729166666667 0.300462962962963 0.005208333333333333 0.013888888888888888
3 0.14270833333333333 0.44814814814814813 0.007552083333333333 0.01574074074074074
3 0.2591145833333333 0.4078703703703704 0.007552083333333333 0.013888888888888888
2 0.6697916666666667 0.26990740740740743 0.0046875 0.012962962962962963
2 0.56484375 0.29398148148148145 0.004166666666666667 0.012037037037037037
2 0.6627604166666666 0.2662037037037037 0.0033854166666666668 0.011111111111111112
2 0.5875 0.2828703703703704 0.004166666666666667 0.010185185185185186
2 0.61328125 0.2763888888888889 0.0033854166666666668 0.012037037037037037
2 0.6424479166666667 0.27037037037037037 0.0046875 0.010185185185185186