3 0.7973958333333333 0.6444444444444445 0.03958333333333333 0.09166666666666666
3 0.8263020833333333 0.5541666666666667 0.024739583333333332 0.056018518518518516
3 0.91328125 0.5291666666666667 0.0171875 0.043055555555555555
0 0.19010416666666666 0.5898148148148148 0.03411458333333333 0.07083333333333333
0 0.15598958333333332 0.513425925925926 0.0203125 0.043055555555555555
0 0.08567708333333333 0.4935185185185185 0.015885416666666666 0.03425925925925926
3 0.3859375 0.47453703703703703 0.01875 0.03657407407407407
0 0.6104166666666667 0.49027777777777776 0.0171875 0.038425925925925926
0 0.7388020833333333 0.48055555555555557 0.012760416666666666 0.03333333333333333
3 0.24375 0.4587962962962963 0.013802083333333333 0.027777777777777776
3 0.09921875 0.462037037037037 0.0109375 0.02175925925925926
2 0.4203125 0.4462962962962963 0.011458333333333333 0.02546296296296296
2 0.57109375 0.45185185185185184 0.012239583333333333 0.02638888888888889
2 0.4401041666666667 0.4287037037037037 0.00546875 0.016666666666666666
2 0.43255208333333334 0.42083333333333334 0.00390625 0.012962962962962963
2 0.4552083333333333 0.4148148148148148 0.002864583333333333 0.011574074074074073
2 0.4817708333333333 0.4152777777777778 0.0033854166666666668 0.012037037037037037
2 0.51171875 0.41712962962962963 0.002864583333333333 0.010648148148148148
2 0.5325520833333334 0.41712962962962963 0.0033854166666666668 0.012037037037037037
2 0.5419270833333333 0.4236111111111111 0.0033854166666666668 0.012962962962962963
2 0.5536458333333333 0.43333333333333335 0.0049479166666666664 0.018518518518518517