3 0.81171875 0.6157407407407407 0.04505208333333333 0.1037037037037037
3 0.7661458333333333 0.4675925925925926 0.021354166666666667 0.05138888888888889
3 0.83125 0.43148148148148147 0.014583333333333334 0.033796296296296297
3 0.9098958333333333 0.4310185185185185 0.012760416666666666 0.027777777777777776
0 0.8109375 0.39814814814814814 0.007291666666666667 0.018518518518518517
0 0.69375 0.39351851851851855 0.010416666666666666 0.027777777777777776
0 0.5091145833333334 0.42592592592592593 0.015364583333333333 0.0412037037037037
0 0.34348958333333335 0.5101851851851852 0.03046875 0.07037037037037037
2 0.2828125 0.4166666666666667 0.012760416666666666 0.03148148148148148
2 0.08307291666666666 0.44907407407407407 0.01328125 0.033796296296296297
2 0.13229166666666667 0.4060185185185185 0.007291666666666667 0.020370370370370372
2 0.26458333333333334 0.38657407407407407 0.007291666666666667 0.01990740740740741
2 0.24661458333333333 0.36574074074074076 0.004166666666666667 0.0125
2 0.22526041666666666 0.3685185185185185 0.004166666666666667 0.013425925925925926
2 0.19375 0.3726851851851852 0.004166666666666667 0.013425925925925926
2 0.16536458333333334 0.3773148148148148 0.0036458333333333334 0.013425925925925926
2 0.13385416666666666 0.3912037037037037 0.0049479166666666664 0.014814814814814815
2 0.25416666666666665 0.37407407407407406 0.00625 0.015277777777777777