3 0.1796875 0.49537037037037035 0.0171875 0.0375
3 0.625 0.5893518518518519 0.03854166666666667 0.08194444444444444
3 0.6239583333333333 0.5032407407407408 0.019791666666666666 0.05
3 0.6927083333333334 0.46944444444444444 0.01640625 0.03657407407407407
3 0.8013020833333333 0.4583333333333333 0.012239583333333333 0.030555555555555555
3 0.9059895833333333 0.4634259259259259 0.010416666666666666 0.027777777777777776
1 0.8510416666666667 0.7657407407407407 0.09088541666666666 0.2222222222222222
0 0.4075520833333333 0.4773148148148148 0.01640625 0.03657407407407407
0 0.5239583333333333 0.45046296296296295 0.012760416666666666 0.028703703703703703
0 0.7065104166666667 0.43657407407407406 0.009895833333333333 0.02361111111111111
0 0.8369791666666667 0.4425925925925926 0.008854166666666666 0.02175925925925926
2 0.20651041666666667 0.4634259259259259 0.012239583333333333 0.024537037037037038
2 0.35833333333333334 0.4462962962962963 0.010416666666666666 0.02546296296296296
2 0.334375 0.4300925925925926 0.00546875 0.01574074074074074
2 0.31927083333333334 0.42407407407407405 0.004427083333333333 0.013888888888888888
2 0.2877604166666667 0.41944444444444445 0.0049479166666666664 0.010648148148148148
2 0.3078125 0.4185185185185185 0.004427083333333333 0.012037037037037037
2 0.22057291666666667 0.4425925925925926 0.0049479166666666664 0.014814814814814815
2 0.2578125 0.42268518518518516 0.004427083333333333 0.011574074074074073
2 0.23072916666666668 0.42685185185185187 0.004427083333333333 0.011574074074074073
2 0.21015625 0.4356481481481482 0.0049479166666666664 0.012962962962962963