3 0.2557291666666667 0.6949074074074074 0.0421875 0.09537037037037037
0 0.15755208333333334 0.6185185185185185 0.04140625 0.08287037037037037
3 0.2674479166666667 0.5939814814814814 0.03411458333333333 0.0763888888888889
2 0.47213541666666664 0.7013888888888888 0.0421875 0.09722222222222222
2 0.5434895833333333 0.6837962962962963 0.040364583333333336 0.09537037037037037
2 0.6450520833333333 0.6939814814814815 0.04088541666666667 0.09861111111111111
0 0.5682291666666667 0.6259259259259259 0.036458333333333336 0.08611111111111111
3 0.28567708333333336 0.5828703703703704 0.015104166666666667 0.075
3 0.33046875 0.562037037037037 0.020052083333333335 0.07731481481481481
3 0.8635416666666667 0.6101851851851852 0.036458333333333336 0.07222222222222222
2 0.6151041666666667 0.42777777777777776 0.015885416666666666 0.0375
2 0.5356770833333333 0.4583333333333333 0.016927083333333332 0.03888888888888889
2 0.52890625 0.4337962962962963 0.011458333333333333 0.038425925925925926
2 0.9166666666666666 0.3375 0.010416666666666666 0.027777777777777776
2 0.4078125 0.5365740740740741 0.048177083333333336 0.1736111111111111