0 0.41015625 0.7305555555555555 0.023177083333333334 0.053703703703703705
0 0.24270833333333333 0.7236111111111111 0.029166666666666667 0.056018518518518516
0 0.07916666666666666 0.725925925925926 0.029166666666666667 0.06018518518518518
0 0.184375 0.5916666666666667 0.003125 0.006481481481481481
0 0.22213541666666667 0.5944444444444444 0.003125 0.00787037037037037
0 0.24505208333333334 0.5972222222222222 0.0036458333333333334 0.007407407407407408
0 0.2643229166666667 0.5990740740740741 0.003125 0.007407407407407408
3 0.29322916666666665 0.5962962962962963 0.0036458333333333334 0.008796296296296297
3 0.3106770833333333 0.5962962962962963 0.004166666666666667 0.008796296296296297
3 0.33359375 0.5972222222222222 0.0036458333333333334 0.008796296296296297
3 0.3614583333333333 0.5986111111111111 0.0036458333333333334 0.007407407407407408