3 0.34322916666666664 0.5773148148148148 0.009895833333333333 0.022222222222222223
3 0.3890625 0.5689814814814815 0.009114583333333334 0.020370370370370372
3 0.42421875 0.5634259259259259 0.009895833333333333 0.020370370370370372
3 0.46510416666666665 0.5560185185185185 0.009895833333333333 0.020370370370370372
0 0.4669270833333333 0.524074074074074 0.004166666666666667 0.00787037037037037
0 0.48203125 0.5208333333333334 0.004166666666666667 0.00787037037037037
0 0.5005208333333333 0.5180555555555556 0.0036458333333333334 0.00787037037037037
0 0.5182291666666666 0.5152777777777777 0.0036458333333333334 0.00787037037037037
0 0.7671875 0.4652777777777778 0.0026041666666666665 0.005092592592592593
0 0.7927083333333333 0.4615740740740741 0.0026041666666666665 0.0060185185185185185
0 0.81328125 0.4583333333333333 0.003125 0.006481481481481481
3 0.8049479166666667 0.45925925925925926 0.0026041666666666665 0.006481481481481481
3 0.8361979166666667 0.4550925925925926 0.003125 0.007407407407407408