1 0.44921875 0.8314814814814815 0.04088541666666667 0.1310185185185185
0 0.37526041666666665 0.7435185185185185 0.03671875 0.07268518518518519
1 0.35390625 0.6814814814814815 0.03307291666666667 0.08287037037037037
0 0.31302083333333336 0.687962962962963 0.025 0.047685185185185185
0 0.28567708333333336 0.6527777777777778 0.017708333333333333 0.033796296296296297
0 0.2747395833333333 0.638425925925926 0.015104166666666667 0.031018518518518518
0 0.28671875 0.6222222222222222 0.009895833333333333 0.02361111111111111
2 0.2830729166666667 0.6064814814814815 0.009114583333333334 0.01898148148148148
2 0.2755208333333333 0.600925925925926 0.009114583333333334 0.01898148148148148
2 0.26458333333333334 0.5972222222222222 0.007291666666666667 0.017592592592592594
2 0.24583333333333332 0.5939814814814814 0.007291666666666667 0.014814814814814815
0 0.071875 0.6671296296296296 0.01640625 0.03981481481481482
0 0.08828125 0.6546296296296297 0.020052083333333335 0.033796296296296297
0 0.12317708333333334 0.6402777777777777 0.0171875 0.028703703703703703
0 0.15885416666666666 0.6310185185185185 0.0140625 0.02361111111111111
0 0.175 0.6212962962962963 0.01171875 0.025
0 0.18463541666666666 0.6125 0.0109375 0.022222222222222223
2 0.225 0.5935185185185186 0.00625 0.013425925925925926
2 0.20052083333333334 0.5921296296296297 0.007291666666666667 0.013425925925925926
0 0.2890625 0.6134259259259259 0.009114583333333334 0.02361111111111111
2 0.18880208333333334 0.6046296296296296 0.0078125 0.01712962962962963
0 0.45260416666666664 0.8546296296296296 0.055989583333333336 0.08148148148148149
2 0.18645833333333334 0.600462962962963 0.00546875 0.013888888888888888