3 0.5567708333333333 0.6902777777777778 0.02265625 0.04259259259259259
3 0.6919270833333333 0.7111111111111111 0.020833333333333332 0.04722222222222222
3 0.8390625 0.7388888888888889 0.029166666666666667 0.05
0 0.5171875 0.6347222222222222 0.01171875 0.025
0 0.446875 0.625 0.009895833333333333 0.017592592592592594
0 0.3854166666666667 0.6175925925925926 0.0109375 0.017592592592592594
0 0.43359375 0.575462962962963 0.0026041666666666665 0.006481481481481481
0 0.41953125 0.5726851851851852 0.0026041666666666665 0.0060185185185185185
0 0.3768229166666667 0.5662037037037037 0.0026041666666666665 0.0060185185185185185
0 0.403125 0.5699074074074074 0.0018229166666666667 0.0060185185185185185
3 0.45364583333333336 0.575 0.0026041666666666665 0.0060185185185185185
3 0.4669270833333333 0.575925925925926 0.0026041666666666665 0.006481481481481481
3 0.48463541666666665 0.5782407407407407 0.0026041666666666665 0.006481481481481481
3 0.50625 0.5805555555555556 0.0026041666666666665 0.006481481481481481