1 0.48411458333333335 0.1087962962962963 0.011197916666666667 0.03148148148148148
1 0.35546875 0.10648148148148148 0.011458333333333333 0.030555555555555555
3 0.35390625 0.11805555555555555 0.01015625 0.022685185185185187
3 0.34140625 0.12916666666666668 0.011979166666666667 0.027314814814814816
3 0.32864583333333336 0.14305555555555555 0.0125 0.032407407407407406
3 0.32005208333333335 0.16157407407407406 0.021614583333333333 0.03796296296296296
3 0.2794270833333333 0.1962962962962963 0.02890625 0.052314814814814814
3 0.20755208333333333 0.26990740740740743 0.04973958333333333 0.08101851851851852
0 0.49296875 0.12129629629629629 0.01015625 0.021296296296296296
0 0.5111979166666667 0.13194444444444445 0.012239583333333333 0.025
0 0.5333333333333333 0.1449074074074074 0.014322916666666666 0.03009259259259259
0 0.5669270833333333 0.16527777777777777 0.0171875 0.037037037037037035
0 0.6291666666666667 0.19953703703703704 0.025260416666666667 0.049074074074074076
0 0.7020833333333333 0.26805555555555555 0.042708333333333334 0.07314814814814814
3 0.04010416666666667 0.5592592592592592 0.03567708333333333 0.06296296296296296