3 0.12447916666666667 0.6148148148148148 0.04609375 0.07314814814814814
3 0.26510416666666664 0.537962962962963 0.024739583333333332 0.04351851851851852
3 0.35078125 0.4925925925925926 0.017447916666666667 0.02638888888888889
3 0.4546875 0.4699074074074074 0.011979166666666667 0.020370370370370372
0 0.6122395833333333 0.5819444444444445 0.030989583333333334 0.06296296296296296
0 0.55078125 0.5032407407407408 0.020572916666666666 0.03287037037037037
0 0.6072916666666667 0.47962962962962963 0.0125 0.024074074074074074
3 0.6278645833333333 0.4671296296296296 0.009635416666666667 0.01898148148148148
0 0.8760416666666667 0.47175925925925927 0.011458333333333333 0.01990740740740741
0 0.8807291666666667 0.45787037037037037 0.00703125 0.01712962962962963
1 0.8263020833333333 0.44212962962962965 0.009895833333333333 0.022685185185185187
1 0.7325520833333333 0.4412037037037037 0.008854166666666666 0.022222222222222223
3 0.7471354166666667 0.4564814814814815 0.009635416666666667 0.01712962962962963
0 0.77734375 0.4810185185185185 0.0067708333333333336 0.019444444444444445