3 0.8838541666666667 0.8087962962962963 0.09244791666666667 0.14166666666666666
3 0.33567708333333335 0.5662037037037037 0.021614583333333333 0.04259259259259259
3 0.43697916666666664 0.49722222222222223 0.008854166666666666 0.016666666666666666
3 0.3255208333333333 0.5009259259259259 0.011458333333333333 0.01898148148148148
3 0.13098958333333333 0.5217592592592593 0.016145833333333335 0.025925925925925925
3 0.15234375 0.5402777777777777 0.01875 0.03148148148148148
3 0.20260416666666667 0.5097222222222222 0.012760416666666666 0.02175925925925926
0 0.153125 0.5032407407407408 0.011458333333333333 0.014351851851851852
0 0.3341145833333333 0.4925925925925926 0.009114583333333334 0.01574074074074074
2 0.2872395833333333 0.47129629629629627 0.004427083333333333 0.009722222222222222
2 0.30625 0.47314814814814815 0.004427083333333333 0.010648148148148148
2 0.32916666666666666 0.4685185185185185 0.0036458333333333334 0.00787037037037037
2 0.35703125 0.47175925925925927 0.0046875 0.009722222222222222
2 0.3697916666666667 0.47453703703703703 0.0046875 0.010648148148148148
2 0.3690104166666667 0.46944444444444444 0.0036458333333333334 0.008333333333333333
2 0.3875 0.4675925925925926 0.003125 0.007407407407407408
2 0.41692708333333334 0.47638888888888886 0.005208333333333333 0.011111111111111112
1 0.4278645833333333 0.47638888888888886 0.007552083333333333 0.017592592592592594
2 0.45807291666666666 0.4675925925925926 0.0033854166666666668 0.007407407407407408
2 0.465625 0.46944444444444444 0.0036458333333333334 0.008796296296296297
2 0.4875 0.47453703703703703 0.004166666666666667 0.010648148148148148
0 0.51171875 0.487962962962963 0.007552083333333333 0.013888888888888888
1 0.52109375 0.475462962962963 0.0067708333333333336 0.016666666666666666
2 0.5286458333333334 0.4699074074074074 0.0033854166666666668 0.008796296296296297
2 0.5263020833333333 0.46805555555555556 0.00234375 0.007407407407407408
0 0.5700520833333333 0.4773148148148148 0.0049479166666666664 0.009722222222222222
3 0.5815104166666667 0.49212962962962964 0.008854166666666666 0.015277777777777777
3 0.60546875 0.4703703703703704 0.00390625 0.008796296296296297
3 0.596875 0.4736111111111111 0.00390625 0.010185185185185186
3 0.5986979166666667 0.4685185185185185 0.0026041666666666665 0.00787037037037037
0 0.6276041666666666 0.4837962962962963 0.006510416666666667 0.012037037037037037
3 0.6666666666666666 0.47962962962962963 0.00546875 0.010648148148148148
3 0.6494791666666667 0.475462962962963 0.0046875 0.009722222222222222
3 0.65078125 0.4708333333333333 0.0026041666666666665 0.007407407407407408
3 0.6825520833333333 0.47314814814814815 0.0046875 0.008796296296296297
3 0.7067708333333333 0.4847222222222222 0.00703125 0.012962962962962963
2 0.42734375 0.4722222222222222 0.00390625 0.010648148148148148
2 0.425 0.4726851851851852 0.002864583333333333 0.009722222222222222