2 0.9572916666666667 0.48657407407407405 0.022135416666666668 0.03287037037037037
0 0.7994791666666666 0.5282407407407408 0.028385416666666666 0.04259259259259259
0 0.70625 0.5856481481481481 0.03958333333333333 0.06388888888888888
0 0.6796875 0.487962962962963 0.017447916666666667 0.027314814814814816
3 0.7533854166666667 0.47314814814814815 0.014583333333333334 0.022222222222222223
0 0.6072916666666667 0.5032407407407408 0.020052083333333335 0.03287037037037037
3 0.57265625 0.47175925925925927 0.0140625 0.02175925925925926
3 0.21875 0.6865740740740741 0.05234375 0.09907407407407408
3 0.34817708333333336 0.5370370370370371 0.022135416666666668 0.043055555555555555
3 0.40729166666666666 0.4875 0.0171875 0.02638888888888889
3 0.35572916666666665 0.4671296296296296 0.011197916666666667 0.018055555555555554
3 0.35494791666666664 0.47962962962962963 0.015104166666666667 0.022685185185185187
3 0.14869791666666668 0.5541666666666667 0.033854166666666664 0.04861111111111111
3 0.27447916666666666 0.5027777777777778 0.01796875 0.031018518518518518
3 0.26796875 0.4634259259259259 0.008333333333333333 0.016666666666666666
3 0.20390625 0.45787037037037037 0.007552083333333333 0.013888888888888888
1 0.12682291666666667 0.45185185185185184 0.011197916666666667 0.020370370370370372
2 0.12552083333333333 0.4736111111111111 0.0125 0.022685185185185187
2 0.11536458333333334 0.46620370370370373 0.0109375 0.01898148148148148
2 0.1078125 0.48518518518518516 0.016145833333333335 0.027777777777777776
1 0.05026041666666667 0.45787037037037037 0.01328125 0.024537037037037038