0 0.25390625 0.6689814814814815 0.06432291666666666 0.10648148148148148
0 0.24270833333333333 0.5583333333333333 0.025260416666666667 0.049074074074074076
0 0.37890625 0.5333333333333333 0.022916666666666665 0.024537037037037038
0 0.39296875 0.513425925925926 0.011458333333333333 0.024537037037037038
0 0.3455729166666667 0.5041666666666667 0.011458333333333333 0.022222222222222223
3 0.27265625 0.5953703703703703 0.040625 0.0712962962962963
3 0.19166666666666668 0.5328703703703703 0.024479166666666666 0.023148148148148147
3 0.25546875 0.5175925925925926 0.012239583333333333 0.025925925925925925
3 0.22552083333333334 0.513425925925926 0.016927083333333332 0.017592592592592594
2 0.39375 0.5717592592592593 0.0390625 0.033796296296296297
2 0.8083333333333333 0.6606481481481481 0.04453125 0.062037037037037036
0 0.4552083333333333 0.5120370370370371 0.011458333333333333 0.024537037037037038
2 0.31588541666666664 0.5 0.009114583333333334 0.018518518518518517
0 0.30182291666666666 0.5 0.013020833333333334 0.011574074074074073
0 0.2903645833333333 0.4976851851851852 0.009895833333333333 0.009259259259259259
0 0.3255208333333333 0.49166666666666664 0.009895833333333333 0.009259259259259259
3 0.17057291666666666 0.5023148148148148 0.009895833333333333 0.018518518518518517
3 0.21197916666666666 0.5041666666666667 0.008333333333333333 0.01990740740740741
3 0.24244791666666668 0.49537037037037035 0.007552083333333333 0.016203703703703703
0 0.11770833333333333 0.500462962962963 0.008333333333333333 0.015277777777777777
3 0.14791666666666667 0.49398148148148147 0.007552083333333333 0.013888888888888888
0 0.17473958333333334 0.49398148148148147 0.00625 0.013888888888888888
0 0.20052083333333334 0.4949074074074074 0.008333333333333333 0.015277777777777777
0 0.20859375 0.4935185185185185 0.0046875 0.012962962962962963
0 0.2640625 0.4912037037037037 0.00546875 0.012962962962962963
2 0.271875 0.49074074074074076 0.00703125 0.011574074074074073
3 0.31223958333333335 0.46620370370370373 0.007552083333333333 0.013888888888888888