0 0.19010416666666666 0.5912037037037037 0.07552083333333333 0.11388888888888889
0 0.259375 0.5550925925925926 0.041666666666666664 0.07222222222222222
0 0.3026041666666667 0.5337962962962963 0.025520833333333333 0.04814814814814815
0 0.32890625 0.5254629629629629 0.019270833333333334 0.03888888888888889
0 0.34322916666666664 0.5175925925925926 0.01484375 0.031018518518518518
0 0.35052083333333334 0.512962962962963 0.007552083333333333 0.024074074074074074
2 0.35963541666666665 0.5101851851851852 0.01015625 0.022222222222222223
2 0.3651041666666667 0.5069444444444444 0.00703125 0.018055555555555554
2 0.48125 0.5050925925925925 0.01015625 0.01990740740740741
3 0.5010416666666667 0.5069444444444444 0.011458333333333333 0.024074074074074074
3 0.5234375 0.5106481481481482 0.012760416666666666 0.029166666666666667
3 0.5572916666666666 0.5143518518518518 0.01796875 0.03518518518518519
3 0.6033854166666667 0.5222222222222223 0.022916666666666665 0.04583333333333333
3 0.6703125 0.5314814814814814 0.03515625 0.0587962962962963
3 0.82890625 0.5504629629629629 0.06328125 0.08888888888888889