4 0.22511574074074073 0.39921875 0.028935185185185185 0.1359375
4 0.13753858024691357 0.2640625 0.015817901234567902 0.08125
4 0.10185185185185185 0.20546875 0.010802469135802469 0.0578125
4 0.08140432098765432 0.17109375 0.008487654320987654 0.0421875
4 0.07118055555555555 0.15078125 0.006558641975308642 0.0359375
4 0.060570987654320986 0.13515625 0.005401234567901234 0.0296875
4 0.05324074074074074 0.1234375 0.004629629629629629 0.025
4 0.04861111111111111 0.115625 0.0038580246913580245 0.021875
4 0.0466820987654321 0.109375 0.0030864197530864196 0.021875
4 0.043402777777777776 0.1046875 0.003472222222222222 0.01875
4 0.6603009259259259 0.91640625 0.02816358024691358 0.1671875