0 0.6219135802469136 0.3703125 0.013117283950617283 0.071875
0 0.5516975308641975 0.428125 0.019290123456790122 0.096875
4 0.8821373456790124 0.42734375 0.021219135802469136 0.1046875
0 0.33719135802469136 0.64609375 0.047839506172839504 0.2046875
4 0.7326388888888888 0.3296875 0.011574074074074073 0.05625
0 0.564429012345679 0.33515625 0.010030864197530864 0.0578125
4 0.8389274691358025 0.3625 0.015046296296296295 0.071875
4 0.8505015432098766 0.271875 0.006558641975308642 0.034375
4 0.6217206790123457 0.25390625 0.004243827160493827 0.0234375
4 0.6195987654320988 0.29296875 0.006944444444444444 0.0390625
4 0.9766589506172839 0.3 0.009645061728395061 0.05
4 0.9027777777777778 0.2828125 0.006944444444444444 0.040625
4 0.6604938271604939 0.30546875 0.009259259259259259 0.0453125
4 0.6545138888888888 0.271875 0.005787037037037037 0.03125
4 0.7941743827160493 0.2578125 0.005787037037037037 0.028125
4 0.7038966049382716 0.24921875 0.004243827160493827 0.0203125
4 0.8188657407407407 0.26484375 0.005787037037037037 0.0296875
0 0.4965277777777778 0.2921875 0.006172839506172839 0.0375
4 0.6377314814814815 0.28203125 0.006944444444444444 0.0359375
4 0.6504629629629629 0.25 0.0038580246913580245 0.021875
0 0.5021219135802469 0.309375 0.006558641975308642 0.04375
4 0.7733410493827161 0.25390625 0.005015432098765432 0.0234375
4 0.7411265432098766 0.2515625 0.004629629629629629 0.021875
0 0.5171682098765432 0.28203125 0.005015432098765432 0.0328125
4 0.6346450617283951 0.26015625 0.004629629629629629 0.0234375
4 0.6664737654320988 0.2640625 0.005015432098765432 0.028125
0 0.7139274691358025 0.2453125 0.003472222222222222 0.01875
0 0.5495756172839507 0.27421875 0.005015432098765432 0.0234375
0 0.5270061728395061 0.25859375 0.0038580246913580245 0.0234375
0 0.5486111111111112 0.2625 0.0030864197530864196 0.021875
0 0.6145833333333334 0.246875 0.0030864197530864196 0.01875