0 0.8649691358024691 0.32109375 0.010030864197530864 0.0484375
4 0.5495756172839507 0.44921875 0.02507716049382716 0.1390625
0 0.5925925925925926 0.2640625 0.009259259259259259 0.053125
0 0.32098765432098764 0.26796875 0.016203703703703703 0.0828125
0 0.9589120370370371 0.3484375 0.010416666666666666 0.046875
4 0.6539351851851852 0.33828125 0.013117283950617283 0.0796875
0 0.1431327160493827 0.33671875 0.027777777777777776 0.1296875
0 0.7212577160493827 0.284375 0.008873456790123456 0.046875
4 0.7297453703703703 0.33203125 0.011959876543209876 0.0671875
4 0.5868055555555556 0.3671875 0.016203703703703703 0.096875
0 0.9770447530864198 0.2984375 0.005015432098765432 0.025
0 0.46315586419753085 0.25546875 0.011959876543209876 0.0609375
4 0.8258101851851852 0.3453125 0.011188271604938271 0.0625
4 0.9166666666666666 0.36640625 0.011574074074074073 0.0609375
4 0.6576003086419753 0.68828125 0.05131172839506173 0.2296875
0 0.966820987654321 0.28828125 0.004629629629629629 0.0234375
0 0.9888117283950617 0.2921875 0.004629629629629629 0.021875