4 0.28703703703703703 0.5609375 0.04938271604938271 0.23125
4 0.03665123456790124 0.08828125 0.006944444444444444 0.0359375
4 0.0931712962962963 0.08828125 0.005787037037037037 0.0328125
4 0.1251929012345679 0.0859375 0.005015432098765432 0.028125
4 0.14737654320987653 0.08203125 0.004629629629629629 0.0265625
4 0.15952932098765432 0.07890625 0.003472222222222222 0.0234375
4 0.1572145061728395 0.07265625 0.003472222222222222 0.0203125
4 0.1541280864197531 0.0703125 0.003472222222222222 0.01875
4 0.19386574074074073 0.065625 0.003472222222222222 0.015625
4 0.22472993827160495 0.06875 0.003472222222222222 0.015625
4 0.32002314814814814 0.08515625 0.003472222222222222 0.0171875
4 0.3589891975308642 0.09296875 0.003472222222222222 0.0171875
4 0.39602623456790126 0.09921875 0.003472222222222222 0.0171875
4 0.4444444444444444 0.109375 0.0030864197530864196 0.01875
4 0.4793595679012346 0.1171875 0.003472222222222222 0.01875
4 0.5231481481481481 0.12578125 0.0030864197530864196 0.0203125
4 0.8427854938271605 0.18359375 0.003472222222222222 0.0171875
4 0.8321759259259259 0.190625 0.0038580246913580245 0.021875
4 0.8470293209876543 0.19921875 0.004243827160493827 0.0234375
4 0.8744212962962963 0.21015625 0.005015432098765432 0.0265625
4 0.9241898148148148 0.22578125 0.005015432098765432 0.0296875
4 0.9810956790123457 0.24453125 0.005401234567901234 0.0328125
0 0.001736111111111111 0.071875 0.003472222222222222 0.028125
0 0.031057098765432098 0.071875 0.005015432098765432 0.028125
0 0.055169753086419755 0.0703125 0.004629629629629629 0.025
0 0.06847993827160494 0.06796875 0.003472222222222222 0.0234375
0 0.07388117283950617 0.06640625 0.003472222222222222 0.0203125
0 0.9083719135802469 0.19765625 0.003472222222222222 0.0171875
0 0.9168595679012346 0.20703125 0.004243827160493827 0.0234375
0 0.921875 0.2078125 0.004243827160493827 0.028125
0 0.9403935185185185 0.21796875 0.004243827160493827 0.0265625
0 0.9714506172839507 0.228125 0.005401234567901234 0.028125
1 0.4342206790123457 0.09765625 0.003472222222222222 0.0265625
1 0.42746913580246915 0.096875 0.0030864197530864196 0.025
1 0.39988425925925924 0.0953125 0.003472222222222222 0.028125
1 0.3917824074074074 0.09375 0.003472222222222222 0.028125