2 0.7592592592592593 0.296875 0.023919753086419752 0.125
2 0.8551311728395061 0.1359375 0.011188271604938271 0.0625
2 0.8354552469135802 0.16953125 0.013503086419753086 0.0765625
2 0.886766975308642 0.08515625 0.0073302469135802465 0.0421875
2 0.8682484567901234 0.115625 0.010416666666666666 0.05625
2 0.8994984567901234 0.065625 0.0073302469135802465 0.034375
2 0.8429783950617284 0.13671875 0.010802469135802469 0.0609375
2 0.41184413580246915 0.834375 0.08140432098765432 0.325
2 0.9074074074074074 0.0515625 0.005401234567901234 0.028125
2 0.9133873456790124 0.040625 0.005015432098765432 0.028125
2 0.9974922839506173 0.04453125 0.005015432098765432 0.0328125
2 0.9924768518518519 0.034375 0.005015432098765432 0.028125
2 0.9878472222222222 0.0265625 0.004243827160493827 0.025
2 0.9849537037037037 0.0203125 0.0023148148148148147 0.025
2 0.9184027777777778 0.03203125 0.003472222222222222 0.0203125
2 0.9226466049382716 0.02578125 0.003472222222222222 0.0203125