0 0.9890046296296297 0.3421875 0.010416666666666666 0.053125
0 0.33352623456790126 0.26328125 0.017361111111111112 0.0828125
0 0.8101851851851852 0.29453125 0.009259259259259259 0.0515625
0 0.6529706790123457 0.26484375 0.009645061728395061 0.0546875
4 0.6315586419753086 0.31484375 0.014660493827160493 0.0796875
4 0.45524691358024694 0.43046875 0.02546296296296296 0.1453125
4 0.7465277777777778 0.31796875 0.013888888888888888 0.0703125
4 0.5298996913580247 0.33984375 0.018132716049382717 0.1015625
4 0.8773148148148148 0.340625 0.012345679012345678 0.065625
0 0.1275077160493827 0.33359375 0.03279320987654321 0.1328125
0 0.5009645061728395 0.253125 0.011959876543209876 0.065625
4 0.48128858024691357 0.76796875 0.058256172839506175 0.2953125
3 0.6338734567901234 0.20703125 0.0038580246913580245 0.0265625
3 0.39737654320987653 0.17109375 0.005401234567901234 0.0359375
3 0.501929012345679 0.20078125 0.004629629629629629 0.0359375
3 0.4652777777777778 0.1703125 0.004629629629629629 0.028125
3 0.5599922839506173 0.1984375 0.004243827160493827 0.03125
3 0.6608796296296297 0.20078125 0.0030864197530864196 0.0234375
3 0.7237654320987654 0.221875 0.0038580246913580245 0.025
3 0.8171296296296297 0.23671875 0.0030864197530864196 0.0234375
3 0.8325617283950617 0.24609375 0.0038580246913580245 0.0265625
3 0.9419367283950617 0.275 0.004243827160493827 0.028125
3 0.9469521604938271 0.27109375 0.003472222222222222 0.0234375
3 0.6793981481481481 0.20078125 0.0030864197530864196 0.0203125
3 0.5891203703703703 0.18984375 0.0038580246913580245 0.0234375
3 0.5202546296296297 0.16796875 0.003472222222222222 0.0234375