0 0.9463734567901234 0.31796875 0.010030864197530864 0.0515625
0 0.3013117283950617 0.26484375 0.016203703703703703 0.0890625
4 0.6101466049382716 0.303125 0.013503086419753086 0.078125
4 0.5098379629629629 0.340625 0.018132716049382717 0.10625
0 0.6277006172839507 0.24921875 0.010030864197530864 0.0546875
0 0.4747299382716049 0.24140625 0.011188271604938271 0.0640625
4 0.9920910493827161 0.35859375 0.01427469135802469 0.0640625
4 0.7224151234567902 0.30234375 0.011959876543209876 0.0671875
0 0.7762345679012346 0.27578125 0.009259259259259259 0.0515625
0 0.05787037037037037 0.3765625 0.03935185185185185 0.159375
4 0.8445216049382716 0.3203125 0.013117283950617283 0.0625
4 0.4496527777777778 0.46640625 0.03202160493827161 0.1703125
4 0.5613425925925926 0.8765625 0.035493827160493825 0.246875
3 0.08854166666666667 0.1265625 0.0073302469135802465 0.04375
3 0.010416666666666666 0.0921875 0.007716049382716049 0.0375
3 0.9772376543209876 0.28828125 0.004629629629629629 0.0328125
3 0.13869598765432098 0.1171875 0.005787037037037037 0.0375