0 0.8917824074074074 0.5421875 0.027391975308641976 0.121875
0 0.7602237654320988 0.3578125 0.009645061728395061 0.05
0 0.6392746913580247 0.33359375 0.008487654320987654 0.0453125
0 0.5925925925925926 0.58671875 0.038580246913580245 0.1671875
0 0.9309413580246914 0.3796875 0.011574074074074073 0.05
0 0.5484182098765432 0.3140625 0.008873456790123456 0.04375
4 0.5974151234567902 0.3125 0.006558641975308642 0.034375
0 0.4940200617283951 0.30078125 0.0073302469135802465 0.0390625
0 0.4486882716049383 0.28828125 0.006172839506172839 0.0296875
0 0.46064814814814814 0.29453125 0.006172839506172839 0.0328125
0 0.46875 0.2859375 0.006172839506172839 0.03125
2 0.5769675925925926 0.28984375 0.004243827160493827 0.0234375
2 0.5304783950617284 0.284375 0.0038580246913580245 0.021875
2 0.4799382716049383 0.2765625 0.004629629629629629 0.025
2 0.4158950617283951 0.26875 0.0038580246913580245 0.021875
2 0.3636188271604938 0.2640625 0.004243827160493827 0.01875
2 0.3090277777777778 0.25703125 0.004629629629629629 0.0203125