4 0.6969521604938271 0.81796875 0.0628858024691358 0.2890625
4 0.5341435185185185 0.49296875 0.02353395061728395 0.1359375
4 0.5590277777777778 0.3953125 0.013888888888888888 0.078125
4 0.6410108024691358 0.38125 0.010416666666666666 0.059375
4 0.7505787037037037 0.3859375 0.009645061728395061 0.05
4 0.8831018518518519 0.403125 0.009259259259259259 0.046875
0 0.14641203703703703 0.3140625 0.02044753086419753 0.1
0 0.32272376543209874 0.3046875 0.015046296296296295 0.06875
0 0.46045524691358025 0.31171875 0.008873456790123456 0.0546875
0 0.5850694444444444 0.321875 0.008101851851851851 0.04375
0 0.6967592592592593 0.33125 0.006944444444444444 0.040625
0 0.8125 0.3453125 0.006944444444444444 0.0375
0 0.9633487654320988 0.3875 0.007716049382716049 0.040625
1 0.14583333333333334 0.11171875 0.004629629629629629 0.0359375
1 0.16165123456790123 0.11640625 0.004629629629629629 0.0390625
1 0.1697530864197531 0.11875 0.005401234567901234 0.040625