0 0.6199845679012346 0.48046875 0.036265432098765434 0.1890625
0 0.08024691358024691 0.2984375 0.013888888888888888 0.059375
0 0.35300925925925924 0.2578125 0.013888888888888888 0.071875
0 0.23070987654320987 0.2671875 0.012345679012345678 0.065625
4 0.6143904320987654 0.20625 0.015817901234567902 0.071875
0 0.5594135802469136 0.321875 0.020833333333333332 0.11875
4 0.45447530864197533 0.2046875 0.010802469135802469 0.05625
4 0.78125 0.23984375 0.019290123456790122 0.0984375
4 0.30092592592592593 0.2234375 0.008487654320987654 0.05
2 0.8153935185185185 0.1359375 0.011959876543209876 0.053125
2 0.8256172839506173 0.10625 0.009259259259259259 0.040625
0 0.4652777777777778 0.2703125 0.015432098765432098 0.084375
2 0.9490740740740741 0.0921875 0.008487654320987654 0.046875
2 0.8653549382716049 0.08203125 0.006944444444444444 0.0328125
4 0.12229938271604938 0.259375 0.008487654320987654 0.05
2 0.8321759259259259 0.08671875 0.006944444444444444 0.0328125
2 0.7955246913580247 0.196875 0.013888888888888888 0.08125
2 0.9000771604938271 0.078125 0.008487654320987654 0.0375
2 0.9776234567901234 0.1203125 0.012345679012345678 0.059375
1 0.5461033950617284 0.75 0.07445987654320987 0.5
2 0.9305555555555556 0.071875 0.006944444444444444 0.040625