0 0.41975308641975306 0.24921875 0.013117283950617283 0.0703125
0 0.894483024691358 0.3125 0.008873456790123456 0.05
4 0.6878858024691358 0.309375 0.012345679012345678 0.071875
4 0.9508101851851852 0.35703125 0.01273148148148148 0.0640625
0 0.5777391975308642 0.25234375 0.008873456790123456 0.0578125
0 0.7299382716049383 0.27421875 0.009259259259259259 0.0515625
4 0.5790895061728395 0.31875 0.015432098765432098 0.084375
4 0.44695216049382713 0.54453125 0.03356481481481482 0.1984375
4 0.8090277777777778 0.32265625 0.011574074074074073 0.0609375
4 0.48900462962962965 0.3703125 0.02199074074074074 0.11875
0 0.24440586419753085 0.28046875 0.018132716049382717 0.0984375