0 0.6059027777777778 0.246875 0.005787037037037037 0.034375
4 0.06732253086419752 0.2921875 0.02199074074074074 0.096875
0 0.08217592592592593 0.13984375 0.005401234567901234 0.0296875
0 0.7918595679012346 0.275 0.006558641975308642 0.034375
0 0.2959104938271605 0.1921875 0.005401234567901234 0.03125
4 0.3169367283950617 0.203125 0.006558641975308642 0.0375
4 0.3883101851851852 0.21875 0.006558641975308642 0.0375
0 0.9307484567901234 0.29921875 0.0073302469135802465 0.0359375
1 0.36959876543209874 0.20234375 0.008487654320987654 0.0609375
4 0.8302469135802469 0.29765625 0.007716049382716049 0.0421875
0 0.35185185185185186 0.203125 0.005401234567901234 0.03125
4 0.6141975308641975 0.26796875 0.006944444444444444 0.0421875
4 0.25636574074074076 0.47265625 0.03279320987654321 0.1609375
4 0.10281635802469136 0.15625 0.005787037037037037 0.034375
0 0.5140817901234568 0.23203125 0.005787037037037037 0.0328125
4 0.7162422839506173 0.28125 0.0073302469135802465 0.040625
0 0.7102623456790124 0.2625 0.006172839506172839 0.034375
4 0.972608024691358 0.32109375 0.009259259259259259 0.0421875
0 0.16454475308641975 0.1609375 0.005015432098765432 0.028125
0 0.23591820987654322 0.18046875 0.005015432098765432 0.0296875
4 0.16859567901234568 0.17109375 0.006944444444444444 0.0359375
1 0.40625 0.215625 0.008487654320987654 0.05625
4 0.4998070987654321 0.24609375 0.0073302469135802465 0.0390625
1 0.40162037037037035 0.203125 0.006172839506172839 0.053125
4 0.24054783950617284 0.18671875 0.0073302469135802465 0.0359375
1 0.43460648148148145 0.20859375 0.0073302469135802465 0.0546875
4 0.04089506172839506 0.1421875 0.006944444444444444 0.034375
0 0.41608796296296297 0.21484375 0.005787037037037037 0.0328125