0 0.6807484567901234 0.20078125 0.006558641975308642 0.0359375
0 0.29976851851851855 0.1328125 0.007716049382716049 0.034375
0 0.052662037037037035 0.11953125 0.009645061728395061 0.0421875
4 0.3410493827160494 0.15546875 0.007716049382716049 0.0421875
4 0.8832947530864198 0.25234375 0.0073302469135802465 0.0390625
0 0.8061342592592593 0.21796875 0.005787037037037037 0.0328125
4 0.06442901234567901 0.15546875 0.011574074074074073 0.0578125
0 0.6182484567901234 0.1859375 0.006558641975308642 0.034375
4 0.015625 0.36796875 0.030478395061728395 0.1515625
4 0.14737654320987653 0.1484375 0.009259259259259259 0.05
0 0.18113425925925927 0.1234375 0.008101851851851851 0.0375
4 0.23148148148148148 0.14765625 0.008487654320987654 0.0453125
4 0.6035879629629629 0.2015625 0.008101851851851851 0.040625
4 0.6888503086419753 0.2203125 0.008101851851851851 0.04375
4 0.9266975308641975 0.2515625 0.006172839506172839 0.034375
0 0.7295524691358025 0.21015625 0.006172839506172839 0.0359375
0 0.7756558641975309 0.215625 0.006558641975308642 0.034375
4 0.5017361111111112 0.1796875 0.008101851851851851 0.040625
4 0.8856095679012346 0.2125 0.003472222222222222 0.025
0 0.5135030864197531 0.16328125 0.005401234567901234 0.0328125
0 0.8182870370370371 0.215625 0.005401234567901234 0.03125
4 0.972608024691358 0.225 0.004629629629629629 0.021875
0 0.8742283950617284 0.20078125 0.004629629629629629 0.0203125
4 0.7733410493827161 0.23671875 0.008101851851851851 0.0421875
4 0.9016203703703703 0.2140625 0.0038580246913580245 0.021875
0 0.7970679012345679 0.19765625 0.004629629629629629 0.0265625
4 0.9174382716049383 0.2328125 0.005401234567901234 0.028125
4 0.9297839506172839 0.21640625 0.005401234567901234 0.0234375
4 0.29398148148148145 0.553125 0.04938271604938271 0.21875
0 0.8258101851851852 0.19296875 0.004243827160493827 0.0203125
0 0.7995756172839507 0.19140625 0.003472222222222222 0.0234375
4 0.40489969135802467 0.16328125 0.008101851851851851 0.0390625
4 0.9332561728395061 0.24453125 0.006172839506172839 0.0328125
0 0.4058641975308642 0.14609375 0.006172839506172839 0.0328125
4 0.7401620370370371 0.91796875 0.027391975308641976 0.1609375
4 0.888695987654321 0.2171875 0.005015432098765432 0.025
0 0.8159722222222222 0.21015625 0.006172839506172839 0.0296875