0 0.36072530864197533 0.78984375 0.06712962962962964 0.3234375
0 0.47608024691358025 0.38984375 0.02546296296296296 0.1453125
0 0.41261574074074076 0.2875 0.017361111111111112 0.09375
0 0.33468364197530864 0.26171875 0.01427469135802469 0.0765625
0 0.22916666666666666 0.259375 0.012345679012345678 0.065625
0 0.10513117283950617 0.27578125 0.011959876543209876 0.0609375
4 0.8103780864197531 0.309375 0.025848765432098766 0.13125
4 0.6005015432098766 0.22109375 0.017361111111111112 0.0796875
4 0.4677854938271605 0.20546875 0.011959876543209876 0.0609375
4 0.32272376543209874 0.21171875 0.011188271604938271 0.0546875
4 0.1724537037037037 0.234375 0.010030864197530864 0.05
4 0.0030864197530864196 0.271875 0.006172839506172839 0.053125