0 0.6759259259259259 0.26875 0.010802469135802469 0.053125
4 0.6479552469135802 0.3140625 0.01427469135802469 0.075
4 0.5434027777777778 0.3359375 0.019675925925925927 0.096875
0 0.3605324074074074 0.26015625 0.017361111111111112 0.0796875
0 0.1552854938271605 0.31796875 0.028935185185185185 0.1234375
0 0.5217978395061729 0.253125 0.011188271604938271 0.0625
4 0.8975694444444444 0.34765625 0.01427469135802469 0.0640625
4 0.46103395061728397 0.4140625 0.02546296296296296 0.140625
4 0.7658179012345679 0.321875 0.013888888888888888 0.065625
4 0.4542824074074074 0.67578125 0.045910493827160496 0.2578125
0 0.8341049382716049 0.3015625 0.010030864197530864 0.05