0 0.38657407407407407 0.340625 0.020833333333333332 0.1125
0 0.30767746913580246 0.22109375 0.010416666666666666 0.0546875
4 0.4976851851851852 0.184375 0.010030864197530864 0.053125
0 0.3568672839506173 0.184375 0.008487654320987654 0.04375
4 0.5285493827160493 0.20234375 0.013888888888888888 0.0640625
4 0.8435570987654321 0.3015625 0.02970679012345679 0.128125
0 0.8912037037037037 0.06640625 0.006172839506172839 0.0328125
0 0.4347993827160494 0.15234375 0.006944444444444444 0.0359375
0 0.9610339506172839 0.0609375 0.006944444444444444 0.034375
4 0.8530092592592593 0.08359375 0.006944444444444444 0.0359375
0 0.30709876543209874 0.26796875 0.014660493827160493 0.0765625
0 0.42804783950617287 0.4203125 0.028935185185185185 0.153125
0 0.41087962962962965 0.603125 0.04861111111111111 0.234375
0 0.6886574074074074 0.09140625 0.005401234567901234 0.0296875
4 0.5082947530864198 0.1625 0.008101851851851851 0.04375
4 0.5933641975308642 0.1265625 0.006172839506172839 0.034375
4 0.6554783950617284 0.1109375 0.006172839506172839 0.034375
0 0.5993441358024691 0.1078125 0.005787037037037037 0.03125
4 0.7941743827160493 0.0890625 0.005787037037037037 0.034375
4 0.6691743827160493 0.23671875 0.01890432098765432 0.0921875
4 0.7210648148148148 0.0984375 0.006172839506172839 0.034375
4 0.9691358024691358 0.075 0.007716049382716049 0.040625
4 0.5395447530864198 0.14375 0.0073302469135802465 0.040625
0 0.7854938271604939 0.07734375 0.005401234567901234 0.0296875
0 0.513695987654321 0.12890625 0.005787037037037037 0.0328125