2 0.7181712962962963 0.44453125 0.03896604938271605 0.1890625
2 0.9216820987654321 0.08203125 0.005401234567901234 0.0359375
2 0.9303626543209876 0.06796875 0.005015432098765432 0.0296875
2 0.9361496913580247 0.05625 0.003472222222222222 0.025
2 0.9407793209876543 0.0484375 0.003472222222222222 0.021875
2 0.9654706790123457 0.04609375 0.003472222222222222 0.0234375
2 0.9915123456790124 0.04375 0.0030864197530864196 0.025
4 0.8109567901234568 0.26796875 0.021604938271604937 0.1078125
4 0.453125 0.309375 0.019675925925925927 0.109375
4 0.2181712962962963 0.290625 0.017361111111111112 0.084375
4 0.15914351851851852 0.24921875 0.010416666666666666 0.0609375
4 0.1909722222222222 0.209375 0.007716049382716049 0.046875
4 0.25713734567901236 0.1765625 0.006558641975308642 0.0375
4 0.3387345679012346 0.15078125 0.005401234567901234 0.0328125
4 0.4158950617283951 0.13125 0.004629629629629629 0.03125
4 0.5192901234567902 0.11171875 0.0038580246913580245 0.0265625
4 0.6257716049382716 0.0984375 0.004629629629629629 0.028125
4 0.7243441358024691 0.090625 0.005015432098765432 0.03125
4 0.8256172839506173 0.0875 0.005401234567901234 0.034375
4 0.9162808641975309 0.09140625 0.006944444444444444 0.0390625
0 0.8495370370370371 0.1640625 0.012345679012345678 0.06875
0 0.6975308641975309 0.20234375 0.014660493827160493 0.0796875
0 0.5206404320987654 0.22421875 0.01427469135802469 0.0765625
0 0.3792438271604938 0.22421875 0.011574074074074073 0.0671875
0 0.314429012345679 0.209375 0.010030864197530864 0.05625
0 0.3107638888888889 0.1875 0.005787037037037037 0.046875
0 0.3445216049382716 0.16796875 0.006944444444444444 0.0390625
0 0.39834104938271603 0.14921875 0.005787037037037037 0.0359375
0 0.4548611111111111 0.13359375 0.005401234567901234 0.0328125
0 0.5343364197530864 0.11875 0.005401234567901234 0.03125
0 0.6172839506172839 0.1078125 0.004629629629629629 0.03125
0 0.6936728395061729 0.103125 0.005401234567901234 0.034375
0 0.7679398148148148 0.1015625 0.006558641975308642 0.0375
0 0.8317901234567902 0.10546875 0.007716049382716049 0.0421875
0 0.8773148148148148 0.11796875 0.006944444444444444 0.0484375
0 0.8915895061728395 0.13671875 0.006172839506172839 0.0578125
1 0.8917824074074074 0.11484375 0.008101851851851851 0.0890625
1 0.8846450617283951 0.12578125 0.013888888888888888 0.0984375