0 0.08603395061728394 0.21953125 0.014660493827160493 0.0734375
0 0.047453703703703706 0.18046875 0.012345679012345678 0.0546875
4 0.27314814814814814 0.29921875 0.020061728395061727 0.0953125
0 0.8034336419753086 0.2453125 0.008101851851851851 0.040625
0 0.5787037037037037 0.19453125 0.006172839506172839 0.0328125
0 0.6691743827160493 0.21484375 0.0073302469135802465 0.0359375
4 0.2496141975308642 0.4734375 0.034722222222222224 0.175
4 0.5133101851851852 0.2015625 0.006558641975308642 0.0375
4 0.7201003086419753 0.2515625 0.008873456790123456 0.046875
4 0.31963734567901236 0.23671875 0.01427469135802469 0.0671875
4 0.8599537037037037 0.28671875 0.011574074074074073 0.0546875
0 0.48649691358024694 0.178125 0.005401234567901234 0.03125
4 0.5993441358024691 0.21875 0.0073302469135802465 0.040625
4 0.11651234567901235 0.15078125 0.009259259259259259 0.0453125
0 0.4087577160493827 0.1609375 0.005787037037037037 0.028125
4 0.22646604938271606 0.18515625 0.010802469135802469 0.0515625
4 0.7150848765432098 0.88359375 0.03433641975308642 0.2296875
4 0.2839506172839506 0.140625 0.006172839506172839 0.028125
4 0.008294753086419753 0.09140625 0.005787037037037037 0.0203125
4 0.060378086419753084 0.09921875 0.005015432098765432 0.0234375
0 0.9419367283950617 0.27890625 0.009645061728395061 0.0453125
4 0.14429012345679013 0.11875 0.006172839506172839 0.025
4 0.10609567901234568 0.1125 0.005401234567901234 0.025
4 0.4373070987654321 0.18671875 0.0073302469135802465 0.0359375
0 0.3470293209876543 0.1484375 0.005015432098765432 0.025
4 0.3595679012345679 0.165625 0.006172839506172839 0.03125
0 0.20505401234567902 0.11875 0.004243827160493827 0.021875
0 0.03125 0.0859375 0.004629629629629629 0.01875
0 0.1570216049382716 0.10859375 0.004629629629629629 0.0234375
0 0.27044753086419754 0.128125 0.005401234567901234 0.025
4 0.20042438271604937 0.12421875 0.004243827160493827 0.0234375
0 0.11959876543209877 0.09921875 0.004629629629629629 0.0203125