0 0.533179012345679 0.3515625 0.009259259259259259 0.053125
4 0.7442129629629629 0.4640625 0.019290123456790122 0.10625
4 0.8119212962962963 0.3390625 0.009645061728395061 0.05
4 0.9463734567901234 0.80859375 0.05246913580246913 0.2703125
4 0.7723765432098766 0.28828125 0.004629629629629629 0.0296875
4 0.8408564814814815 0.26171875 0.002700617283950617 0.0203125
0 0.9940200617283951 0.2953125 0.005015432098765432 0.028125
0 0.6149691358024691 0.3265625 0.009259259259259259 0.04375
0 0.9434799382716049 0.27265625 0.004243827160493827 0.0203125
0 0.9205246913580247 0.28671875 0.0038580246913580245 0.0265625
4 0.7393904320987654 0.36875 0.011959876543209876 0.0625
4 0.7957175925925926 0.275 0.003472222222222222 0.025
4 0.7380401234567902 0.2625 0.0023148148148148147 0.01875
0 0.40625 0.4203125 0.015432098765432098 0.0875
0 0.6975308641975309 0.29296875 0.004629629629629629 0.0296875
4 0.7552083333333334 0.2609375 0.002700617283950617 0.015625
0 0.9035493827160493 0.2625 0.0030864197530864196 0.01875
0 0.6631944444444444 0.284375 0.004629629629629629 0.028125
0 0.6502700617283951 0.2703125 0.003472222222222222 0.021875
0 0.6576003086419753 0.2640625 0.002700617283950617 0.01875
0 0.6998456790123457 0.315625 0.006944444444444444 0.0375
4 0.8827160493827161 0.29140625 0.004629629629629629 0.0296875
0 0.8724922839506173 0.2796875 0.003472222222222222 0.021875
4 0.9596836419753086 0.30234375 0.005015432098765432 0.0296875
0 0.6446759259259259 0.27734375 0.004629629629629629 0.0265625
4 0.7285879629629629 0.26640625 0.002700617283950617 0.0203125
4 0.828125 0.27265625 0.003472222222222222 0.0203125
4 0.814429012345679 0.28125 0.0030864197530864196 0.025
0 0.18171296296296297 0.6859375 0.0470679012345679 0.221875
0 0.9128086419753086 0.27578125 0.0038580246913580245 0.0234375
4 0.8171296296296297 0.296875 0.004629629629629629 0.03125
0 0.6786265432098766 0.26015625 0.0023148148148148147 0.0171875
0 0.7345679012345679 0.3015625 0.006172839506172839 0.0375
0 0.6952160493827161 0.25625 0.0023148148148148147 0.01875
4 0.7320601851851852 0.278125 0.004243827160493827 0.03125
4 0.8580246913580247 0.325 0.007716049382716049 0.04375
4 0.8599537037037037 0.309375 0.007716049382716049 0.0375