0 0.4203317901234568 0.42265625 0.015817901234567902 0.0890625
0 0.36516203703703703 0.3421875 0.009645061728395061 0.05625
0 0.24479166666666666 0.32578125 0.009645061728395061 0.0546875
4 0.8479938271604939 0.6859375 0.04552469135802469 0.19375
0 0.36400462962962965 0.53671875 0.024305555555555556 0.1453125
4 0.7770061728395061 0.38671875 0.011574074074074073 0.0546875
0 0.13194444444444445 0.303125 0.010030864197530864 0.05
0 0.9714506172839507 0.39921875 0.012345679012345678 0.0578125
4 0.6593364197530864 0.35078125 0.007716049382716049 0.0421875
4 0.5908564814814815 0.35625 0.008101851851851851 0.046875
4 0.4972993827160494 0.31640625 0.005401234567901234 0.0359375
4 0.6817129629629629 0.43125 0.016203703703703703 0.078125
4 0.8746141975308642 0.43125 0.012345679012345678 0.06875
4 0.32253086419753085 0.2890625 0.006172839506172839 0.034375
4 0.7351466049382716 0.503125 0.02662037037037037 0.1125
4 0.2837577160493827 0.30234375 0.0073302469135802465 0.0390625
4 0.16685956790123457 0.26328125 0.005015432098765432 0.0296875
0 0.6475694444444444 0.328125 0.006558641975308642 0.034375
4 0.6593364197530864 0.390625 0.010802469135802469 0.065625
4 0.4868827160493827 0.3359375 0.007716049382716049 0.04375
0 0.047839506172839504 0.2484375 0.004629629629629629 0.021875
0 0.022762345679012346 0.2734375 0.007716049382716049 0.040625
0 0.47280092592592593 0.3765625 0.011959876543209876 0.065625
0 0.06905864197530864 0.284375 0.009259259259259259 0.04375
0 0.7386188271604939 0.33984375 0.0073302469135802465 0.0390625
4 0.19135802469135801 0.284375 0.006944444444444444 0.0375
0 0.8422067901234568 0.359375 0.010030864197530864 0.046875
4 0.23726851851851852 0.27734375 0.004629629629629629 0.0328125
0 0.36072530864197533 0.28828125 0.004629629629629629 0.0265625
4 0.5723379629629629 0.33046875 0.0073302469135802465 0.0390625
0 0.46141975308641975 0.3 0.006172839506172839 0.03125
4 0.08969907407407407 0.253125 0.004243827160493827 0.025
0 0.21875 0.259375 0.004629629629629629 0.028125
4 0.3819444444444444 0.31875 0.008487654320987654 0.04375
0 0.17727623456790123 0.253125 0.004243827160493827 0.021875
4 0.12133487654320987 0.2703125 0.005787037037037037 0.034375
4 0.026813271604938273 0.253125 0.003472222222222222 0.028125
4 0.3975694444444444 0.3015625 0.005787037037037037 0.034375
0 0.5715663580246914 0.31328125 0.005787037037037037 0.0296875
0 0.28433641975308643 0.27265625 0.005401234567901234 0.0296875
4 0.03433641975308642 0.26328125 0.005401234567901234 0.0265625
0 0.16782407407407407 0.9203125 0.035493827160493825 0.159375