4 0.5381944444444444 0.5421875 0.02700617283950617 0.15
0 0.3211805555555556 0.3375 0.011188271604938271 0.0625
4 0.4637345679012346 0.40546875 0.016975308641975308 0.0890625
4 0.03761574074074074 0.3109375 0.010416666666666666 0.053125
4 0.6277006172839507 0.3234375 0.010030864197530864 0.053125
0 0.050540123456790126 0.83203125 0.0779320987654321 0.3015625
4 0.5391589506172839 0.3515625 0.011959876543209876 0.065625
0 0.06520061728395062 0.48359375 0.03009259259259259 0.1296875
4 0.5677083333333334 0.25546875 0.003472222222222222 0.0234375
4 0.2640817901234568 0.26328125 0.005015432098765432 0.0296875
0 0.503858024691358 0.296875 0.007716049382716049 0.04375
4 0.2199074074074074 0.27265625 0.006172839506172839 0.0359375
0 0.24402006172839505 0.29375 0.0073302469135802465 0.04375
0 0.45003858024691357 0.31796875 0.009645061728395061 0.0515625
4 0.5376157407407407 0.2734375 0.005787037037037037 0.028125
4 0.5183256172839507 0.26328125 0.005015432098765432 0.0265625
4 0.6610725308641975 0.3015625 0.008873456790123456 0.04375
0 0.15817901234567902 0.3203125 0.010030864197530864 0.05625
4 0.29976851851851855 0.2546875 0.0038580246913580245 0.025
4 0.14814814814814814 0.28828125 0.007716049382716049 0.0421875
4 0.32233796296296297 0.25 0.004243827160493827 0.025
0 0.4243827160493827 0.2609375 0.004629629629629629 0.025
0 0.3950617283950617 0.2484375 0.0038580246913580245 0.021875
4 0.37191358024691357 0.24140625 0.0030864197530864196 0.0203125
0 0.3794367283950617 0.253125 0.004243827160493827 0.025
4 0.38580246913580246 0.23828125 0.0030864197530864196 0.0203125
4 0.5435956790123457 0.240625 0.0023148148148148147 0.015625
4 0.40142746913580246 0.2375 0.003472222222222222 0.015625
4 0.3422067901234568 0.2484375 0.0038580246913580245 0.021875
0 0.5021219135802469 0.25234375 0.003472222222222222 0.0234375
4 0.4637345679012346 0.2375 0.0030864197530864196 0.015625
0 0.4693287037037037 0.28046875 0.006558641975308642 0.0359375
4 0.5733024691358025 0.25078125 0.0038580246913580245 0.0203125
0 0.33603395061728397 0.265625 0.005401234567901234 0.03125
0 0.3028549382716049 0.2765625 0.006944444444444444 0.034375
0 0.3620756172839506 0.2578125 0.004243827160493827 0.028125
0 0.5181327160493827 0.2453125 0.0030864197530864196 0.01875
0 0.4535108024691358 0.25625 0.004243827160493827 0.025
0 0.5250771604938271 0.25 0.0030864197530864196 0.01875
0 0.48900462962962965 0.2390625 0.002700617283950617 0.015625
0 0.4288194444444444 0.26875 0.005015432098765432 0.03125
4 0.3578317901234568 0.24453125 0.003472222222222222 0.0203125
0 0.4548611111111111 0.2390625 0.0023148148148148147 0.015625
4 0.6030092592592593 0.2875 0.006172839506172839 0.0375
0 0.40760030864197533 0.2453125 0.003472222222222222 0.01875
0 0.019097222222222224 0.36875 0.017361111111111112 0.08125
0 0.19618055555555555 0.3796875 0.017361111111111112 0.084375
0 0.41782407407407407 0.2421875 0.0030864197530864196 0.01875
4 0.5391589506172839 0.259375 0.002700617283950617 0.025
4 0.5659722222222222 0.24765625 0.0023148148148148147 0.0203125