0 0.10185185185185185 0.46953125 0.022376543209876542 0.1203125
0 0.4029706790123457 0.4828125 0.02353395061728395 0.121875
0 0.2326388888888889 0.30078125 0.010030864197530864 0.0484375
4 0.6768904320987654 0.490625 0.025848765432098766 0.11875
0 0.20582561728395063 0.321875 0.010416666666666666 0.059375
0 0.20466820987654322 0.36796875 0.015817901234567902 0.0734375
0 0.4506172839506173 0.3328125 0.010802469135802469 0.05625
0 0.45929783950617287 0.3078125 0.008873456790123456 0.046875
0 0.2953317901234568 0.28671875 0.008101851851851851 0.0453125
4 0.038580246913580245 0.3046875 0.012345679012345678 0.059375
0 0.43614969135802467 0.375 0.013503086419753086 0.075
4 0.6159336419753086 0.38125 0.015046296296296295 0.075
0 0.4330632716049383 0.29375 0.0073302469135802465 0.040625
4 0.5923996913580247 0.34140625 0.011188271604938271 0.0578125
4 0.5370370370370371 0.2890625 0.006172839506172839 0.034375
4 0.3402777777777778 0.26796875 0.005401234567901234 0.0328125
0 0.3761574074074074 0.284375 0.006944444444444444 0.040625
4 0.4384645061728395 0.275 0.005015432098765432 0.03125
4 0.10667438271604938 0.28203125 0.009645061728395061 0.0453125
4 0.9419367283950617 0.89296875 0.03587962962962963 0.2140625
4 0.5752314814814815 0.31171875 0.007716049382716049 0.0453125
4 0.22974537037037038 0.2703125 0.005787037037037037 0.040625
0 0.19232253086419754 0.890625 0.03433641975308642 0.21875