0 0.38290895061728397 0.303125 0.01890432098765432 0.09375
0 0.44386574074074076 0.3828125 0.02353395061728395 0.134375
0 0.012152777777777778 0.31953125 0.01273148148148148 0.0640625
0 0.23668981481481483 0.2234375 0.0073302469135802465 0.04375
4 0.054205246913580245 0.22734375 0.005787037037037037 0.0296875
2 0.44926697530864196 0.1625 0.0073302469135802465 0.040625
2 0.5050154320987654 0.16328125 0.007716049382716049 0.0453125
0 0.1714891975308642 0.28671875 0.011959876543209876 0.0640625
0 0.3940972222222222 0.62890625 0.048996913580246916 0.2390625
4 0.7407407407407407 0.29609375 0.026234567901234566 0.1203125
2 0.345679012345679 0.19296875 0.007716049382716049 0.0421875
4 0.11439043209876543 0.2140625 0.005787037037037037 0.028125
4 0.4104938271604938 0.221875 0.012345679012345678 0.059375
4 0.13406635802469136 0.24296875 0.008101851851851851 0.0421875
0 0.279320987654321 0.196875 0.006172839506172839 0.0375
0 0.28742283950617287 0.27890625 0.013888888888888888 0.0734375
4 0.2629243827160494 0.23671875 0.010416666666666666 0.0515625
4 0.5638503086419753 0.2328125 0.016589506172839507 0.078125
2 0.3904320987654321 0.1984375 0.009259259259259259 0.05
4 0.03819444444444445 0.28046875 0.010030864197530864 0.0484375
0 0.16435185185185186 0.19609375 0.0038580246913580245 0.0265625
0 0.2698688271604938 0.18515625 0.005015432098765432 0.0296875
4 0.18132716049382716 0.2203125 0.006944444444444444 0.0375
4 0.15914351851851852 0.2078125 0.005787037037037037 0.03125
4 0.1853780864197531 0.20859375 0.004243827160493827 0.0328125
0 0.22800925925925927 0.1859375 0.0038580246913580245 0.028125
0 0.08468364197530864 0.21328125 0.005015432098765432 0.0265625