4 0.16994598765432098 0.52109375 0.028935185185185185 0.1234375
4 0.45100308641975306 0.54921875 0.032407407407407406 0.1328125
0 0.08082561728395062 0.38671875 0.01427469135802469 0.0640625
0 0.2640817901234568 0.3890625 0.010416666666666666 0.0625
0 0.6261574074074074 0.396875 0.010802469135802469 0.059375
4 0.2166280864197531 0.425 0.016589506172839507 0.078125
4 0.8067129629629629 0.45234375 0.016975308641975308 0.0796875
0 0.8287037037037037 0.409375 0.011574074074074073 0.065625
4 0.6016589506172839 0.4375 0.015046296296296295 0.078125
4 0.4097222222222222 0.43046875 0.014660493827160493 0.0765625
4 0.7370756172839507 0.64453125 0.03973765432098766 0.1734375
0 0.44598765432098764 0.390625 0.009259259259259259 0.059375
0 0.14371141975308643 0.859375 0.06751543209876543 0.28125