0 0.19174382716049382 0.49296875 0.02854938271604938 0.1359375
0 0.22511574074074073 0.81015625 0.055169753086419755 0.2890625
4 0.7297453703703703 0.68125 0.04976851851851852 0.215625
4 0.31635802469135804 0.33984375 0.011574074074074073 0.0609375
4 0.1408179012345679 0.3140625 0.010802469135802469 0.05
4 0.40335648148148145 0.37578125 0.015046296296296295 0.0765625
4 0.24517746913580246 0.32265625 0.011188271604938271 0.0515625
0 0.10165895061728394 0.35 0.01273148148148148 0.0625
4 0.03819444444444445 0.3171875 0.010802469135802469 0.053125
4 0.49537037037037035 0.46640625 0.024691358024691357 0.1140625
0 0.16222993827160495 0.38828125 0.018132716049382717 0.0828125