0 0.9056712962962963 0.315625 0.010416666666666666 0.05
0 0.43614969135802467 0.24921875 0.01273148148148148 0.0703125
4 0.9579475308641975 0.35703125 0.014660493827160493 0.0640625
0 0.7413194444444444 0.27734375 0.010416666666666666 0.0515625
0 0.5881558641975309 0.253125 0.009645061728395061 0.05625
4 0.5875771604938271 0.31875 0.017746913580246913 0.08125
4 0.6946373456790124 0.309375 0.015046296296296295 0.071875
4 0.44502314814814814 0.53671875 0.03896604938271605 0.1953125
4 0.49459876543209874 0.365625 0.022376543209876542 0.1125
0 0.25925925925925924 0.28125 0.018518518518518517 0.096875
4 0.8173225308641975 0.325 0.01273148148148148 0.065625