0 0.4056712962962963 0.29375 0.017361111111111112 0.090625
0 0.05246913580246913 0.3109375 0.014660493827160493 0.065625
4 0.5744598765432098 0.2265625 0.018518518518518517 0.075
0 0.30362654320987653 0.27734375 0.016203703703703703 0.0734375
0 0.18942901234567902 0.284375 0.013888888888888888 0.065625
0 0.482445987654321 0.3609375 0.024305555555555556 0.125
0 0.49344135802469136 0.5265625 0.03780864197530864 0.203125
4 0.11168981481481481 0.26875 0.011959876543209876 0.053125
4 0.7515432098765432 0.275 0.02700617283950617 0.10625
4 0.4211033950617284 0.22109375 0.011188271604938271 0.0609375
4 0.9818672839506173 0.44453125 0.035493827160493825 0.2015625
4 0.27314814814814814 0.23515625 0.010802469135802469 0.0546875