4 0.4699074074074074 0.60234375 0.04089506172839506 0.1765625
0 0.11207561728395062 0.371875 0.013503086419753086 0.05625
4 0.22993827160493827 0.41640625 0.018518518518518517 0.0828125
4 0.9143518518518519 0.45546875 0.022376543209876542 0.1015625
0 0.020640432098765434 0.40703125 0.015817901234567902 0.0703125
4 0.8329475308641975 0.39921875 0.016975308641975308 0.0765625
4 0.32002314814814814 0.4875 0.02662037037037037 0.1125
0 0.9918981481481481 0.3765625 0.015432098765432098 0.071875
0 0.21257716049382716 0.3421875 0.009259259259259259 0.04375
4 0.7268518518518519 0.34765625 0.012345679012345678 0.0546875
4 0.7766203703703703 0.371875 0.013888888888888888 0.0625
0 0.8260030864197531 0.32421875 0.010030864197530864 0.0484375
4 0.6159336419753086 0.315625 0.0073302469135802465 0.0375
0 0.2961033950617284 0.32890625 0.008873456790123456 0.0390625
4 0.2052469135802469 0.38515625 0.013117283950617283 0.0640625
4 0.5027006172839507 0.32109375 0.006944444444444444 0.0421875
0 0.4523533950617284 0.3109375 0.008101851851851851 0.0375
0 0.6778549382716049 0.30234375 0.008487654320987654 0.0390625
4 0.3802083333333333 0.33515625 0.010416666666666666 0.0453125
0 0.5995370370370371 0.30390625 0.007716049382716049 0.0359375
4 0.6915509259259259 0.33046875 0.008873456790123456 0.0421875
0 0.025655864197530864 0.340625 0.009645061728395061 0.040625
0 0.5295138888888888 0.309375 0.006558641975308642 0.034375
0 0.8699845679012346 0.34296875 0.010802469135802469 0.0484375
4 0.2700617283950617 0.35859375 0.011574074074074073 0.0546875
0 0.7642746913580247 0.3125 0.008487654320987654 0.040625
4 0.7596450617283951 0.8421875 0.034722222222222224 0.21875
2 0.9459876543209876 0.275 0.009259259259259259 0.0375
2 0.9007291666666667 0.279625 0.008487654320987654 0.0296875
2 0.8626543209876543 0.271875 0.007716049382716049 0.028125