0 0.2858527131782946 0.5045289855072463 0.03682170542635659 0.18297101449275363
0 0.2766472868217054 0.34057971014492755 0.02131782945736434 0.10869565217391304
0 0.14050387596899225 0.338768115942029 0.023255813953488372 0.10507246376811594
4 0.7252906976744186 0.463768115942029 0.03294573643410853 0.17391304347826086
4 0.5973837209302325 0.29347826086956524 0.018410852713178296 0.10144927536231885
4 0.5087209302325582 0.23550724637681159 0.011627906976744186 0.07246376811594203
4 0.4132751937984496 0.21739130434782608 0.01065891472868217 0.057971014492753624
4 0.3013565891472868 0.22282608695652173 0.011627906976744186 0.06159420289855073
4 0.1812015503875969 0.23550724637681159 0.012596899224806201 0.06521739130434782
4 0.09108527131782945 0.2318840579710145 0.009689922480620155 0.057971014492753624
4 0.06298449612403101 0.21739130434782608 0.009689922480620155 0.050724637681159424
4 0.05910852713178295 0.2028985507246377 0.007751937984496124 0.043478260869565216
4 0.027131782945736434 0.18931159420289856 0.00872093023255814 0.041666666666666664