4 0.7451550387596899 0.4963768115942029 0.0436046511627907 0.2028985507246377
4 0.6080426356589147 0.30434782608695654 0.01937984496124031 0.10144927536231885
4 0.5591085271317829 0.23550724637681159 0.013565891472868217 0.07608695652173914
4 0.49806201550387597 0.19384057971014493 0.009689922480620155 0.05434782608695652
4 0.45542635658914726 0.18115942028985507 0.007751937984496124 0.050724637681159424
4 0.42151162790697677 0.17391304347826086 0.007751937984496124 0.043478260869565216
4 0.374031007751938 0.17028985507246377 0.006782945736434108 0.043478260869565216
4 0.33430232558139533 0.16666666666666666 0.007751937984496124 0.036231884057971016
4 0.26647286821705424 0.16847826086956522 0.005813953488372093 0.036231884057971016
4 0.1928294573643411 0.17572463768115942 0.007751937984496124 0.03985507246376811
4 0.09641472868217055 0.19202898550724637 0.00872093023255814 0.043478260869565216
4 0.027616279069767442 0.20471014492753623 0.00872093023255814 0.043478260869565216
0 0.07170542635658915 0.21739130434782608 0.011627906976744186 0.050724637681159424
0 0.14486434108527133 0.20652173913043478 0.009689922480620155 0.050724637681159424
0 0.2131782945736434 0.19927536231884058 0.009689922480620155 0.04710144927536232
0 0.25823643410852715 0.19927536231884058 0.009689922480620155 0.050724637681159424
0 0.29651162790697677 0.21014492753623187 0.009689922480620155 0.050724637681159424
0 0.35658914728682173 0.23369565217391305 0.011627906976744186 0.06159420289855073
0 0.35804263565891475 0.28442028985507245 0.016472868217054265 0.07608695652173914
0 0.31976744186046513 0.42028985507246375 0.027131782945736434 0.14492753623188406
0 0.2315891472868217 0.730072463768116 0.05813953488372093 0.2971014492753623