0 0.2824612403100775 0.14673913043478262 0.005813953488372093 0.036231884057971016
4 0.35852713178294576 0.1403985507246377 0.005813953488372093 0.02717391304347826
4 0.4694767441860465 0.13768115942028986 0.005813953488372093 0.028985507246376812
0 0.5414244186046512 0.1331521739130435 0.00436046511627907 0.02717391304347826
4 0.25847868217054265 0.18115942028985507 0.010174418604651164 0.043478260869565216
4 0.31007751937984496 0.16304347826086957 0.007751937984496124 0.036231884057971016
4 0.5135658914728682 0.15579710144927536 0.007751937984496124 0.036231884057971016
0 0.6787790697674418 0.17028985507246377 0.007751937984496124 0.03985507246376811
0 0.1189437984496124 0.2056159420289855 0.007267441860465116 0.041666666666666664
4 0.20300387596899225 0.21014492753623187 0.013565891472868217 0.05434782608695652
4 0.22601744186046513 0.19655797101449277 0.012112403100775194 0.04891304347826087
4 0.6601259689922481 0.20923913043478262 0.01308139534883721 0.059782608695652176
0 0.7800387596899225 0.1983695652173913 0.011627906976744186 0.05253623188405797
0 0.028585271317829456 0.24094202898550723 0.013565891472868217 0.05434782608695652
4 0.1615794573643411 0.2346014492753623 0.015988372093023256 0.06340579710144928
0 0.9321705426356589 0.2391304347826087 0.018410852713178296 0.06884057971014493
4 0.1872577519379845 0.25181159420289856 0.017926356589147287 0.06884057971014493
4 0.26647286821705424 0.26902173913043476 0.020348837209302327 0.08152173913043478
4 0.39026162790697677 0.2753623188405797 0.017926356589147287 0.09057971014492754
4 0.7790697674418605 0.2563405797101449 0.01937984496124031 0.07789855072463768
4 0.502422480620155 0.3052536231884058 0.022286821705426358 0.1068840579710145
4 0.6603682170542635 0.4048913043478261 0.03197674418604651 0.1539855072463768
0 0.1555232558139535 0.5253623188405797 0.05135658914728682 0.1956521739130435
4 0.908187984496124 0.7391304347826086 0.0750968992248062 0.3333333333333333
0 0.12718023255813954 0.8695652173913043 0.07025193798449612 0.2608695652173913
1 0.623062015503876 0.18297101449275363 0.014534883720930232 0.09057971014492754
1 0.6121608527131783 0.18115942028985507 0.010174418604651164 0.08695652173913043
1 0.7306201550387597 0.17028985507246377 0.012596899224806201 0.07246376811594203
1 0.7122093023255814 0.16485507246376813 0.013565891472868217 0.06884057971014493
0 0.5077519379844961 0.12590579710144928 0.003875968992248062 0.02355072463768116
0 0.48328488372093026 0.11956521739130435 0.003391472868217054 0.021739130434782608
3 0.11506782945736434 0.19021739130434784 0.006298449612403101 0.050724637681159424
0 0.20469961240310078 0.17844202898550723 0.006298449612403101 0.03804347826086957
3 0.2313468992248062 0.1585144927536232 0.008236434108527133 0.04528985507246377
0 0.2609011627906977 0.161231884057971 0.00436046511627907 0.03260869565217391
3 0.17587209302325582 0.22644927536231885 0.013565891472868217 0.07971014492753623
3 0.8294573643410853 0.33152173913043476 0.03875968992248062 0.16304347826086957
3 0.6065891472868217 0.23369565217391305 0.01744186046511628 0.10144927536231885
3 0.5067829457364341 0.18206521739130435 0.013565891472868217 0.06702898550724638
3 0.5002422480620154 0.15307971014492755 0.007267441860465116 0.04891304347826087
3 0.37693798449612403 0.2418478260869565 0.01744186046511628 0.09963768115942029
3 0.3488372093023256 0.1838768115942029 0.011627906976744186 0.06340579710144928
3 0.33987403100775193 0.15760869565217392 0.008236434108527133 0.04710144927536232
3 0.3694282945736434 0.13677536231884058 0.007267441860465116 0.041666666666666664
4 0.36119186046511625 0.1322463768115942 0.003391472868217054 0.025362318840579712
4 0.3548934108527132 0.1286231884057971 0.00436046511627907 0.025362318840579712
4 0.3449612403100775 0.12681159420289856 0.003875968992248062 0.021739130434782608
4 0.32558139534883723 0.12590579710144928 0.003875968992248062 0.019927536231884056
4 0.3023255813953488 0.12590579710144928 0.0048449612403100775 0.02355072463768116
4 0.27374031007751937 0.12681159420289856 0.0048449612403100775 0.021739130434782608
4 0.25242248062015504 0.12681159420289856 0.003875968992248062 0.021739130434782608
0 0.26477713178294576 0.13949275362318841 0.00436046511627907 0.025362318840579712
0 0.23425387596899225 0.1403985507246377 0.003391472868217054 0.02355072463768116
0 0.2063953488372093 0.14221014492753623 0.003875968992248062 0.02355072463768116
3 0.2550872093023256 0.14402173913043478 0.006298449612403101 0.034420289855072464
3 0.38832364341085274 0.125 0.005329457364341085 0.03260869565217391
3 0.37742248062015504 0.11684782608695653 0.0048449612403100775 0.02355072463768116
4 0.43919573643410853 0.12681159420289856 0.003391472868217054 0.025362318840579712
4 0.4183624031007752 0.11865942028985507 0.003391472868217054 0.019927536231884056
4 0.405765503875969 0.11503623188405797 0.003391472868217054 0.019927536231884056
3 0.4009205426356589 0.11413043478260869 0.00436046511627907 0.025362318840579712
3 0.41448643410852715 0.11865942028985507 0.00436046511627907 0.02717391304347826
3 0.4273255813953488 0.12409420289855072 0.005813953488372093 0.030797101449275364
3 0.4418604651162791 0.13043478260869565 0.005813953488372093 0.03260869565217391