0 0.0935077519379845 0.6376811594202898 0.061046511627906974 0.2536231884057971
4 0.8546511627906976 0.5561594202898551 0.0562015503875969 0.25
4 0.6041666666666666 0.34782608695652173 0.023255813953488372 0.13768115942028986
4 0.48498062015503873 0.29347826086956524 0.018410852713178296 0.10869565217391304
4 0.38275193798449614 0.26811594202898553 0.015503875968992248 0.08695652173913043
4 0.29457364341085274 0.26268115942028986 0.015503875968992248 0.08695652173913043
4 0.17151162790697674 0.2717391304347826 0.01937984496124031 0.08695652173913043
4 0.060077519379844964 0.28442028985507245 0.020348837209302327 0.08695652173913043
3 0.32533914728682173 0.25 0.01695736434108527 0.10869565217391304
2 0.07848837209302326 0.2753623188405797 0.018410852713178296 0.11231884057971014
3 0.4011627906976744 0.1693840579710145 0.01065891472868217 0.06340579710144928
2 0.5375484496124031 0.19655797101449277 0.01308139534883721 0.08876811594202899
3 0.7032461240310077 0.15489130434782608 0.01308139534883721 0.07065217391304347
3 0.7933624031007752 0.1105072463768116 0.015019379844961241 0.10144927536231885
3 0.5978682170542635 0.1286231884057971 0.007751937984496124 0.05434782608695652
3 0.6409883720930233 0.10597826086956522 0.006782945736434108 0.041666666666666664