4 0.5792151162790697 0.1213768115942029 0.005329457364341085 0.03260869565217391
0 0.8217054263565892 0.11594202898550725 0.005813953488372093 0.028985507246376812
0 0.5295542635658915 0.13768115942028986 0.006782945736434108 0.03260869565217391
0 0.5746124031007752 0.14492753623188406 0.005813953488372093 0.036231884057971016
4 0.6196705426356589 0.12681159420289856 0.005813953488372093 0.036231884057971016
0 0.6317829457364341 0.1503623188405797 0.007751937984496124 0.036231884057971016
4 0.6753875968992248 0.13043478260869565 0.007751937984496124 0.036231884057971016
4 0.7252906976744186 0.13768115942028986 0.007751937984496124 0.043478260869565216
4 0.7790697674418605 0.1539855072463768 0.009689922480620155 0.04710144927536232
4 0.8323643410852714 0.13677536231884058 0.006782945736434108 0.034420289855072464
4 0.8907461240310077 0.14764492753623187 0.011143410852713179 0.05615942028985507
0 0.9462209302325582 0.14673913043478262 0.009689922480620155 0.04710144927536232
0 0.6589147286821705 0.16485507246376813 0.009689922480620155 0.04710144927536232
4 0.8066860465116279 0.17028985507246377 0.012596899224806201 0.057971014492753624
4 0.9903100775193798 0.17391304347826086 0.015503875968992248 0.057971014492753624
0 0.6501937984496124 0.18840579710144928 0.011627906976744186 0.057971014492753624
4 0.8207364341085271 0.20108695652173914 0.015503875968992248 0.07246376811594203
0 0.5796996124031008 0.22192028985507245 0.01308139534883721 0.07065217391304347
4 0.7957848837209303 0.2391304347826087 0.017926356589147287 0.08333333333333333
0 0.5101744186046512 0.2536231884057971 0.018410852713178296 0.08333333333333333
4 0.7415213178294574 0.2898550724637681 0.022771317829457363 0.10507246376811594
0 0.42005813953488375 0.38315217391304346 0.03197674418604651 0.1431159420289855
4 0.7083333333333334 0.40217391304347827 0.03682170542635659 0.15217391304347827
4 0.937984496124031 0.7807971014492754 0.09011627906976744 0.358695652173913
0 0.875968992248062 0.13043478260869565 0.005813953488372093 0.036231884057971016
1 0.9137596899224806 0.13043478260869565 0.009689922480620155 0.057971014492753624
1 0.9011627906976745 0.12681159420289856 0.007751937984496124 0.050724637681159424
1 0.809593023255814 0.11956521739130435 0.007751937984496124 0.050724637681159424
1 0.8023255813953488 0.11956521739130435 0.006782945736434108 0.050724637681159424
4 0.560562015503876 0.11775362318840579 0.0048449612403100775 0.025362318840579712
3 0.3280038759689923 0.2807971014492754 0.02422480620155039 0.13043478260869565
4 0.5726744186046512 0.1105072463768116 0.003875968992248062 0.025362318840579712
3 0.6276647286821705 0.19021739130434784 0.01308139534883721 0.09057971014492754
3 0.593265503875969 0.14945652173913043 0.010174418604651164 0.05615942028985507
3 0.8832364341085271 0.20018115942028986 0.01937984496124031 0.09239130434782608
3 0.8684593023255814 0.15579710144927536 0.011143410852713179 0.06159420289855073
3 0.783672480620155 0.1286231884057971 0.006298449612403101 0.03985507246376811
3 0.5060562015503876 0.14945652173913043 0.008236434108527133 0.05253623188405797
3 0.6664244186046512 0.12318840579710146 0.007267441860465116 0.043478260869565216