0 0.17829457364341086 0.5869565217391305 0.0562015503875969 0.2318840579710145
0 0.3178294573643411 0.34057971014492755 0.025193798449612403 0.12318840579710146
0 0.38323643410852715 0.24094202898550723 0.012596899224806201 0.07971014492753623
0 0.4312015503875969 0.19202898550724637 0.007751937984496124 0.06521739130434782
1 0.814437984496124 0.740036231884058 0.06298449612403101 0.5163043478260869
4 0.6143410852713178 0.37681159420289856 0.02616279069767442 0.14492753623188406
4 0.562015503875969 0.2644927536231884 0.01744186046511628 0.10144927536231885
4 0.5528100775193798 0.21014492753623187 0.01065891472868217 0.07246376811594203
4 0.5746124031007752 0.17028985507246377 0.009689922480620155 0.057971014492753624
4 0.0562015503875969 0.20833333333333334 0.011627906976744186 0.05434782608695652
4 0.12742248062015504 0.17753623188405798 0.009689922480620155 0.043478260869565216
0 0.19089147286821706 0.18115942028985507 0.00872093023255814 0.043478260869565216
0 0.47189922480620156 0.15579710144927536 0.006782945736434108 0.04710144927536232