4 0.689922480620155 0.12318840579710146 0.005813953488372093 0.036231884057971016
4 0.5721899224806202 0.13858695652173914 0.006782945736434108 0.03804347826086957
4 0.7412790697674418 0.13405797101449277 0.007751937984496124 0.03985507246376811
0 0.9321705426356589 0.15217391304347827 0.009689922480620155 0.043478260869565216
4 0.5898740310077519 0.161231884057971 0.008236434108527133 0.04710144927536232
4 0.9515503875968992 0.17572463768115942 0.013565891472868217 0.05434782608695652
4 0.6252422480620154 0.22282608695652173 0.014050387596899225 0.07608695652173914
0 0.30353682170542634 0.45742753623188404 0.03827519379844961 0.16485507246376813
4 0.7703488372093024 0.4673913043478261 0.0436046511627907 0.18840579710144928
0 0.42829457364341084 0.21739130434782608 0.012596899224806201 0.06521739130434782
0 0.45227713178294576 0.17028985507246377 0.007267441860465116 0.04710144927536232
1 0.4583333333333333 0.14945652173913043 0.007751937984496124 0.07065217391304347
1 0.46124031007751937 0.14492753623188406 0.005813953488372093 0.06521739130434782
0 0.4685077519379845 0.14402173913043478 0.005813953488372093 0.03804347826086957
0 0.4748062015503876 0.1322463768115942 0.003875968992248062 0.028985507246376812
0 0.47674418604651164 0.11594202898550725 0.003875968992248062 0.028985507246376812
1 0.5852713178294574 0.13677536231884058 0.006782945736434108 0.06702898550724638
4 0.564922480620155 0.12318840579710146 0.005813953488372093 0.036231884057971016
4 0.5578972868217055 0.11322463768115942 0.00436046511627907 0.030797101449275364
4 0.5385174418604651 0.10416666666666667 0.00436046511627907 0.02717391304347826
4 0.4951550387596899 0.10326086956521739 0.003875968992248062 0.025362318840579712
0 0.44476744186046513 0.11231884057971014 0.003875968992248062 0.021739130434782608
4 0.5155038759689923 0.10507246376811594 0.0048449612403100775 0.025362318840579712
4 0.6569767441860465 0.11231884057971014 0.0048449612403100775 0.036231884057971016
4 0.6531007751937985 0.10869565217391304 0.003875968992248062 0.028985507246376812
4 0.6608527131782945 0.10144927536231885 0.0029069767441860465 0.028985507246376812
0 0.7640503875968992 0.12318840579710146 0.0048449612403100775 0.036231884057971016
0 0.7325581395348837 0.11594202898550725 0.003875968992248062 0.028985507246376812
0 0.7281976744186046 0.1105072463768116 0.003875968992248062 0.028985507246376812
4 0.6763565891472868 0.09782608695652174 0.003875968992248062 0.028985507246376812
4 0.6996124031007752 0.09420289855072464 0.003875968992248062 0.021739130434782608
4 0.6933139534883721 0.09782608695652174 0.003875968992248062 0.025362318840579712
4 0.4801356589147287 0.10144927536231885 0.003875968992248062 0.021739130434782608
4 0.46511627906976744 0.09963768115942029 0.0029069767441860465 0.021739130434782608
4 0.46075581395348836 0.09963768115942029 0.0029069767441860465 0.021739130434782608
1 0.5811531007751938 0.13405797101449277 0.005329457364341085 0.06884057971014493
0 0.42417635658914726 0.10960144927536232 0.0024224806201550387 0.019927536231884056
4 0.5465116279069767 0.08152173913043478 0.003875968992248062 0.018115942028985508
4 0.5268895348837209 0.08423913043478261 0.003391472868217054 0.019927536231884056
4 0.5109011627906976 0.08695652173913043 0.003391472868217054 0.018115942028985508
0 0.7466085271317829 0.10597826086956522 0.0048449612403100775 0.02717391304347826
0 0.7570251937984496 0.10597826086956522 0.003391472868217054 0.019927536231884056
4 0.469234496124031 0.09239130434782608 0.00436046511627907 0.021739130434782608
4 0.4735949612403101 0.08876811594202899 0.003391472868217054 0.021739130434782608
0 0.719718992248062 0.09420289855072464 0.003391472868217054 0.018115942028985508
4 0.6853197674418605 0.09057971014492754 0.005329457364341085 0.025362318840579712
4 0.6688468992248062 0.08786231884057971 0.00436046511627907 0.02355072463768116
4 0.6569767441860465 0.08242753623188406 0.003875968992248062 0.02355072463768116
4 0.6453488372093024 0.07971014492753623 0.0029069767441860465 0.021739130434782608
4 0.562015503875969 0.07971014492753623 0.003875968992248062 0.018115942028985508
0 0.5043604651162791 0.0806159420289855 0.003875968992248062 0.019927536231884056
0 0.5203488372093024 0.07880434782608696 0.0029069767441860465 0.016304347826086956
4 0.5155038759689923 0.09057971014492754 0.0048449612403100775 0.025362318840579712