4 0.40406976744186046 0.14855072463768115 0.007751937984496124 0.036231884057971016
4 0.5169573643410853 0.14492753623188406 0.007751937984496124 0.036231884057971016
4 0.5542635658914729 0.14855072463768115 0.007751937984496124 0.03985507246376811
0 0.6308139534883721 0.14130434782608695 0.007751937984496124 0.036231884057971016
0 0.6765988372093024 0.15217391304347827 0.007267441860465116 0.03985507246376811
0 0.19428294573643412 0.18478260869565216 0.007751937984496124 0.036231884057971016
4 0.2751937984496124 0.18840579710144928 0.009689922480620155 0.043478260869565216
4 0.3168604651162791 0.1693840579710145 0.007751937984496124 0.04528985507246377
0 0.7325581395348837 0.16666666666666666 0.009689922480620155 0.043478260869565216
0 0.14050387596899225 0.20652173913043478 0.011627906976744186 0.04710144927536232
4 0.6659399224806202 0.19384057971014493 0.008236434108527133 0.057971014492753624
0 0.8197674418604651 0.19293478260869565 0.009689922480620155 0.059782608695652176
0 0.08527131782945736 0.23550724637681159 0.015503875968992248 0.057971014492753624
4 0.25363372093023256 0.22282608695652173 0.012112403100775194 0.05434782608695652
4 0.29602713178294576 0.2391304347826087 0.014534883720930232 0.07246376811594203
0 0.04844961240310078 0.2608695652173913 0.016472868217054265 0.06884057971014493
4 0.375968992248062 0.2572463768115942 0.01744186046511628 0.08695652173913043
4 0.7761627906976745 0.25 0.01937984496124031 0.08695652173913043
4 0.45930232558139533 0.286231884057971 0.02131782945736434 0.10144927536231885
0 0.03682170542635659 0.32971014492753625 0.031007751937984496 0.09420289855072464
4 0.5537790697674418 0.3242753623188406 0.02422480620155039 0.11956521739130435
0 0.08381782945736434 0.3704710144927536 0.03391472868217054 0.11775362318840579
0 0.1744186046511628 0.42391304347826086 0.03197674418604651 0.15217391304347827
4 0.6560077519379846 0.42028985507246375 0.03391472868217054 0.17391304347826086
0 0.19040697674418605 0.6413043478260869 0.05135658914728682 0.2608695652173913
4 0.8556201550387597 0.6757246376811594 0.07170542635658915 0.29347826086956524
0 0.016715116279069766 0.29257246376811596 0.01986434108527132 0.07789855072463768
0 0.2364341085271318 0.17119565217391305 0.006782945736434108 0.03804347826086957
0 0.2868217054263566 0.15579710144927536 0.006782945736434108 0.036231884057971016
0 0.3374515503875969 0.14583333333333334 0.007267441860465116 0.034420289855072464
0 0.38372093023255816 0.1358695652173913 0.005813953488372093 0.03260869565217391
0 0.4253875968992248 0.13043478260869565 0.005813953488372093 0.028985507246376812
0 0.4646317829457364 0.13043478260869565 0.005813953488372093 0.028985507246376812
0 0.5111434108527132 0.12952898550724637 0.005813953488372093 0.02717391304347826
0 0.5508720930232558 0.13043478260869565 0.0048449612403100775 0.03260869565217391
4 0.24854651162790697 0.20652173913043478 0.0048449612403100775 0.043478260869565216
4 0.36191860465116277 0.15489130434782608 0.0048449612403100775 0.041666666666666664
3 0.40382751937984496 0.24728260869565216 0.014050387596899225 0.1105072463768116
3 0.39680232558139533 0.18297101449275363 0.007751937984496124 0.06159420289855073
3 0.44694767441860467 0.1403985507246377 0.007267441860465116 0.04891304347826087
3 0.48280038759689925 0.15217391304347827 0.010174418604651164 0.057971014492753624
3 0.5404554263565892 0.1693840579710145 0.009205426356589148 0.06702898550724638
3 0.5806686046511628 0.15760869565217392 0.008236434108527133 0.057971014492753624
3 0.591812015503876 0.15942028985507245 0.009205426356589148 0.06521739130434782
3 0.6082848837209303 0.21467391304347827 0.01695736434108527 0.09239130434782608
3 0.65625 0.19384057971014493 0.011143410852713179 0.07971014492753623
3 0.7897286821705426 0.3442028985507246 0.0377906976744186 0.17391304347826086
3 0.35901162790697677 0.17028985507246377 0.009689922480620155 0.057971014492753624
3 0.8137112403100775 0.26721014492753625 0.028585271317829456 0.1213768115942029