0 0.6327519379844961 0.27807971014492755 0.020348837209302327 0.09239130434782608
0 0.7340116279069767 0.26902173913043476 0.018410852713178296 0.08876811594202899
0 0.8875968992248062 0.2980072463768116 0.023255813953488372 0.09239130434782608
0 0.5276162790697675 0.3134057971014493 0.022286821705426358 0.11231884057971014
0 0.36555232558139533 0.48007246376811596 0.03924418604651163 0.18115942028985507
4 0.9745639534883721 0.8469202898550725 0.0499031007751938 0.302536231884058
4 0.9803779069767442 0.6485507246376812 0.03827519379844961 0.2463768115942029
3 0.2369186046511628 0.29528985507246375 0.029069767441860465 0.13043478260869565
3 0.3062015503875969 0.22192028985507245 0.01744186046511628 0.08876811594202899
3 0.344718992248062 0.1793478260869565 0.012112403100775194 0.06521739130434782
3 0.3691860465116279 0.1539855072463768 0.00872093023255814 0.050724637681159424
3 0.3849321705426357 0.13677536231884058 0.007267441860465116 0.041666666666666664
3 0.39801356589147285 0.12047101449275362 0.005329457364341085 0.03804347826086957
3 0.40406976744186046 0.11503623188405797 0.003875968992248062 0.030797101449275364
3 0.4110949612403101 0.10778985507246377 0.003391472868217054 0.030797101449275364
3 0.03439922480620155 0.296195652173913 0.03391472868217054 0.1213768115942029
3 0.19137596899224807 0.20742753623188406 0.01744186046511628 0.07789855072463768
3 0.25944767441860467 0.16847826086956522 0.01308139534883721 0.05434782608695652
3 0.3020833333333333 0.14402173913043478 0.008236434108527133 0.04528985507246377
3 0.32776162790697677 0.13043478260869565 0.006298449612403101 0.036231884057971016
3 0.3449612403100775 0.12047101449275362 0.006782945736434108 0.034420289855072464