0 0.2308624031007752 0.1802536231884058 0.006298449612403101 0.034420289855072464
0 0.28972868217054265 0.1721014492753623 0.003875968992248062 0.028985507246376812
4 0.33527131782945735 0.1802536231884058 0.006782945736434108 0.041666666666666664
4 0.3701550387596899 0.1766304347826087 0.006782945736434108 0.03804347826086957
4 0.4125484496124031 0.1766304347826087 0.007267441860465116 0.03804347826086957
4 0.4583333333333333 0.1793478260869565 0.006782945736434108 0.03985507246376811
4 0.533187984496124 0.18206521739130435 0.008236434108527133 0.04528985507246377
0 0.6477713178294574 0.1693840579710145 0.0048449612403100775 0.03804347826086957
0 0.7441860465116279 0.17300724637681159 0.005813953488372093 0.041666666666666664
0 0.8832364341085271 0.1793478260869565 0.007751937984496124 0.04710144927536232
0 0.12863372093023256 0.20652173913043478 0.009205426356589148 0.04710144927536232
0 0.17974806201550386 0.1911231884057971 0.007751937984496124 0.03804347826086957
4 0.2570251937984496 0.19927536231884058 0.010174418604651164 0.050724637681159424
4 0.2713178294573643 0.20652173913043478 0.009689922480620155 0.04710144927536232
4 0.3015988372093023 0.20923913043478262 0.010174418604651164 0.05253623188405797
4 0.3803294573643411 0.213768115942029 0.01065891472868217 0.057971014492753624
4 0.9106104651162791 0.2056159420289855 0.01695736434108527 0.06340579710144928
4 0.4416182170542636 0.21829710144927536 0.01308139534883721 0.06340579710144928
4 0.5038759689922481 0.2346014492753623 0.012596899224806201 0.07065217391304347
0 0.16642441860465115 0.266304347826087 0.015988372093023256 0.07246376811594203
0 0.25266472868217055 0.2898550724637681 0.01695736434108527 0.08695652173913043
0 0.3231589147286822 0.322463768115942 0.020348837209302327 0.10507246376811594
4 0.6388081395348837 0.36231884057971014 0.027616279069767442 0.13043478260869565
0 0.2313468992248062 0.4891304347826087 0.03439922480620155 0.18115942028985507
0 0.10198643410852713 0.2563405797101449 0.011143410852713179 0.06340579710144928
0 0.0869670542635659 0.23550724637681159 0.010174418604651164 0.05434782608695652
4 0.29772286821705424 0.18478260869565216 0.006298449612403101 0.043478260869565216
4 0.7575096899224806 0.5634057971014492 0.04893410852713178 0.2391304347826087
4 0.5717054263565892 0.27807971014492755 0.016472868217054265 0.09239130434782608
0 0.342781007751938 0.16576086956521738 0.00436046511627907 0.02717391304347826
0 0.4476744186046512 0.16304347826086957 0.003875968992248062 0.03260869565217391
0 0.4997577519379845 0.16485507246376813 0.00436046511627907 0.03260869565217391
0 0.5738856589147286 0.16666666666666666 0.00436046511627907 0.036231884057971016