4 0.7005813953488372 0.11231884057971014 0.005813953488372093 0.036231884057971016
4 0.7461240310077519 0.11231884057971014 0.00872093023255814 0.043478260869565216
4 0.7955426356589147 0.11956521739130435 0.00872093023255814 0.043478260869565216
0 0.8415697674418605 0.10507246376811594 0.009689922480620155 0.043478260869565216
0 0.873062015503876 0.1068840579710145 0.009689922480620155 0.04710144927536232
0 0.9176356589147286 0.11231884057971014 0.00872093023255814 0.043478260869565216
0 0.9515503875968992 0.11594202898550725 0.009689922480620155 0.043478260869565216
0 0.4786821705426357 0.14855072463768115 0.006782945736434108 0.043478260869565216
4 0.8483527131782945 0.125 0.01065891472868217 0.05434782608695652
4 0.9079457364341085 0.13768115942028986 0.01065891472868217 0.057971014492753624
0 0.46705426356589147 0.16847826086956522 0.009689922480620155 0.05434782608695652
4 0.5891472868217055 0.16304347826086957 0.007751937984496124 0.05434782608695652
4 0.9912790697674418 0.15760869565217392 0.013565891472868217 0.06159420289855073
0 0.4486434108527132 0.2028985507246377 0.011627906976744186 0.07246376811594203
4 0.6022286821705426 0.19927536231884058 0.013565891472868217 0.06521739130434782
0 0.42248062015503873 0.2608695652173913 0.015503875968992248 0.08695652173913043
4 0.626937984496124 0.26268115942028986 0.01744186046511628 0.10507246376811594
1 0.39728682170542634 0.2898550724637681 0.023255813953488372 0.18115942028985507
1 0.6564922480620154 0.3007246376811594 0.029069767441860465 0.19927536231884058
0 0.2441860465116279 0.572463768115942 0.0562015503875969 0.2427536231884058
4 0.8289728682170543 0.6322463768115942 0.06201550387596899 0.286231884057971
1 0.37887596899224807 0.31521739130434784 0.027131782945736434 0.2028985507246377
4 0.5843023255813954 0.14130434782608695 0.005813953488372093 0.050724637681159424
1 0.6424418604651163 0.27355072463768115 0.01744186046511628 0.19202898550724637
4 0.6150678294573644 0.125 0.007267441860465116 0.04710144927536232
4 0.6564922480620154 0.11865942028985507 0.005813953488372093 0.03804347826086957
0 0.4895833333333333 0.13858695652173914 0.005329457364341085 0.03804347826086957
0 0.5060562015503876 0.1286231884057971 0.00436046511627907 0.03985507246376811
0 0.5290697674418605 0.11956521739130435 0.0048449612403100775 0.03260869565217391
0 0.5535368217054264 0.11322463768115942 0.00436046511627907 0.034420289855072464
0 0.6000484496124031 0.1068840579710145 0.00436046511627907 0.03260869565217391
0 0.6320251937984496 0.10054347826086957 0.00436046511627907 0.02717391304347826
0 0.6722383720930233 0.10054347826086957 0.00436046511627907 0.030797101449275364
0 0.7688953488372093 0.10144927536231885 0.0048449612403100775 0.03260869565217391
0 0.7199612403100775 0.09963768115942029 0.003875968992248062 0.028985507246376812