0 0.4001937984496124 0.15760869565217392 0.007751937984496124 0.03985507246376811
0 0.36167635658914726 0.213768115942029 0.011143410852713179 0.057971014492753624
0 0.3701550387596899 0.18206521739130435 0.007751937984496124 0.04528985507246377
0 0.3439922480620155 0.296195652173913 0.01937984496124031 0.10326086956521739
4 0.5566860465116279 0.2028985507246377 0.01065891472868217 0.07246376811594203
4 0.6119186046511628 0.2536231884057971 0.01744186046511628 0.09782608695652174
4 0.7984496124031008 0.24003623188405798 0.01937984496124031 0.09963768115942029
0 0.9505813953488372 0.18115942028985507 0.01744186046511628 0.07246376811594203
4 0.8006298449612403 0.4791666666666667 0.04796511627906977 0.21195652173913043
0 0.2911821705426357 0.6766304347826086 0.050387596899224806 0.28804347826086957
0 0.4253875968992248 0.1431159420289855 0.007751937984496124 0.036231884057971016
0 0.47747093023255816 0.1322463768115942 0.007267441860465116 0.036231884057971016
4 0.501937984496124 0.15942028985507245 0.00872093023255814 0.057971014492753624
4 0.5111434108527132 0.14855072463768115 0.007751937984496124 0.050724637681159424
4 0.5230135658914729 0.18297101449275363 0.009205426356589148 0.057971014492753624
0 0.5213178294573644 0.1286231884057971 0.005813953488372093 0.03260869565217391
4 0.5455426356589147 0.14492753623188406 0.007751937984496124 0.04710144927536232
4 0.5784883720930233 0.1539855072463768 0.009689922480620155 0.05434782608695652
0 0.5750968992248062 0.11956521739130435 0.0048449612403100775 0.028985507246376812
0 0.6056201550387597 0.12047101449275362 0.006782945736434108 0.030797101449275364
4 0.6201550387596899 0.16304347826086957 0.011627906976744186 0.057971014492753624
0 0.6511627906976745 0.12318840579710146 0.006782945736434108 0.036231884057971016
4 0.6686046511627907 0.19202898550724637 0.011627906976744186 0.07246376811594203
0 0.6812015503875969 0.13043478260869565 0.007751937984496124 0.043478260869565216
0 0.7354651162790697 0.1431159420289855 0.007751937984496124 0.050724637681159424
0 0.7984496124031008 0.15579710144927536 0.011627906976744186 0.06521739130434782