0 0.303515625 0.6243055555555556 0.03828125 0.0875
0 0.327734375 0.5291666666666667 0.01953125 0.05277777777777778
0 0.34921875 0.4861111111111111 0.0140625 0.03611111111111111
0 0.359765625 0.45694444444444443 0.01015625 0.025
0 0.348046875 0.44375 0.00859375 0.020833333333333332
0 0.317578125 0.43194444444444446 0.00703125 0.019444444444444445
4 0.722265625 0.6458333333333334 0.03046875 0.075
4 0.49609375 0.46875 0.0078125 0.02361111111111111
0 0.2609375 0.4222222222222222 0.00625 0.019444444444444445
0 0.1734375 0.4152777777777778 0.0078125 0.019444444444444445
4 0.60390625 0.5493055555555556 0.0125 0.04027777777777778
4 0.547265625 0.5006944444444444 0.00859375 0.029166666666666667
4 0.468359375 0.4527777777777778 0.00703125 0.016666666666666666
4 0.42890625 0.4409722222222222 0.00625 0.015277777777777777
4 0.380859375 0.42916666666666664 0.00546875 0.013888888888888888
4 0.33046875 0.42083333333333334 0.0046875 0.013888888888888888
4 0.273828125 0.41388888888888886 0.00546875 0.013888888888888888
0 0.202734375 0.40625 0.00546875 0.0125
0 0.018359375 0.9465277777777777 0.03671875 0.10694444444444444
3 0.075390625 0.3888888888888889 0.00703125 0.016666666666666666