4 0.9229651162790697 0.11956521739130435 0.01065891472868217 0.050724637681159424
4 0.6191860465116279 0.14130434782608695 0.007751937984496124 0.043478260869565216
0 0.5198643410852714 0.16485507246376813 0.00872093023255814 0.04710144927536232
4 0.6325096899224806 0.161231884057971 0.008236434108527133 0.05434782608695652
0 0.4958817829457364 0.21739130434782608 0.014050387596899225 0.07608695652173914
4 0.653343023255814 0.19293478260869565 0.01308139534883721 0.06702898550724638
4 0.6775678294573644 0.2246376811594203 0.015019379844961241 0.08333333333333333
0 0.4590600775193798 0.3070652173913043 0.0188953488372093 0.1105072463768116
4 0.7240794573643411 0.3079710144927536 0.02374031007751938 0.11594202898550725
0 0.42102713178294576 0.421195652173913 0.02616279069767442 0.161231884057971
4 0.7984496124031008 0.4420289855072464 0.0377906976744186 0.18115942028985507
0 0.5271317829457365 0.14130434782608695 0.005813953488372093 0.043478260869565216
0 0.5314922480620154 0.12318840579710146 0.0048449612403100775 0.036231884057971016
0 0.5387596899224806 0.11231884057971014 0.003875968992248062 0.03260869565217391
4 0.6124031007751938 0.11775362318840579 0.0048449612403100775 0.03985507246376811
0 0.2374031007751938 0.8460144927536232 0.029069767441860465 0.213768115942029