4 0.8304263565891473 0.532608695652174 0.05135658914728682 0.21014492753623187
4 0.5886627906976745 0.36231884057971014 0.025193798449612403 0.13043478260869565
4 0.4932170542635659 0.31521739130434784 0.01937984496124031 0.10144927536231885
4 0.3502906976744186 0.2826086956521739 0.016472868217054265 0.08695652173913043
4 0.26744186046511625 0.2608695652173913 0.013565891472868217 0.07971014492753623
1 0.22674418604651161 0.2318840579710145 0.018410852713178296 0.10507246376811594
1 0.21656976744186046 0.2318840579710145 0.013565891472868217 0.10507246376811594
4 0.1821705426356589 0.2391304347826087 0.011627906976744186 0.06521739130434782
4 0.13517441860465115 0.2246376811594203 0.011627906976744186 0.050724637681159424
4 0.14534883720930233 0.20652173913043478 0.00872093023255814 0.043478260869565216
4 0.17635658914728683 0.18840579710144928 0.007751937984496124 0.036231884057971016
4 0.17054263565891473 0.18115942028985507 0.006782945736434108 0.036231884057971016
4 0.14680232558139536 0.1721014492753623 0.005813953488372093 0.03260869565217391
4 0.12257751937984496 0.17391304347826086 0.006782945736434108 0.028985507246376812
4 0.10271317829457365 0.17028985507246377 0.005813953488372093 0.028985507246376812
0 0.03439922480620155 0.20108695652173914 0.007751937984496124 0.03985507246376811
0 0.02131782945736434 0.21557971014492755 0.007751937984496124 0.043478260869565216
0 0.017926356589147287 0.19927536231884058 0.005813953488372093 0.036231884057971016
4 0.022286821705426358 0.17753623188405798 0.005813953488372093 0.028985507246376812
0 0.05329457364341085 0.44565217391304346 0.03488372093023256 0.14492753623188406
4 0.061046511627906974 0.17028985507246377 0.003875968992248062 0.025362318840579712
0 0.13565891472868216 0.552536231884058 0.04844961240310078 0.2028985507246377
0 0.16521317829457363 0.7934782608695652 0.06976744186046512 0.3333333333333333