2 0.9622395833333334 0.6555555555555556 0.07447916666666667 0.23333333333333334
2 0.6427083333333333 0.5425925925925926 0.041666666666666664 0.09259259259259259
4 0.6052083333333333 0.5361111111111111 0.034375 0.08333333333333333
2 0.4630208333333333 0.5768518518518518 0.07395833333333333 0.15
2 0.4864583333333333 0.5268518518518519 0.027083333333333334 0.07962962962962963
1 0.3729166666666667 0.4981481481481482 0.04791666666666667 0.1111111111111111
1 0.334375 0.4962962962962963 0.041666666666666664 0.10740740740740741
0 0.32864583333333336 0.575925925925926 0.08020833333333334 0.15185185185185185
2 0.27708333333333335 0.5111111111111111 0.03125 0.06666666666666667
2 0.225 0.5518518518518518 0.06666666666666667 0.1259259259259259
2 0.0578125 0.6087962962962963 0.115625 0.22314814814814815