0 0.9418604651162791 0.18115942028985507 0.013565891472868217 0.057971014492753624
0 0.9815891472868217 0.16666666666666666 0.013565891472868217 0.057971014492753624
0 0.873062015503876 0.20652173913043478 0.015503875968992248 0.07246376811594203
0 0.7097868217054264 0.2391304347826087 0.016472868217054265 0.07971014492753623
0 0.7897286821705426 0.2210144927536232 0.01744186046511628 0.07971014492753623
0 0.6283914728682171 0.27898550724637683 0.018410852713178296 0.09057971014492754
0 0.5668604651162791 0.3242753623188406 0.023255813953488372 0.11231884057971014
4 0.9874031007751938 0.35144927536231885 0.020348837209302327 0.13768115942028986
0 0.47093023255813954 0.45108695652173914 0.03294573643410853 0.16304347826086957
4 0.9578488372093024 0.5217391304347826 0.04748062015503876 0.2028985507246377
0 0.27834302325581395 0.7418478260869565 0.029554263565891473 0.20108695652173914