4 0.54296875 0.5819444444444445 0.0171875 0.041666666666666664
4 0.425 0.6284722222222222 0.0265625 0.059722222222222225
4 0.747265625 0.725 0.05703125 0.1111111111111111
0 0.364453125 0.5805555555555556 0.01328125 0.03333333333333333
0 0.1421875 0.6361111111111111 0.0203125 0.05
0 0.0109375 0.7152777777777778 0.021875 0.08333333333333333
0 0.133203125 0.8243055555555555 0.07109375 0.14305555555555555
4 0.5765625 0.5583333333333333 0.0125 0.03333333333333333
0 0.440625 0.5583333333333333 0.0125 0.027777777777777776
4 0.600390625 0.5423611111111111 0.01015625 0.02638888888888889
4 0.5625 0.5333333333333333 0.0078125 0.022222222222222223
0 0.476953125 0.5451388888888888 0.00859375 0.02361111111111111
0 0.4703125 0.5395833333333333 0.00625 0.018055555555555554
0 0.321875 0.5381944444444444 0.00625 0.018055555555555554
0 0.2796875 0.5361111111111111 0.00625 0.016666666666666666
0 0.231640625 0.5361111111111111 0.00546875 0.013888888888888888
0 0.17890625 0.5340277777777778 0.0046875 0.0125
0 0.1546875 0.5326388888888889 0.0046875 0.0125
0 0.11953125 0.5319444444444444 0.0046875 0.011111111111111112
0 0.0765625 0.5347222222222222 0.0046875 0.011111111111111112
4 0.465625 0.53125 0.00625 0.018055555555555554
4 0.40703125 0.5305555555555556 0.0078125 0.016666666666666666
4 0.3640625 0.5305555555555556 0.00625 0.016666666666666666
4 0.31015625 0.5305555555555556 0.00625 0.016666666666666666
4 0.255859375 0.5305555555555556 0.00703125 0.013888888888888888
4 0.2140625 0.5298611111111111 0.0046875 0.0125
4 0.159375 0.5291666666666667 0.0046875 0.011111111111111112
4 0.092578125 0.5326388888888889 0.00546875 0.0125
4 0.03046875 0.5347222222222222 0.0046875 0.011111111111111112
0 0.3875 0.5402777777777777 0.0078125 0.019444444444444445