4 0.7416666666666667 0.5808823529411765 0.03333333333333333 0.06801470588235294
4 0.6322916666666667 0.5248161764705882 0.016666666666666666 0.04044117647058824
0 0.1984375 0.6167279411764706 0.03125 0.06433823529411764
0 0.3190104166666667 0.5431985294117647 0.018229166666666668 0.03860294117647059
2 0.35546875 0.5211397058823529 0.0140625 0.03125
2 0.37161458333333336 0.5009191176470589 0.008854166666666666 0.02389705882352941
2 0.39947916666666666 0.48253676470588236 0.007291666666666667 0.02022058823529412
2 0.41901041666666666 0.47380514705882354 0.0067708333333333336 0.015625
2 0.5377604166666666 0.4719669117647059 0.0067708333333333336 0.015625
2 0.5510416666666667 0.4820772058823529 0.007291666666666667 0.019301470588235295
2 0.57734375 0.4967830882352941 0.009895833333333333 0.02297794117647059
2 0.5958333333333333 0.5101102941176471 0.0125 0.03125