0 0.9965277777777778 0.34444444444444444 0.005555555555555556 0.014814814814814815
0 0.8614583333333333 0.34814814814814815 0.009027777777777777 0.014814814814814815
4 0.8961805555555555 0.35185185185185186 0.010416666666666666 0.016666666666666666
0 0.7368055555555556 0.3523148148148148 0.008333333333333333 0.013888888888888888
4 0.7572916666666667 0.3560185185185185 0.009027777777777777 0.01574074074074074
0 0.5940972222222223 0.35694444444444445 0.007638888888888889 0.013888888888888888
4 0.6027777777777777 0.3611111111111111 0.008333333333333333 0.016666666666666666
0 0.45625 0.3625 0.008333333333333333 0.013888888888888888
4 0.44375 0.36527777777777776 0.009722222222222222 0.017592592592592594
0 0.315625 0.36666666666666664 0.009027777777777777 0.014814814814814815
4 0.275 0.3712962962962963 0.009722222222222222 0.016666666666666666
0 0.1857638888888889 0.3712962962962963 0.009027777777777777 0.014814814814814815
0 0.05416666666666667 0.37546296296296294 0.008333333333333333 0.013888888888888888
4 0.13854166666666667 0.37592592592592594 0.010416666666666666 0.016666666666666666
4 0.01423611111111111 0.4444444444444444 0.027083333333333334 0.044444444444444446
4 0.15520833333333334 0.475462962962963 0.03125 0.058333333333333334
4 0.346875 0.5513888888888889 0.050694444444444445 0.09537037037037037