0 0.981640625 0.4583333333333333 0.01171875 0.019444444444444445
0 0.9015625 0.45902777777777776 0.0125 0.02361111111111111
0 0.846484375 0.4625 0.01171875 0.025
2 0.784765625 0.4666666666666667 0.01328125 0.025
2 0.7984375 0.46805555555555556 0.009375 0.025
2 0.809765625 0.4673611111111111 0.01015625 0.02638888888888889
0 0.730078125 0.48194444444444445 0.01640625 0.030555555555555555
0 0.62578125 0.4965277777777778 0.01875 0.0375
4 0.995703125 0.49722222222222223 0.00859375 0.03611111111111111
4 0.983203125 0.5090277777777777 0.02421875 0.04861111111111111
0 0.533203125 0.51875 0.01953125 0.04583333333333333
4 0.95 0.5305555555555556 0.0328125 0.058333333333333334
0 0.4 0.5618055555555556 0.028125 0.06527777777777778
4 0.925390625 0.5722222222222222 0.03828125 0.07777777777777778
4 0.951171875 0.6465277777777778 0.05703125 0.11527777777777778
0 0.125390625 0.6930555555555555 0.06015625 0.13055555555555556