4 0.4756944444444444 0.31805555555555554 0.011111111111111112 0.026851851851851852
0 0.23125 0.3143518518518518 0.013888888888888888 0.023148148148148147
0 0.8385416666666666 0.3037037037037037 0.011805555555555555 0.020370370370370372
4 0.8822916666666667 0.3138888888888889 0.01597222222222222 0.024074074074074074
0 0.14270833333333333 0.325 0.01597222222222222 0.027777777777777776
4 0.4673611111111111 0.34120370370370373 0.019444444444444445 0.03611111111111111
0 0.08958333333333333 0.3439814814814815 0.020833333333333332 0.03611111111111111
0 0.03854166666666667 0.3699074074074074 0.03125 0.04722222222222222
4 0.5190972222222222 0.37824074074074077 0.03263888888888889 0.05092592592592592
0 0.03159722222222222 0.42592592592592593 0.04791666666666667 0.07592592592592592
4 0.90625 0.5259259259259259 0.08194444444444444 0.11851851851851852
0 0.36875 0.3060185185185185 0.011111111111111112 0.019444444444444445
0 0.5059027777777778 0.30185185185185187 0.010416666666666666 0.018518518518518517
0 0.6604166666666667 0.300462962962963 0.009722222222222222 0.017592592592592594
4 0.6600694444444445 0.3111111111111111 0.013194444444444444 0.024074074074074074
4 0.6579861111111112 0.42268518518518516 0.03958333333333333 0.06759259259259259