0 0.05357142857142857 0.5581818181818182 0.009183673469387756 0.02909090909090909
4 0.02193877551020408 0.5881818181818181 0.04387755102040816 0.08545454545454545
4 0.1413265306122449 0.5636363636363636 0.013265306122448979 0.02909090909090909
4 0.288265306122449 0.5645454545454546 0.011224489795918367 0.02727272727272727
0 0.2510204081632653 0.5636363636363636 0.00816326530612245 0.02181818181818182
0 0.42397959183673467 0.5618181818181818 0.00510204081632653 0.01818181818181818
4 0.42857142857142855 0.5672727272727273 0.01020408163265306 0.025454545454545455
0 0.5954081632653061 0.5690909090909091 0.009183673469387756 0.02181818181818182
2 0.43979591836734694 0.5763636363636364 0.018367346938775512 0.04
4 0.5653061224489796 0.5709090909090909 0.012244897959183673 0.025454545454545455
0 0.7561224489795918 0.5681818181818182 0.00816326530612245 0.02
0 0.7693877551020408 0.5736363636363636 0.01020408163265306 0.02727272727272727
2 0.6903061224489796 0.5681818181818182 0.007142857142857143 0.016363636363636365
4 0.7 0.5745454545454546 0.012244897959183673 0.02909090909090909
4 0.7137755102040816 0.5681818181818182 0.007142857142857143 0.016363636363636365
4 0.8326530612244898 0.5790909090909091 0.014285714285714285 0.03090909090909091
0 0.9505102040816327 0.5836363636363636 0.009183673469387756 0.025454545454545455
4 0.9545918367346938 0.5945454545454546 0.019387755102040816 0.04
4 0.4775510204081633 0.6236363636363637 0.03877551020408163 0.09454545454545454
4 0.8806122448979592 0.639090909090909 0.036734693877551024 0.08181818181818182
0 0.5551020408163265 0.7554545454545455 0.0836734693877551 0.20545454545454545