0 0.76875 0.4395833333333333 0.0078125 0.018055555555555554
0 0.7234375 0.44027777777777777 0.0078125 0.016666666666666666
1 0.0671875 0.48680555555555555 0.0265625 0.0625
0 0.600390625 0.4444444444444444 0.00703125 0.016666666666666666
1 0.158984375 0.4527777777777778 0.02109375 0.03888888888888889
0 0.6734375 0.4423611111111111 0.0078125 0.018055555555555554
1 0.040234375 0.49027777777777776 0.02734375 0.06111111111111111
0 0.515234375 0.4486111111111111 0.01015625 0.019444444444444445
4 0.74765625 0.4527777777777778 0.0109375 0.022222222222222223
4 0.7125 0.4652777777777778 0.0109375 0.025
0 0.9953125 0.4486111111111111 0.009375 0.019444444444444445
0 0.408984375 0.4479166666666667 0.01015625 0.02361111111111111
4 0.95234375 0.4527777777777778 0.0109375 0.019444444444444445
4 0.8109375 0.4486111111111111 0.0109375 0.022222222222222223
0 0.29921875 0.4534722222222222 0.0109375 0.02361111111111111
4 0.603515625 0.47638888888888886 0.01328125 0.030555555555555555
4 0.465625 0.48333333333333334 0.015625 0.03611111111111111
4 0.265234375 0.4909722222222222 0.01796875 0.0375
4 0.158203125 0.5513888888888889 0.03203125 0.06388888888888888
4 0.42578125 0.56875 0.0296875 0.07083333333333333
4 0.612109375 0.6118055555555556 0.03828125 0.0875
4 0.9015625 0.7506944444444444 0.0703125 0.14027777777777778
4 0.860546875 0.4465277777777778 0.00859375 0.018055555555555554
0 0.923046875 0.44375 0.00703125 0.015277777777777777
0 0.858203125 0.44027777777777777 0.00546875 0.013888888888888888
0 0.810546875 0.4388888888888889 0.00546875 0.011111111111111112