4 0.74375 0.4798611111111111 0.0125 0.02638888888888889
0 0.74140625 0.4527777777777778 0.00625 0.016666666666666666
0 0.66640625 0.4527777777777778 0.0078125 0.016666666666666666
0 0.63515625 0.4576388888888889 0.009375 0.020833333333333332
0 0.7015625 0.45208333333333334 0.0078125 0.018055555555555554
0 0.575390625 0.47708333333333336 0.01328125 0.029166666666666667
0 0.94609375 0.4736111111111111 0.0078125 0.019444444444444445
4 0.7359375 0.5138888888888888 0.021875 0.03888888888888889
0 0.5015625 0.5041666666666667 0.021875 0.041666666666666664
0 0.37265625 0.5763888888888888 0.0359375 0.07222222222222222
4 0.7640625 0.6138888888888889 0.04375 0.07777777777777778
0 0.03359375 0.8527777777777777 0.0671875 0.18333333333333332
0 0.82734375 0.4618055555555556 0.0109375 0.018055555555555554
4 0.833984375 0.4791666666666667 0.01171875 0.022222222222222223