0 0.25677083333333334 0.3851851851851852 0.011458333333333333 0.02962962962962963
0 0.203125 0.4935185185185185 0.025 0.05740740740740741
4 0.5015625 0.43472222222222223 0.022916666666666665 0.05648148148148148
4 0.40963541666666664 0.36064814814814816 0.013020833333333334 0.030555555555555555
4 0.38177083333333334 0.3351851851851852 0.007291666666666667 0.018518518518518517
4 0.36614583333333334 0.32037037037037036 0.00625 0.014814814814814815
0 0.28020833333333334 0.34814814814814815 0.008333333333333333 0.020370370370370372
0 0.2869791666666667 0.33240740740740743 0.00625 0.016666666666666666
4 0.35260416666666666 0.31296296296296294 0.00625 0.011111111111111112
4 0.3484375 0.30833333333333335 0.005208333333333333 0.009259259259259259
4 0.34375 0.3037037037037037 0.004166666666666667 0.009259259259259259
0 0.2921875 0.32314814814814813 0.005208333333333333 0.012962962962962963
4 0.3494791666666667 0.3101851851851852 0.005208333333333333 0.011111111111111112
4 0.33958333333333335 0.29907407407407405 0.004166666666666667 0.009259259259259259