4 0.7955729166666666 0.5861111111111111 0.030729166666666665 0.08148148148148149
4 0.7869791666666667 0.45092592592592595 0.017708333333333333 0.04259259259259259
0 0.5713541666666667 0.41574074074074074 0.015625 0.040740740740740744
0 0.459375 0.4810185185185185 0.025 0.06388888888888888
0 0.6572916666666667 0.387037037037037 0.009375 0.025925925925925925
4 0.8848958333333333 0.4351851851851852 0.011458333333333333 0.025925925925925925
0 0.1125 0.37592592592592594 0.014583333333333334 0.037037037037037035
0 0.5723958333333333 0.3490740740740741 0.00625 0.020370370370370372
4 0.878125 0.4203703703703704 0.008333333333333333 0.020370370370370372
0 0.7541666666666667 0.3851851851851852 0.008333333333333333 0.020370370370370372
4 0.78046875 0.48842592592592593 0.0203125 0.05092592592592592
0 0.7052083333333333 0.3712962962962963 0.008333333333333333 0.020370370370370372
4 0.08229166666666667 0.35462962962962963 0.0125 0.03148148148148148
0 0.6260416666666667 0.3990740740740741 0.0125 0.03148148148148148
0 0.38958333333333334 0.35185185185185186 0.010416666666666666 0.025925925925925925
0 0.7177083333333333 0.387037037037037 0.009375 0.022222222222222223
4 0.7947916666666667 0.4361111111111111 0.0125 0.03148148148148148
0 0.765625 0.38981481481481484 0.00625 0.020370370370370372
4 0.8416666666666667 0.43796296296296294 0.010416666666666666 0.02962962962962963
0 0.53125 0.34814814814814815 0.008333333333333333 0.020370370370370372
4 0.3145833333333333 0.3351851851851852 0.010416666666666666 0.025925925925925925
4 0.8270833333333333 0.3962962962962963 0.00625 0.018518518518518517
4 0.4552083333333333 0.33240740740740743 0.009375 0.020370370370370372
4 0.7208333333333333 0.36666666666666664 0.00625 0.018518518518518517
4 0.5427083333333333 0.337037037037037 0.00625 0.016666666666666666
0 0.6359375 0.35833333333333334 0.00625 0.020370370370370372
0 0.128125 0.8240740740740741 0.078125 0.18703703703703703
0 0.7578125 0.39166666666666666 0.009375 0.022222222222222223