2 0.5364583333333334 0.513425925925926 0.008333333333333333 0.019444444444444445
4 0.7869791666666667 0.7097222222222223 0.06979166666666667 0.12685185185185185
4 0.65390625 0.5606481481481481 0.0203125 0.04351851851851852
4 0.7411458333333333 0.5361111111111111 0.007291666666666667 0.016666666666666666
4 0.7130208333333333 0.5388888888888889 0.009375 0.020370370370370372
2 0.6171875 0.5194444444444445 0.00625 0.012962962962962963
4 0.79375 0.5398148148148149 0.00625 0.011111111111111112
4 0.671875 0.5425925925925926 0.014583333333333334 0.025925925925925925
4 0.7625 0.5361111111111111 0.00625 0.012962962962962963
4 0.90625 0.5537037037037037 0.00625 0.011111111111111112
4 0.8544270833333333 0.5462962962962963 0.0067708333333333336 0.012962962962962963
2 0.8796875 0.5453703703703704 0.005208333333333333 0.009259259259259259
2 0.6671875 0.5194444444444445 0.00625 0.012962962962962963
2 0.7026041666666667 0.5217592592592593 0.005208333333333333 0.010185185185185186
2 0.6630208333333333 0.5138888888888888 0.005208333333333333 0.011111111111111112
2 0.8223958333333333 0.5370370370370371 0.00625 0.011111111111111112
4 0.6716145833333333 0.5125 0.0026041666666666665 0.012037037037037037
2 0.7518229166666667 0.5273148148148148 0.0046875 0.010185185185185186