2 0.5052083333333334 0.5534722222222223 0.008333333333333333 0.016666666666666666
2 0.6963541666666667 0.5538194444444444 0.008333333333333333 0.017361111111111112
2 0.9625 0.5420138888888889 0.00625 0.01597222222222222
2 0.878125 0.5458333333333333 0.008333333333333333 0.016666666666666666
2 0.6486979166666667 0.5736111111111111 0.015104166666666667 0.03194444444444444
2 0.8466145833333333 0.5409722222222222 0.0046875 0.0125
2 0.8322916666666667 0.6118055555555556 0.03229166666666667 0.06527777777777778
2 0.921875 0.5381944444444444 0.00625 0.0125
2 0.78984375 0.5506944444444445 0.005729166666666666 0.016666666666666666
2 0.6395833333333333 0.5600694444444444 0.009375 0.021527777777777778
2 0.5690104166666666 0.5503472222222222 0.005729166666666666 0.013194444444444444
2 0.7158854166666667 0.5465277777777777 0.0036458333333333334 0.0125
2 0.9921875 0.5333333333333333 0.00625 0.0125
2 0.6364583333333333 0.5486111111111112 0.00625 0.013888888888888888
2 0.4375 0.5586805555555555 0.010416666666666666 0.021527777777777778
2 0.78515625 0.54375 0.0046875 0.0125
2 0.39401041666666664 0.5579861111111111 0.0046875 0.013194444444444444