4 0.703125 0.5407407407407407 0.008333333333333333 0.022222222222222223
4 0.66796875 0.5361111111111111 0.0078125 0.025925925925925925
4 0.5666666666666667 0.5138888888888888 0.00625 0.020370370370370372
4 0.6036458333333333 0.524074074074074 0.007291666666666667 0.022222222222222223
4 0.5536458333333333 0.5064814814814815 0.00625 0.016666666666666666
4 0.30885416666666665 0.48194444444444445 0.010416666666666666 0.032407407407407406
4 0.6916666666666667 0.524074074074074 0.004166666666666667 0.014814814814814815
4 0.6473958333333333 0.5101851851851852 0.005208333333333333 0.012962962962962963
4 0.6739583333333333 0.5185185185185185 0.00625 0.014814814814814815
4 0.6604166666666667 0.5148148148148148 0.004166666666666667 0.014814814814814815
4 0.6203125 0.5055555555555555 0.005208333333333333 0.011111111111111112
4 0.32734375 0.4847222222222222 0.008854166666666666 0.03425925925925926
4 0.5927083333333333 0.5018518518518519 0.004166666666666667 0.011111111111111112
4 0.7078125 0.5305555555555556 0.00625 0.016666666666666666
2 0.8739583333333333 0.562037037037037 0.008333333333333333 0.020370370370370372
4 0.5614583333333333 0.49907407407407406 0.004166666666666667 0.012962962962962963
4 0.5427083333333333 0.48703703703703705 0.003125 0.014814814814814815
4 0.5489583333333333 0.5 0.004166666666666667 0.016666666666666666
4 0.5947916666666667 0.4981481481481482 0.003125 0.011111111111111112
2 0.46770833333333334 0.4759259259259259 0.003125 0.011111111111111112
4 0.6135416666666667 0.4962962962962963 0.003125 0.009259259259259259
2 0.8213541666666667 0.5481481481481482 0.00625 0.018518518518518517
4 0.609375 0.49907407407407406 0.004166666666666667 0.009259259259259259
2 0.31484375 0.48657407407407405 0.0109375 0.03611111111111111