2 0.5700520833333333 0.5087962962962963 0.008854166666666666 0.025
4 0.41510416666666666 0.5074074074074074 0.009375 0.025925925925925925
2 0.6268229166666667 0.5416666666666666 0.016145833333333335 0.04259259259259259
4 0.35494791666666664 0.5208333333333334 0.011979166666666667 0.03425925925925926
2 0.8567708333333334 0.624537037037037 0.040625 0.08981481481481482
2 0.53046875 0.5208333333333334 0.011979166666666667 0.032407407407407406
2 0.5911458333333334 0.5 0.00625 0.018518518518518517
4 0.49166666666666664 0.4935185185185185 0.005208333333333333 0.016666666666666666
4 0.4739583333333333 0.5 0.00625 0.018518518518518517
4 0.50859375 0.487962962962963 0.0036458333333333334 0.014814814814814815
4 0.35182291666666665 0.5398148148148149 0.0067708333333333336 0.018518518518518517
2 0.6013020833333333 0.48935185185185187 0.0036458333333333334 0.01574074074074074
2 0.5963541666666666 0.49398148148148147 0.004166666666666667 0.017592592592592594
2 0.5880208333333333 0.4847222222222222 0.003125 0.012037037037037037
2 0.5744791666666667 0.48148148148148145 0.0020833333333333333 0.011111111111111112
2 0.5721354166666667 0.4787037037037037 0.0026041666666666665 0.011111111111111112
4 0.5083333333333333 0.4824074074074074 0.0020833333333333333 0.011111111111111112
4 0.5122395833333333 0.4777777777777778 0.0015625 0.007407407407407408
4 0.5104166666666666 0.475462962962963 0.0020833333333333333 0.006481481481481481
4 0.5088541666666667 0.4740740740740741 0.0010416666666666667 0.007407407407407408