4 0.1671875 0.4537037037037037 0.023958333333333335 0.06111111111111111
4 0.6729166666666667 0.47962962962962963 0.008333333333333333 0.014814814814814815
4 0.7708333333333334 0.5055555555555555 0.008333333333333333 0.014814814814814815
4 0.8604166666666667 0.5333333333333333 0.010416666666666666 0.014814814814814815
4 0.6153645833333333 0.4837962962962963 0.011979166666666667 0.025
4 0.9822916666666667 0.5731481481481482 0.010416666666666666 0.014814814814814815
4 0.6736979166666667 0.5481481481481482 0.013020833333333334 0.04259259259259259
4 0.7666666666666667 0.49722222222222223 0.008333333333333333 0.012962962962962963
4 0.5645833333333333 0.4444444444444444 0.00625 0.011111111111111112
4 0.6463541666666667 0.4638888888888889 0.00625 0.011111111111111112
4 0.9375 0.5527777777777778 0.008333333333333333 0.012962962962962963
4 0.6140625 0.4708333333333333 0.010416666666666666 0.019444444444444445
4 0.26796875 0.36944444444444446 0.0046875 0.007407407407407408