4 0.2989583333333333 0.5282407407407408 0.01875 0.041666666666666664
4 0.42526041666666664 0.4935185185185185 0.008854166666666666 0.020370370370370372
4 0.23932291666666666 0.5222222222222223 0.0171875 0.03518518518518519
2 0.2716145833333333 0.49212962962962964 0.008854166666666666 0.021296296296296296
2 0.4544270833333333 0.5087962962962963 0.013020833333333334 0.028703703703703703
2 0.29791666666666666 0.4888888888888889 0.008333333333333333 0.018518518518518517
2 0.40182291666666664 0.5032407407407408 0.011979166666666667 0.026851851851851852
2 0.5752604166666667 0.5268518518518519 0.016145833333333335 0.03518518518518519
2 0.33697916666666666 0.4824074074074074 0.005208333333333333 0.012962962962962963
2 0.32109375 0.48333333333333334 0.005729166666666666 0.014814814814814815
4 0.4505208333333333 0.48935185185185187 0.007291666666666667 0.01574074074074074
2 0.7921875 0.5277777777777778 0.0125 0.025925925925925925
2 0.7690104166666667 0.5981481481481481 0.0296875 0.06666666666666667
2 0.36640625 0.5 0.0109375 0.024074074074074074
2 0.22760416666666666 0.4935185185185185 0.009375 0.024074074074074074
4 0.6166666666666667 0.5064814814814815 0.008333333333333333 0.022222222222222223
2 0.38229166666666664 0.4810185185185185 0.007291666666666667 0.013888888888888888
2 0.3026041666666667 0.48703703703703705 0.007291666666666667 0.018518518518518517
4 0.4359375 0.47962962962962963 0.005208333333333333 0.014814814814814815
4 0.5966145833333333 0.5027777777777778 0.008854166666666666 0.022222222222222223
2 0.49114583333333334 0.48518518518518516 0.007291666666666667 0.014814814814814815
2 0.26145833333333335 0.4703703703703704 0.004166666666666667 0.011111111111111112
2 0.23020833333333332 0.49074074074074076 0.008333333333333333 0.022222222222222223
2 0.234375 0.47314814814814815 0.003125 0.009259259259259259
2 0.2421875 0.4722222222222222 0.003125 0.011111111111111112
4 0.4088541666666667 0.4773148148148148 0.004166666666666667 0.012037037037037037
4 0.45989583333333334 0.48564814814814816 0.00625 0.01574074074074074
2 0.23020833333333332 0.4759259259259259 0.003125 0.014814814814814815
4 0.3703125 0.5356481481481481 0.007291666666666667 0.019444444444444445
4 0.8466145833333333 0.5370370370370371 0.011979166666666667 0.02962962962962963
2 0.23854166666666668 0.49537037037037035 0.011458333333333333 0.011111111111111112
4 0.40546875 0.4773148148148148 0.0046875 0.012037037037037037
2 0.6223958333333334 0.5060185185185185 0.005208333333333333 0.023148148148148147
4 0.5619791666666667 0.4986111111111111 0.009375 0.025