2 0.5375 0.5351851851851852 0.016666666666666666 0.040740740740740744
2 0.45625 0.5148148148148148 0.014583333333333334 0.03333333333333333
2 0.6661458333333333 0.6129629629629629 0.028125 0.07407407407407407
2 0.26588541666666665 0.4875 0.008854166666666666 0.023148148148148147
2 0.6208333333333333 0.5671296296296297 0.022916666666666665 0.049074074074074076
2 0.36822916666666666 0.5009259259259259 0.010416666666666666 0.025925925925925925
4 0.6067708333333334 0.5050925925925925 0.00625 0.019444444444444445
2 0.8661458333333333 0.775 0.065625 0.15
2 0.5927083333333333 0.49907407407407406 0.004166666666666667 0.012962962962962963
2 0.4752604166666667 0.49027777777777776 0.005729166666666666 0.017592592592592594
2 0.5421875 0.49722222222222223 0.007291666666666667 0.012962962962962963
2 0.2390625 0.4740740740740741 0.003125 0.011111111111111112
2 0.28125 0.47685185185185186 0.004166666666666667 0.012962962962962963
4 0.5802083333333333 0.4981481481481482 0.004166666666666667 0.011111111111111112
2 0.4140625 0.48703703703703705 0.00625 0.011111111111111112
4 0.5125 0.4925925925925926 0.00625 0.011111111111111112
2 0.3502604166666667 0.48009259259259257 0.0046875 0.017592592592592594
4 0.5510416666666667 0.4962962962962963 0.004166666666666667 0.011111111111111112
4 0.42604166666666665 0.48703703703703705 0.003125 0.011111111111111112
4 0.6049479166666667 0.5023148148148148 0.005729166666666666 0.019444444444444445
4 0.378125 0.48194444444444445 0.004166666666666667 0.013888888888888888